

----------------------------------------------------
STRUCTURE by Pritchard, Stephens and Donnelly (2000)
     and Falush, Stephens and Pritchard (2003)
       Code by Pritchard, Falush and Hubisz
             Version 2.3.4 (Jul 2012)
----------------------------------------------------



Command line arguments:   bin/structure -m "/Users/ddayan/FRA/premature_migration/Rogue_Half-Pounder/half-pounder/structure/halfpounder_2021/10k_20k_adm_corr/mainparams" -e "/Users/ddayan/FRA/premature_migration/Rogue_Half-Pounder/half-pounder/structure/halfpounder_2021/10k_20k_adm_corr/extraparams" 
Input File:    /Users/ddayan/FRA/premature_migration/Rogue_Half-Pounder/half-pounder/structure/halfpounder_2021/project_data

Run parameters:
   1000 individuals
   328 loci
   5 populations assumed
   10000 Burn-in period
   20000 Reps


--------------------------------------------
Proportion of membership of each pre-defined
 population in each of the 5 clusters

Given    Inferred Clusters                     Number of
 Pop       1      2      3      4      5      Individuals

  1:     0.214  0.170  0.200  0.205  0.212      275
  2:     0.209  0.190  0.206  0.194  0.201      643
  3:     0.072  0.687  0.086  0.049  0.106       42
  4:     0.261  0.086  0.322  0.057  0.275       40
--------------------------------------------

Allele-freq. divergence among pops (Net nucleotide distance),
computed using point estimates of P.

      1       2       3       4       5      
 1      -    0.0037  0.0012  0.0089  0.0009  
 2   0.0037     -    0.0039  0.0113  0.0030  
 3   0.0012  0.0039     -    0.0087  0.0009  
 4   0.0089  0.0113  0.0087     -    0.0083  
 5   0.0009  0.0030  0.0009  0.0083     -    

Average distances (expected heterozygosity) between individuals in same cluster:
cluster  1  : 0.2910 
cluster  2  : 0.2869 
cluster  3  : 0.2926 
cluster  4  : 0.2601 
cluster  5  : 0.2930 

--------------------------------------------
Estimated Ln Prob of Data   = -285741.6
Mean value of ln likelihood = -283612.9
Variance of ln likelihood   = 4257.4
Mean value of alpha         = 0.2106

Mean value of Fst_1         = 0.0123
Mean value of Fst_2         = 0.0257
Mean value of Fst_3         = 0.0135
Mean value of Fst_4         = 0.0739
Mean value of Fst_5         = 0.0095


Inferred ancestry of individuals:
        Label (%Miss) Pop:  Inferred clusters
  1 OmyAC19ROGR    (0)    1 :  0.389 0.268 0.103 0.016 0.224 
  2 OmyAC19ROGR    (0)    1 :  0.146 0.183 0.066 0.078 0.527 
  3 OmyAC19ROGR    (0)    1 :  0.255 0.227 0.072 0.076 0.370 
  4 OmyAC19ROGR    (0)    1 :  0.385 0.135 0.305 0.023 0.151 
  5 OmyAC19ROGR    (1)    1 :  0.014 0.012 0.014 0.938 0.022 
  6 OmyAC19ROGR    (0)    1 :  0.538 0.050 0.079 0.163 0.170 
  7 OmyAC19ROGR    (0)    1 :  0.142 0.119 0.386 0.203 0.150 
  8 OmyAC19ROGR    (0)    1 :  0.123 0.182 0.246 0.019 0.431 
  9 OmyAC19ROGR    (0)    1 :  0.255 0.204 0.064 0.263 0.215 
 10 OmyAC19ROGR    (0)    1 :  0.073 0.168 0.100 0.454 0.205 
 11 OmyAC19ROGR    (0)    1 :  0.516 0.139 0.227 0.056 0.061 
 12 OmyAC19ROGR    (0)    1 :  0.469 0.064 0.161 0.102 0.203 
 13 OmyAC19ROGR    (0)    1 :  0.070 0.116 0.495 0.032 0.288 
 14 OmyAC19ROGR    (0)    1 :  0.126 0.030 0.302 0.474 0.068 
 15 OmyAC19ROGR    (0)    1 :  0.094 0.046 0.361 0.424 0.074 
 16 OmyAC19ROGR    (0)    1 :  0.257 0.162 0.300 0.091 0.190 
 17 OmyAC19ROGR    (0)    1 :  0.233 0.019 0.241 0.088 0.418 
 18 OmyAC19ROGR    (2)    1 :  0.087 0.227 0.189 0.026 0.471 
 19 OmyAC19ROGR    (1)    1 :  0.068 0.131 0.420 0.053 0.328 
 20 OmyAC19ROGR    (0)    1 :  0.352 0.036 0.255 0.244 0.114 
 21 OmyAC19ROGR    (1)    1 :  0.121 0.120 0.220 0.246 0.293 
 22 OmyAC19ROGR    (0)    1 :  0.163 0.311 0.188 0.081 0.257 
 23 OmyAC19ROGR    (0)    1 :  0.206 0.117 0.085 0.259 0.333 
 24 OmyAC19ROGR    (0)    1 :  0.084 0.797 0.041 0.017 0.061 
 25 OmyAC19ROGR    (0)    1 :  0.136 0.082 0.301 0.228 0.252 
 26 OmyAC19ROGR    (0)    1 :  0.094 0.232 0.110 0.087 0.477 
 27 OmyAC19ROGR    (1)    1 :  0.286 0.059 0.467 0.059 0.129 
 28 OmyAC19ROGR    (0)    1 :  0.043 0.856 0.031 0.028 0.042 
 29 OmyAC19ROGR    (0)    1 :  0.278 0.111 0.184 0.066 0.361 
 30 OmyAC19ROGR    (0)    1 :  0.060 0.061 0.056 0.695 0.127 
 31 OmyAC19ROGR    (0)    1 :  0.439 0.115 0.184 0.047 0.214 
 32 OmyAC19ROGR    (0)    1 :  0.143 0.230 0.194 0.146 0.287 
 33 OmyAC19ROGR    (1)    1 :  0.248 0.315 0.157 0.098 0.183 
 34 OmyAC19ROGR    (0)    1 :  0.065 0.068 0.248 0.522 0.097 
 35 OmyAC19ROGR    (0)    1 :  0.142 0.342 0.152 0.076 0.288 
 36 OmyAC19ROGR    (0)    1 :  0.235 0.108 0.193 0.145 0.319 
 37 OmyAC19ROGR    (0)    1 :  0.055 0.671 0.083 0.101 0.091 
 38 OmyAC19ROGR    (0)    1 :  0.062 0.378 0.071 0.422 0.067 
 39 OmyAC19ROGR    (0)    1 :  0.087 0.045 0.130 0.065 0.672 
 40 OmyAC19ROGR    (0)    1 :  0.206 0.044 0.215 0.355 0.181 
 41 OmyAC19ROGR    (1)    1 :  0.299 0.087 0.394 0.043 0.177 
 42 OmyAC19ROGR    (0)    1 :  0.058 0.026 0.047 0.812 0.057 
 43 OmyAC19ROGR    (0)    1 :  0.328 0.158 0.100 0.044 0.370 
 44 OmyAC19ROGR    (6)    1 :  0.398 0.120 0.073 0.037 0.372 
 45 OmyAC19ROGR    (1)    1 :  0.180 0.311 0.072 0.333 0.104 
 46 OmyAC19ROGR    (0)    1 :  0.087 0.420 0.137 0.077 0.279 
 47 OmyAC19ROGR    (0)    1 :  0.084 0.724 0.066 0.061 0.066 
 48 OmyAC19ROGR    (0)    1 :  0.299 0.137 0.104 0.045 0.415 
 49 OmyAC19ROGR    (0)    1 :  0.359 0.271 0.152 0.038 0.180 
 50 OmyAC19ROGR    (0)    1 :  0.211 0.025 0.542 0.024 0.199 
 51 OmyAC19ROGR    (2)    1 :  0.079 0.053 0.080 0.742 0.045 
 52 OmyAC19ROGR    (0)    1 :  0.031 0.034 0.031 0.866 0.038 
 53 OmyAC19ROGR    (1)    1 :  0.092 0.733 0.052 0.036 0.088 
 54 OmyAC19ROGR    (0)    1 :  0.111 0.514 0.111 0.076 0.189 
 55 OmyAC19ROGR    (3)    1 :  0.195 0.063 0.237 0.079 0.426 
 56 OmyAC19ROGR    (0)    1 :  0.056 0.652 0.122 0.086 0.083 
 57 OmyAC19ROGR    (0)    1 :  0.089 0.661 0.089 0.021 0.139 
 58 OmyAC19ROGR    (0)    1 :  0.085 0.052 0.060 0.698 0.105 
 59 OmyAC19ROGR    (0)    1 :  0.192 0.523 0.133 0.020 0.132 
 60 OmyAC19ROGR    (1)    1 :  0.243 0.100 0.382 0.105 0.171 
 61 OmyAC19ROGR    (0)    1 :  0.117 0.458 0.174 0.044 0.206 
 62 OmyAC19ROGR    (0)    1 :  0.364 0.080 0.095 0.036 0.424 
 63 OmyAC19ROGR    (0)    1 :  0.164 0.428 0.069 0.262 0.077 
 64 OmyAC19ROGR    (2)    1 :  0.396 0.121 0.238 0.082 0.164 
 65 OmyAC19ROGR    (0)    1 :  0.164 0.133 0.372 0.046 0.285 
 66 OmyAC19ROGR    (3)    1 :  0.094 0.047 0.425 0.258 0.177 
 67 OmyAC19ROGR    (0)    1 :  0.119 0.491 0.227 0.035 0.128 
 68 OmyAC19ROGR    (1)    1 :  0.122 0.326 0.078 0.056 0.418 
 69 OmyAC19ROGR    (2)    1 :  0.059 0.562 0.076 0.214 0.089 
 70 OmyAC19ROGR    (0)    1 :  0.282 0.227 0.158 0.032 0.300 
 71 OmyAC19ROGR    (0)    1 :  0.296 0.129 0.256 0.042 0.276 
 72 OmyAC19ROGR    (4)    1 :  0.537 0.120 0.130 0.029 0.184 
 73 OmyAC19ROGR    (0)    1 :  0.187 0.227 0.074 0.202 0.310 
 74 OmyAC19ROGR    (0)    1 :  0.667 0.035 0.145 0.031 0.122 
 75 OmyAC19ROGR    (0)    1 :  0.134 0.260 0.264 0.118 0.224 
 76 OmyAC19ROGR    (0)    1 :  0.103 0.674 0.043 0.063 0.118 
 77 OmyAC19ROGR    (1)    1 :  0.030 0.016 0.022 0.910 0.023 
 78 OmyAC19ROGR    (0)    1 :  0.194 0.074 0.168 0.042 0.522 
 79 OmyAC19ROGR    (2)    1 :  0.187 0.140 0.187 0.061 0.424 
 80 OmyAC19ROGR    (1)    1 :  0.091 0.089 0.072 0.694 0.054 
 81 OmyAC19ROGR    (2)    1 :  0.189 0.082 0.123 0.437 0.169 
 82 OmyAC19ROGR    (1)    1 :  0.162 0.644 0.056 0.018 0.120 
 83 OmyAC19ROGR    (0)    1 :  0.145 0.390 0.213 0.047 0.206 
 84 OmyAC19ROGR    (0)    1 :  0.124 0.056 0.261 0.124 0.436 
 85 OmyAC19ROGR    (5)    1 :  0.161 0.199 0.247 0.041 0.352 
 86 OmyAC19ROGR    (0)    1 :  0.222 0.030 0.455 0.118 0.175 
 87 OmyAC19ROGR    (1)    1 :  0.141 0.345 0.160 0.047 0.307 
 88 OmyJC19ROGR    (0)    2 :  0.041 0.029 0.042 0.838 0.050 
 89 OmyJC19ROGR    (0)    2 :  0.086 0.057 0.288 0.066 0.503 
 90 OmyJC19ROGR    (0)    2 :  0.028 0.017 0.023 0.904 0.027 
 91 OmyJC19ROGR    (1)    2 :  0.157 0.366 0.269 0.020 0.189 
 92 OmyJC19ROGR    (0)    2 :  0.091 0.632 0.099 0.064 0.114 
 93 OmyJC19ROGR    (0)    2 :  0.070 0.799 0.045 0.016 0.070 
 94 OmyJC19ROGR    (0)    2 :  0.368 0.043 0.167 0.153 0.268 
 95 OmyJC19ROGR    (0)    2 :  0.232 0.038 0.111 0.114 0.505 
 96 OmyJC19ROGR    (0)    2 :  0.179 0.070 0.492 0.086 0.174 
 97 OmyJC19ROGR    (0)    2 :  0.039 0.730 0.022 0.153 0.057 
 98 OmyJC19ROGR    (0)    2 :  0.365 0.156 0.238 0.032 0.208 
 99 OmyJC19ROGR    (0)    2 :  0.098 0.541 0.181 0.089 0.091 
100 OmyJC19ROGR    (1)    2 :  0.188 0.075 0.170 0.044 0.523 
101 OmyJC19ROGR    (0)    2 :  0.101 0.153 0.087 0.498 0.162 
102 OmyJC19ROGR    (0)    2 :  0.114 0.052 0.464 0.095 0.275 
103 OmyJC19ROGR    (0)    2 :  0.161 0.139 0.189 0.141 0.370 
104 OmyJC19ROGR    (0)    2 :  0.120 0.449 0.074 0.034 0.323 
105 OmyJC19ROGR    (0)    2 :  0.196 0.546 0.072 0.145 0.040 
106 OmyJC19ROGR    (0)    2 :  0.017 0.041 0.013 0.914 0.015 
107 OmyJC19ROGR    (1)    2 :  0.138 0.148 0.517 0.110 0.087 
108 OmyJC19ROGR    (0)    2 :  0.236 0.260 0.274 0.069 0.161 
109 OmyJC19ROGR    (0)    2 :  0.238 0.031 0.391 0.175 0.166 
110 OmyJC19ROGR    (0)    2 :  0.092 0.469 0.062 0.267 0.109 
111 OmyJC19ROGR    (1)    2 :  0.085 0.527 0.129 0.092 0.167 
112 OmyJC19ROGR    (2)    2 :  0.410 0.066 0.215 0.122 0.187 
113 OmyJC19ROGR    (0)    2 :  0.077 0.060 0.140 0.637 0.086 
114 OmyJC19ROGR    (3)    2 :  0.121 0.084 0.205 0.042 0.548 
115 OmyJC19ROGR    (1)    2 :  0.391 0.399 0.034 0.051 0.125 
116 OmyJC19ROGR    (0)    2 :  0.150 0.049 0.124 0.088 0.588 
117 OmyJC19ROGR    (0)    2 :  0.344 0.057 0.168 0.165 0.266 
118 OmyJC19ROGR    (0)    2 :  0.127 0.134 0.264 0.025 0.450 
119 OmyJC19ROGR    (2)    2 :  0.179 0.050 0.526 0.041 0.205 
120 OmyJC19ROGR    (0)    2 :  0.052 0.825 0.047 0.018 0.059 
121 OmyJC19ROGR    (0)    2 :  0.287 0.049 0.286 0.046 0.333 
122 OmyJC19ROGR    (0)    2 :  0.219 0.152 0.237 0.057 0.336 
123 OmyJC19ROGR    (0)    2 :  0.175 0.198 0.426 0.025 0.176 
124 OmyJC19ROGR    (0)    2 :  0.562 0.056 0.096 0.139 0.147 
125 OmyJC19ROGR    (0)    2 :  0.192 0.442 0.064 0.112 0.190 
126 OmyJC19ROGR    (1)    2 :  0.113 0.043 0.067 0.689 0.088 
127 OmyJC19ROGR    (0)    2 :  0.060 0.041 0.809 0.035 0.055 
128 OmyJC19ROGR    (1)    2 :  0.074 0.609 0.123 0.044 0.150 
129 OmyJC19ROGR    (0)    2 :  0.111 0.158 0.074 0.274 0.383 
130 OmyJC19ROGR    (2)    2 :  0.511 0.024 0.087 0.055 0.323 
131 OmyJC19ROGR    (0)    2 :  0.310 0.202 0.095 0.078 0.314 
132 OmyJC19ROGR    (1)    2 :  0.152 0.492 0.146 0.051 0.159 
133 OmyJC19ROGR    (0)    2 :  0.216 0.104 0.168 0.029 0.483 
134 OmyJC19ROGR    (0)    2 :  0.105 0.111 0.454 0.079 0.251 
135 OmyJC19ROGR    (1)    2 :  0.041 0.863 0.027 0.028 0.040 
136 OmyJC19ROGR    (3)    2 :  0.140 0.108 0.268 0.040 0.445 
137 OmyJC19ROGR    (0)    2 :  0.272 0.049 0.404 0.191 0.084 
138 OmyJC19ROGR    (0)    2 :  0.100 0.026 0.070 0.713 0.091 
139 OmyJC19ROGR    (2)    2 :  0.255 0.062 0.134 0.025 0.524 
140 OmyJC19ROGR    (2)    2 :  0.185 0.081 0.309 0.108 0.317 
141 OmyJC19ROGR    (0)    2 :  0.143 0.159 0.209 0.271 0.218 
142 OmyJC19ROGR    (0)    2 :  0.149 0.195 0.164 0.312 0.180 
143 OmyJC19ROGR    (0)    2 :  0.145 0.671 0.042 0.046 0.096 
144 OmyJC19ROGR    (0)    2 :  0.184 0.056 0.153 0.016 0.591 
145 OmyJC19ROGR    (0)    2 :  0.467 0.041 0.215 0.032 0.245 
146 OmyJC19ROGR    (1)    2 :  0.079 0.534 0.080 0.087 0.221 
147 OmyJC19ROGR    (0)    2 :  0.216 0.152 0.459 0.059 0.114 
148 OmyJC19ROGR    (0)    2 :  0.336 0.168 0.348 0.024 0.124 
149 OmyJC19ROGR    (1)    2 :  0.098 0.408 0.175 0.080 0.239 
150 OmyJC19ROGR    (1)    2 :  0.109 0.453 0.219 0.060 0.159 
151 OmyJC19ROGR    (0)    2 :  0.081 0.125 0.194 0.114 0.486 
152 OmyJC19ROGR    (0)    2 :  0.545 0.124 0.196 0.054 0.081 
153 OmyJC19ROGR    (0)    2 :  0.029 0.853 0.052 0.029 0.038 
154 OmyJC19ROGR    (1)    2 :  0.214 0.052 0.336 0.070 0.328 
155 OmyJC19ROGR    (0)    2 :  0.210 0.238 0.158 0.093 0.300 
156 OmyJC19ROGR    (1)    2 :  0.192 0.234 0.312 0.111 0.151 
157 OmyJC19ROGR    (0)    2 :  0.423 0.220 0.097 0.067 0.194 
158 OmyJC19ROGR    (0)    2 :  0.179 0.159 0.290 0.021 0.352 
159 OmyJC19ROGR    (0)    2 :  0.443 0.040 0.315 0.043 0.160 
160 OmyJC19ROGR    (0)    2 :  0.252 0.249 0.348 0.058 0.094 
161 OmyJC19ROGR    (0)    2 :  0.397 0.268 0.155 0.026 0.154 
162 OmyJC19ROGR    (0)    2 :  0.314 0.146 0.336 0.048 0.157 
163 OmyJC19ROGR    (0)    2 :  0.138 0.539 0.152 0.040 0.130 
164 OmyJC19ROGR    (0)    2 :  0.192 0.100 0.346 0.030 0.332 
165 OmyJC19ROGR    (0)    2 :  0.424 0.174 0.193 0.025 0.184 
166 OmyJC19ROGR    (0)    2 :  0.385 0.073 0.165 0.054 0.324 
167 OmyJC19ROGR    (1)    2 :  0.131 0.392 0.160 0.089 0.228 
168 OmyJC19ROGR    (0)    2 :  0.096 0.074 0.146 0.060 0.625 
169 OmyJC19ROGR    (0)    2 :  0.020 0.013 0.032 0.919 0.017 
170 OmyJC19ROGR    (0)    2 :  0.182 0.619 0.062 0.057 0.080 
171 OmyJC19ROGR    (0)    2 :  0.362 0.095 0.277 0.026 0.239 
172 OmyJC19ROGR    (0)    2 :  0.068 0.361 0.118 0.305 0.148 
173 OmyJC19ROGR    (0)    2 :  0.037 0.028 0.036 0.872 0.026 
174 OmyJC19ROGR    (0)    2 :  0.450 0.145 0.092 0.031 0.283 
175 OmyJC19ROGR    (0)    2 :  0.367 0.067 0.128 0.030 0.408 
176 OmyJC19ROGR    (0)    2 :  0.066 0.524 0.163 0.077 0.170 
177 OmyJC19ROGR    (0)    2 :  0.133 0.795 0.027 0.015 0.029 
178 OmyJC19ROGR    (0)    2 :  0.441 0.024 0.424 0.041 0.070 
179 OmyJC19ROGR    (0)    2 :  0.163 0.433 0.194 0.019 0.191 
180 OmyJC19ROGR    (0)    2 :  0.034 0.043 0.032 0.839 0.052 
181 OmyJC19ROGR    (0)    2 :  0.373 0.072 0.306 0.052 0.196 
182 OmyJC19ROGR    (0)    2 :  0.152 0.091 0.199 0.132 0.425 
183 OmyJC19ROGR    (0)    2 :  0.430 0.069 0.237 0.037 0.228 
184 OmyJC19ROGR    (0)    2 :  0.051 0.139 0.098 0.603 0.109 
185 OmyJC19ROGR    (1)    2 :  0.039 0.042 0.042 0.011 0.866 
186 OmyJC19ROGR    (0)    2 :  0.116 0.521 0.058 0.085 0.220 
187 OmyJC19ROGR    (0)    2 :  0.819 0.038 0.055 0.027 0.061 
188 OmyJC19ROGR    (0)    2 :  0.543 0.117 0.077 0.038 0.225 
189 OmyJC19ROGR    (0)    2 :  0.094 0.333 0.144 0.172 0.257 
190 OmyJC19ROGR    (0)    2 :  0.076 0.694 0.103 0.038 0.089 
191 OmyJC19ROGR    (0)    2 :  0.428 0.370 0.069 0.039 0.094 
192 OmyJC19ROGR    (0)    2 :  0.054 0.036 0.812 0.036 0.062 
193 OmyJC19ROGR    (1)    2 :  0.319 0.130 0.274 0.117 0.160 
194 OmyJC19ROGR    (0)    2 :  0.056 0.043 0.800 0.018 0.084 
195 OmyJC19ROGR    (0)    2 :  0.059 0.028 0.057 0.797 0.058 
196 OmyJC19ROGR    (0)    2 :  0.761 0.022 0.041 0.028 0.148 
197 OmyJC19ROGR    (0)    2 :  0.157 0.397 0.184 0.061 0.201 
198 OmyJC19ROGR    (0)    2 :  0.047 0.064 0.098 0.722 0.070 
199 OmyJC19ROGR    (0)    2 :  0.171 0.080 0.172 0.025 0.552 
200 OmyJC19ROGR    (0)    2 :  0.069 0.635 0.055 0.073 0.168 
201 OmyJC19ROGR    (0)    2 :  0.403 0.079 0.325 0.024 0.170 
202 OmyJC19ROGR    (0)    2 :  0.032 0.834 0.071 0.018 0.045 
203 OmyJC19ROGR    (0)    2 :  0.497 0.143 0.193 0.047 0.120 
204 OmyJC19ROGR    (0)    2 :  0.223 0.166 0.371 0.052 0.188 
205 OmyJC19ROGR    (0)    2 :  0.485 0.107 0.127 0.126 0.155 
206 OmyJC19ROGR    (0)    2 :  0.036 0.033 0.048 0.829 0.054 
207 OmyJC19ROGR    (0)    2 :  0.345 0.089 0.115 0.264 0.186 
208 OmyJC19ROGR    (0)    2 :  0.402 0.050 0.336 0.042 0.170 
209 OmyJC19ROGR    (0)    2 :  0.066 0.194 0.064 0.490 0.185 
210 OmyJC19ROGR    (0)    2 :  0.035 0.016 0.024 0.884 0.040 
211 OmyJC19ROGR    (0)    2 :  0.124 0.096 0.188 0.144 0.447 
212 OmyJC19ROGR    (1)    2 :  0.126 0.458 0.140 0.177 0.099 
213 OmyJC19ROGR    (1)    2 :  0.366 0.102 0.138 0.039 0.355 
214 OmyJC19ROGR    (0)    2 :  0.698 0.050 0.150 0.042 0.060 
215 OmyJC19ROGR    (0)    2 :  0.048 0.054 0.695 0.025 0.179 
216 OmyJC19ROGR    (0)    2 :  0.099 0.034 0.049 0.749 0.069 
217 OmyJC19ROGR    (0)    2 :  0.178 0.082 0.199 0.386 0.155 
218 OmyJC19ROGR    (0)    2 :  0.439 0.350 0.080 0.033 0.098 
219 OmyJC19ROGR    (0)    2 :  0.156 0.038 0.506 0.104 0.195 
220 OmyJC19ROGR    (0)    2 :  0.235 0.158 0.310 0.015 0.283 
221 OmyJC19ROGR    (0)    2 :  0.385 0.065 0.089 0.231 0.230 
222 OmyJC19ROGR    (0)    2 :  0.190 0.362 0.210 0.038 0.200 
223 OmyJC19ROGR    (0)    2 :  0.479 0.091 0.228 0.054 0.147 
224 OmyJC19ROGR    (0)    2 :  0.196 0.062 0.504 0.032 0.205 
225 OmyJC19ROGR    (0)    2 :  0.022 0.020 0.024 0.908 0.026 
226 OmyJC19ROGR    (0)    2 :  0.150 0.041 0.153 0.179 0.478 
227 OmyJC19ROGR    (1)    2 :  0.043 0.041 0.025 0.868 0.023 
228 OmyJC19ROGR    (0)    2 :  0.322 0.045 0.335 0.036 0.262 
229 OmyJC19ROGR    (1)    2 :  0.488 0.169 0.076 0.034 0.233 
230 OmyJC19ROGR    (0)    2 :  0.416 0.162 0.097 0.195 0.130 
231 OmyJC19ROGR    (0)    2 :  0.470 0.056 0.171 0.076 0.226 
232 OmyJC19ROGR    (1)    2 :  0.112 0.134 0.161 0.042 0.551 
233 OmyJC19ROGR    (0)    2 :  0.370 0.095 0.241 0.150 0.143 
234 OmyJC19ROGR    (0)    2 :  0.022 0.026 0.030 0.887 0.035 
235 OmyJC19ROGR    (0)    2 :  0.042 0.126 0.154 0.601 0.077 
236 OmyJC19ROGR    (1)    2 :  0.248 0.158 0.474 0.025 0.095 
237 OmyJC19ROGR    (0)    2 :  0.177 0.142 0.441 0.060 0.180 
238 OmyJC19ROGR    (0)    2 :  0.439 0.053 0.314 0.088 0.105 
239 OmyJC19ROGR    (0)    2 :  0.061 0.077 0.400 0.069 0.394 
240 OmyJC19ROGR    (0)    2 :  0.312 0.100 0.131 0.050 0.406 
241 OmyJC19ROGR    (0)    2 :  0.172 0.478 0.107 0.089 0.154 
242 OmyJC19ROGR    (0)    2 :  0.036 0.113 0.699 0.018 0.134 
243 OmyJC19ROGR    (0)    2 :  0.242 0.315 0.164 0.049 0.230 
244 OmyJC19ROGR    (0)    2 :  0.392 0.349 0.091 0.061 0.107 
245 OmyJC19ROGR    (0)    2 :  0.024 0.020 0.024 0.902 0.030 
246 OmyJC19ROGR    (0)    2 :  0.141 0.518 0.107 0.153 0.081 
247 OmyJC19ROGR    (0)    2 :  0.111 0.166 0.077 0.583 0.063 
248 OmyJC19ROGR    (0)    2 :  0.077 0.064 0.082 0.519 0.259 
249 OmyJC19ROGR    (0)    2 :  0.519 0.050 0.172 0.068 0.191 
250 OmyJC19ROGR    (0)    2 :  0.244 0.105 0.282 0.096 0.273 
251 OmyJC19ROGR    (0)    2 :  0.482 0.085 0.173 0.044 0.216 
252 OmyJC19ROGR    (0)    2 :  0.082 0.769 0.046 0.031 0.073 
253 OmyJC19ROGR    (0)    2 :  0.116 0.070 0.231 0.088 0.495 
254 OmyJC19ROGR    (0)    2 :  0.325 0.381 0.113 0.060 0.122 
255 OmyJC19ROGR    (0)    2 :  0.217 0.470 0.064 0.036 0.213 
256 OmyJC19ROGR    (0)    2 :  0.201 0.332 0.100 0.286 0.081 
257 OmyJC19ROGR    (0)    2 :  0.563 0.062 0.091 0.080 0.205 
258 OmyAC19ROGR    (0)    1 :  0.134 0.122 0.243 0.163 0.337 
259 OmyAC19ROGR    (1)    1 :  0.121 0.083 0.226 0.378 0.192 
260 OmyAC19ROGR    (0)    1 :  0.124 0.067 0.609 0.027 0.174 
261 OmyAC19ROGR    (0)    1 :  0.246 0.048 0.124 0.053 0.530 
262 OmyAC19ROGR    (0)    1 :  0.174 0.124 0.233 0.105 0.364 
263 OmyAC19ROGR    (0)    1 :  0.215 0.478 0.140 0.056 0.111 
264 OmyAC19ROGR    (0)    1 :  0.437 0.102 0.178 0.054 0.229 
265 OmyAC19ROGR    (0)    1 :  0.328 0.196 0.210 0.045 0.220 
266 OmyAC19ROGR    (0)    1 :  0.700 0.041 0.077 0.024 0.158 
267 OmyAC19ROGR    (0)    1 :  0.155 0.090 0.231 0.132 0.391 
268 OmyAC19ROGR    (1)    1 :  0.140 0.416 0.112 0.189 0.142 
269 OmyAC19ROGR    (1)    1 :  0.175 0.048 0.246 0.152 0.380 
270 OmyAC19ROGR    (0)    1 :  0.393 0.331 0.051 0.039 0.186 
271 OmyAC19ROGR    (0)    1 :  0.175 0.065 0.249 0.290 0.221 
272 OmyAC19ROGR    (0)    1 :  0.342 0.046 0.298 0.192 0.122 
273 OmyAC19ROGR    (0)    1 :  0.194 0.152 0.293 0.044 0.317 
274 OmyAC19ROGR    (0)    1 :  0.082 0.041 0.041 0.750 0.086 
275 OmyAC19ROGR    (0)    1 :  0.129 0.296 0.298 0.098 0.179 
276 OmyAC19ROGR    (0)    1 :  0.164 0.073 0.504 0.057 0.201 
277 OmyAC19ROGR    (0)    1 :  0.205 0.038 0.309 0.074 0.374 
278 OmyAC19ROGR    (0)    1 :  0.326 0.065 0.167 0.337 0.104 
279 OmyAC19ROGR    (0)    1 :  0.083 0.050 0.541 0.172 0.154 
280 OmyAC19ROGR    (0)    1 :  0.153 0.278 0.098 0.112 0.359 
281 OmyAC19ROGR    (0)    1 :  0.141 0.062 0.277 0.048 0.471 
282 OmyAC19ROGR    (0)    1 :  0.118 0.122 0.146 0.164 0.451 
283 OmyAC19ROGR    (0)    1 :  0.311 0.088 0.316 0.044 0.241 
284 OmyAC19ROGR    (0)    1 :  0.598 0.145 0.111 0.028 0.117 
285 OmyAC19ROGR    (0)    1 :  0.200 0.298 0.296 0.044 0.164 
286 OmyAC19ROGR    (0)    1 :  0.287 0.255 0.245 0.022 0.190 
287 OmyAC19ROGR    (0)    1 :  0.011 0.013 0.014 0.947 0.015 
288 OmyAC19ROGR    (0)    1 :  0.040 0.040 0.074 0.778 0.066 
289 OmyAC19ROGR    (0)    1 :  0.197 0.084 0.354 0.160 0.206 
290 OmyAC19ROGR    (1)    1 :  0.014 0.021 0.020 0.927 0.018 
291 OmyAC19ROGR    (0)    1 :  0.173 0.137 0.106 0.423 0.161 
292 OmyAC19ROGR    (1)    1 :  0.227 0.067 0.179 0.198 0.329 
293 OmyAC19ROGR    (0)    1 :  0.109 0.655 0.100 0.029 0.108 
294 OmyAC19ROGR    (0)    1 :  0.254 0.061 0.210 0.355 0.121 
295 OmyAC19ROGR    (0)    1 :  0.290 0.134 0.305 0.026 0.245 
296 OmyAC19ROGR    (0)    1 :  0.112 0.140 0.460 0.041 0.248 
297 OmyAC19ROGR    (0)    1 :  0.081 0.026 0.074 0.723 0.096 
298 OmyAC19ROGR    (0)    1 :  0.247 0.061 0.548 0.032 0.113 
299 OmyAC19ROGR    (0)    1 :  0.132 0.277 0.203 0.255 0.133 
300 OmyAC19ROGR    (0)    1 :  0.228 0.102 0.274 0.038 0.358 
301 OmyAC19ROGR    (0)    1 :  0.029 0.016 0.027 0.897 0.030 
302 OmyAC19ROGR    (0)    1 :  0.125 0.057 0.237 0.495 0.086 
303 OmyAC19ROGR    (0)    1 :  0.144 0.058 0.344 0.115 0.338 
304 OmyAC19ROGR    (0)    1 :  0.090 0.086 0.573 0.135 0.117 
305 OmyAC19ROGR    (0)    1 :  0.234 0.078 0.448 0.038 0.201 
306 OmyAC19ROGR    (0)    1 :  0.178 0.019 0.052 0.666 0.085 
307 OmyAC19ROGR    (1)    1 :  0.301 0.206 0.145 0.024 0.324 
308 OmyAC19ROGR    (0)    1 :  0.296 0.050 0.246 0.096 0.313 
309 OmyAC19ROGR    (1)    1 :  0.039 0.028 0.034 0.857 0.042 
310 OmyAC19ROGR    (0)    1 :  0.161 0.077 0.116 0.366 0.280 
311 OmyAC19ROGR    (0)    1 :  0.071 0.053 0.305 0.466 0.103 
312 OmyAC19ROGR    (0)    1 :  0.159 0.515 0.152 0.038 0.137 
313 OmyAC19ROGR    (0)    1 :  0.278 0.104 0.378 0.021 0.219 
314 OmyAC19ROGR    (0)    1 :  0.112 0.582 0.125 0.047 0.133 
315 OmyAC19ROGR    (0)    1 :  0.441 0.129 0.156 0.068 0.207 
316 OmyAC19ROGR    (0)    1 :  0.377 0.081 0.232 0.035 0.274 
317 OmyAC19ROGR    (0)    1 :  0.066 0.368 0.179 0.040 0.346 
318 OmyAC19ROGR    (0)    1 :  0.172 0.462 0.114 0.027 0.226 
319 OmyAC19ROGR    (1)    1 :  0.253 0.108 0.386 0.021 0.232 
320 OmyAC19ROGR    (0)    1 :  0.625 0.060 0.258 0.012 0.045 
321 OmyAC19ROGR    (0)    1 :  0.385 0.071 0.306 0.033 0.206 
322 OmyAC19ROGR    (0)    1 :  0.104 0.073 0.115 0.441 0.266 
323 OmyAC19ROGR    (0)    1 :  0.462 0.038 0.280 0.032 0.188 
324 OmyAC19ROGR    (0)    1 :  0.596 0.117 0.149 0.029 0.109 
325 OmyAC19ROGR    (0)    1 :  0.162 0.038 0.083 0.301 0.417 
326 OmyAC19ROGR    (0)    1 :  0.576 0.060 0.170 0.050 0.143 
327 OmyAC19ROGR    (0)    1 :  0.569 0.135 0.207 0.034 0.054 
328 OmyAC20ROGR    (1)    1 :  0.148 0.186 0.439 0.036 0.192 
329 OmyAC20ROGR    (0)    1 :  0.141 0.274 0.307 0.083 0.195 
330 OmyAC20ROGR    (0)    1 :  0.360 0.201 0.161 0.077 0.200 
331 OmyAC20ROGR    (0)    1 :  0.401 0.126 0.096 0.285 0.093 
332 OmyAC20ROGR    (0)    1 :  0.244 0.193 0.124 0.232 0.207 
333 OmyAC20ROGR    (0)    1 :  0.214 0.313 0.082 0.304 0.086 
334 OmyAC20ROGR    (0)    1 :  0.083 0.441 0.210 0.024 0.241 
335 OmyAC20ROGR    (0)    1 :  0.248 0.231 0.259 0.045 0.217 
336 OmyAC20ROGR    (0)    1 :  0.135 0.082 0.298 0.132 0.354 
337 OmyAC20ROGR    (0)    1 :  0.146 0.066 0.210 0.455 0.124 
338 OmyAC20ROGR    (0)    1 :  0.164 0.269 0.124 0.160 0.283 
339 OmyAC20ROGR    (0)    1 :  0.315 0.097 0.229 0.117 0.242 
340 OmyAC20ROGR    (0)    1 :  0.085 0.741 0.048 0.049 0.076 
341 OmyAC20ROGR    (0)    1 :  0.096 0.619 0.074 0.091 0.120 
342 OmyAC20ROGR    (0)    1 :  0.208 0.288 0.196 0.161 0.147 
343 OmyAC20ROGR    (0)    1 :  0.189 0.278 0.116 0.054 0.363 
344 OmyAC20ROGR    (0)    1 :  0.252 0.322 0.113 0.170 0.144 
345 OmyAC20ROGR    (1)    1 :  0.231 0.037 0.160 0.144 0.428 
346 OmyAC20ROGR    (0)    1 :  0.343 0.114 0.109 0.205 0.229 
347 OmyAC20ROGR    (0)    1 :  0.291 0.103 0.123 0.254 0.229 
348 OmyAC20ROGR    (0)    1 :  0.118 0.525 0.088 0.189 0.080 
349 OmyAC20ROGR    (0)    1 :  0.204 0.319 0.125 0.060 0.292 
350 OmyAC20ROGR    (0)    1 :  0.233 0.060 0.468 0.084 0.155 
351 OmyAC20ROGR    (0)    1 :  0.230 0.222 0.197 0.124 0.226 
352 OmyAC20ROGR    (0)    1 :  0.143 0.094 0.520 0.052 0.190 
353 OmyAC20ROGR    (0)    1 :  0.437 0.111 0.162 0.032 0.258 
354 OmyAC20ROGR    (0)    1 :  0.076 0.307 0.089 0.246 0.282 
355 OmyAC20ROGR    (0)    1 :  0.073 0.327 0.104 0.072 0.425 
356 OmyAC20ROGR    (0)    1 :  0.134 0.158 0.464 0.043 0.201 
357 OmyAC20ROGR    (0)    1 :  0.478 0.049 0.254 0.084 0.136 
358 OmyAC20ROGR    (0)    1 :  0.359 0.100 0.381 0.049 0.112 
359 OmyAC20ROGR    (0)    1 :  0.071 0.018 0.600 0.206 0.105 
360 OmyAC20ROGR    (0)    1 :  0.266 0.109 0.153 0.197 0.275 
361 OmyAC20ROGR    (0)    1 :  0.552 0.047 0.270 0.046 0.084 
362 OmyAC20ROGR    (0)    1 :  0.311 0.042 0.248 0.038 0.361 
363 OmyAC20ROGR    (0)    1 :  0.219 0.301 0.125 0.143 0.212 
364 OmyAC20ROGR    (1)    1 :  0.086 0.387 0.339 0.030 0.159 
365 OmyAC20ROGR    (0)    1 :  0.346 0.076 0.347 0.021 0.210 
366 OmyAC20ROGR    (0)    1 :  0.448 0.262 0.065 0.032 0.194 
367 OmyAC20ROGR    (0)    1 :  0.425 0.078 0.130 0.128 0.239 
368 OmyAC20ROGR    (1)    1 :  0.077 0.042 0.554 0.087 0.240 
369 OmyAC20ROGR    (0)    1 :  0.118 0.220 0.117 0.326 0.219 
370 OmyAC20ROGR    (0)    1 :  0.073 0.059 0.079 0.696 0.094 
371 OmyAC20ROGR    (0)    1 :  0.041 0.032 0.051 0.814 0.061 
372 OmyAC20ROGR    (2)    1 :  0.036 0.018 0.023 0.897 0.027 
373 OmyAC20ROGR    (0)    1 :  0.301 0.040 0.091 0.449 0.120 
374 OmyAC20ROGR    (0)    1 :  0.237 0.166 0.382 0.028 0.187 
375 OmyAC20ROGR    (0)    1 :  0.577 0.066 0.149 0.085 0.124 
376 OmyAC20ROGR    (0)    1 :  0.098 0.073 0.108 0.492 0.229 
377 OmyAC20ROGR    (0)    1 :  0.344 0.366 0.116 0.023 0.152 
378 OmyAC20ROGR    (0)    1 :  0.095 0.194 0.268 0.027 0.417 
379 OmyAC20ROGR    (0)    1 :  0.141 0.124 0.116 0.449 0.171 
380 OmyAC20ROGR    (1)    1 :  0.563 0.046 0.112 0.022 0.257 
381 OmyAC20ROGR    (0)    1 :  0.283 0.042 0.400 0.103 0.173 
382 OmyAC20ROGR    (0)    1 :  0.053 0.021 0.035 0.863 0.029 
383 OmyAC20ROGR    (0)    1 :  0.334 0.028 0.112 0.127 0.400 
384 OmyAC20ROGR    (0)    1 :  0.117 0.158 0.145 0.323 0.256 
385 OmyAC20ROGR    (0)    1 :  0.248 0.025 0.320 0.227 0.180 
386 OmyAC20ROGR    (0)    1 :  0.354 0.098 0.139 0.143 0.266 
387 OmyAC20ROGR    (0)    1 :  0.417 0.035 0.131 0.361 0.056 
388 OmyAC20ROGR    (0)    1 :  0.136 0.294 0.125 0.296 0.149 
389 OmyAC20ROGR    (0)    1 :  0.358 0.047 0.495 0.027 0.072 
390 OmyAC20ROGR    (0)    1 :  0.333 0.097 0.281 0.027 0.262 
391 OmyAC20ROGR    (0)    1 :  0.136 0.216 0.114 0.442 0.093 
392 OmyAC20ROGR    (0)    1 :  0.129 0.170 0.148 0.289 0.263 
393 OmyAC20ROGR    (0)    1 :  0.523 0.153 0.095 0.065 0.163 
394 OmyAC20ROGR    (1)    1 :  0.151 0.048 0.495 0.080 0.225 
395 OmyAC20ROGR    (0)    1 :  0.168 0.240 0.129 0.065 0.398 
396 OmyAC20ROGR    (0)    1 :  0.365 0.070 0.389 0.042 0.134 
397 OmyAC20ROGR    (0)    1 :  0.283 0.051 0.188 0.282 0.195 
398 OmyAC20ROGR    (0)    1 :  0.058 0.107 0.064 0.700 0.070 
399 OmyAC20ROGR    (0)    1 :  0.213 0.112 0.144 0.223 0.308 
400 OmyAC20ROGR    (0)    1 :  0.260 0.110 0.205 0.130 0.295 
401 OmyAC20ROGR    (1)    1 :  0.019 0.053 0.034 0.856 0.037 
402 OmyAC20ROGR    (0)    1 :  0.137 0.538 0.123 0.025 0.177 
403 OmyAC20ROGR    (0)    1 :  0.101 0.241 0.189 0.151 0.318 
404 OmyAC20ROGR    (0)    1 :  0.206 0.241 0.155 0.023 0.375 
405 OmyAC20ROGR    (0)    1 :  0.378 0.042 0.101 0.331 0.149 
406 OmyAC20ROGR    (0)    1 :  0.215 0.216 0.179 0.085 0.304 
407 OmyAC20ROGR    (0)    1 :  0.352 0.030 0.350 0.046 0.222 
408 OmyAC20ROGR    (0)    1 :  0.194 0.226 0.157 0.080 0.343 
409 OmyAC20ROGR    (0)    1 :  0.377 0.034 0.359 0.053 0.178 
410 OmyAC20ROGR    (0)    1 :  0.027 0.014 0.043 0.885 0.030 
411 OmyAC20ROGR    (0)    1 :  0.077 0.066 0.161 0.575 0.121 
412 OmyAC20ROGR    (0)    1 :  0.325 0.346 0.112 0.122 0.095 
413 OmyAC20ROGR    (0)    1 :  0.357 0.029 0.443 0.054 0.116 
414 OmyAC20ROGR    (0)    1 :  0.083 0.190 0.157 0.353 0.217 
415 OmyAC20ROGR    (0)    1 :  0.118 0.135 0.234 0.027 0.487 
416 OmyAC20ROGR    (0)    1 :  0.248 0.218 0.171 0.083 0.281 
417 OmyAC20ROGR    (0)    1 :  0.446 0.118 0.313 0.027 0.096 
418 OmyAC20ROGR    (0)    1 :  0.201 0.086 0.344 0.153 0.216 
419 OmyAC20ROGR    (0)    1 :  0.172 0.054 0.248 0.427 0.100 
420 OmyAC20ROGR    (0)    1 :  0.237 0.244 0.236 0.030 0.252 
421 OmyAC20ROGR    (0)    1 :  0.343 0.222 0.144 0.106 0.186 
422 OmyAC20ROGR    (0)    1 :  0.027 0.026 0.027 0.887 0.034 
423 OmyAC20ROGR    (0)    1 :  0.754 0.022 0.124 0.030 0.071 
424 OmyAC20ROGR    (0)    1 :  0.144 0.043 0.301 0.021 0.491 
425 OmyAC20ROGR    (0)    1 :  0.025 0.083 0.020 0.847 0.026 
426 OmyAC20ROGR    (0)    1 :  0.304 0.063 0.183 0.085 0.365 
427 OmyAC20ROGR    (0)    1 :  0.238 0.075 0.286 0.201 0.201 
428 OmyAC20ROGR    (0)    1 :  0.025 0.023 0.020 0.913 0.020 
429 OmyAC20ROGR    (0)    1 :  0.284 0.077 0.493 0.029 0.118 
430 OmyAC20ROGR    (0)    1 :  0.156 0.038 0.290 0.100 0.416 
431 OmyAC20ROGR    (0)    1 :  0.116 0.105 0.059 0.477 0.244 
432 OmyAC20ROGR    (0)    1 :  0.035 0.040 0.029 0.850 0.047 
433 OmyAC20ROGR    (0)    1 :  0.023 0.036 0.034 0.879 0.027 
434 OmyAC20ROGR    (0)    1 :  0.106 0.030 0.351 0.209 0.303 
435 OmyAC20ROGR    (0)    1 :  0.172 0.105 0.082 0.021 0.621 
436 OmyAC20ROGR    (0)    1 :  0.690 0.026 0.111 0.046 0.127 
437 OmyAC20ROGR    (0)    1 :  0.118 0.041 0.166 0.614 0.062 
438 OmyAC20ROGR    (0)    1 :  0.064 0.062 0.204 0.289 0.382 
439 OmyAC20ROGR    (0)    1 :  0.200 0.063 0.324 0.062 0.351 
440 OmyAC20ROGR    (0)    1 :  0.074 0.045 0.056 0.759 0.067 
441 OmyAC20ROGR    (0)    1 :  0.203 0.112 0.332 0.027 0.327 
442 OmyAC20ROGR    (0)    1 :  0.133 0.059 0.294 0.055 0.458 
443 OmyAC20ROGR    (0)    1 :  0.038 0.533 0.141 0.022 0.266 
444 OmyAC20ROGR    (0)    1 :  0.436 0.042 0.243 0.120 0.159 
445 OmyAC20ROGR    (0)    1 :  0.155 0.047 0.455 0.096 0.247 
446 OmyJC18ROGR    (0)    2 :  0.186 0.543 0.131 0.050 0.089 
447 OmyJC18ROGR    (0)    2 :  0.372 0.066 0.183 0.047 0.332 
448 OmyJC18ROGR    (0)    2 :  0.576 0.035 0.084 0.057 0.248 
449 OmyJC18ROGR    (0)    2 :  0.063 0.084 0.114 0.678 0.061 
450 OmyJC18ROGR    (0)    2 :  0.062 0.076 0.120 0.665 0.077 
451 OmyJC18ROGR    (0)    2 :  0.026 0.028 0.055 0.839 0.052 
452 OmyJC18ROGR    (0)    2 :  0.175 0.224 0.088 0.285 0.228 
453 OmyJC18ROGR    (0)    2 :  0.088 0.549 0.152 0.035 0.176 
454 OmyJC18ROGR    (0)    2 :  0.035 0.032 0.033 0.841 0.060 
455 OmyJC18ROGR    (0)    2 :  0.266 0.053 0.454 0.044 0.183 
456 OmyJC18ROGR    (0)    2 :  0.035 0.021 0.060 0.852 0.033 
457 OmyJC18ROGR    (0)    2 :  0.359 0.044 0.125 0.049 0.423 
458 OmyJC18ROGR    (0)    2 :  0.115 0.455 0.148 0.151 0.132 
459 OmyJC18ROGR    (0)    2 :  0.160 0.259 0.381 0.019 0.182 
460 OmyJC18ROGR    (2)    2 :  0.077 0.066 0.203 0.379 0.275 
461 OmyJC18ROGR    (1)    2 :  0.154 0.188 0.142 0.299 0.217 
462 OmyJC18ROGR    (3)    2 :  0.095 0.119 0.175 0.356 0.255 
463 OmyJC18ROGR    (1)    2 :  0.090 0.074 0.080 0.661 0.095 
464 OmyJC18ROGR    (3)    2 :  0.680 0.035 0.078 0.024 0.183 
465 OmyJC18ROGR    (3)    2 :  0.211 0.071 0.494 0.055 0.169 
466 OmyJC18ROGR    (0)    2 :  0.135 0.068 0.171 0.133 0.494 
467 OmyJC18ROGR    (1)    2 :  0.103 0.058 0.510 0.038 0.290 
468 OmyJC18ROGR    (0)    2 :  0.267 0.047 0.506 0.050 0.131 
469 OmyJC18ROGR    (0)    2 :  0.038 0.038 0.100 0.746 0.078 
470 OmyJC18ROGR    (3)    2 :  0.129 0.059 0.197 0.512 0.102 
471 OmyJC18ROGR    (1)    2 :  0.187 0.128 0.146 0.286 0.253 
472 OmyJC18ROGR    (1)    2 :  0.255 0.056 0.115 0.074 0.500 
473 OmyJC18ROGR    (2)    2 :  0.589 0.069 0.096 0.029 0.218 
474 OmyJC18ROGR    (0)    2 :  0.219 0.513 0.110 0.046 0.112 
475 OmyJC18ROGR    (1)    2 :  0.033 0.223 0.042 0.652 0.050 
476 OmyJC18ROGR    (2)    2 :  0.203 0.346 0.201 0.019 0.231 
477 OmyJC18ROGR    (3)    2 :  0.083 0.072 0.444 0.092 0.308 
478 OmyJC18ROGR    (0)    2 :  0.144 0.326 0.107 0.053 0.369 
479 OmyJC18ROGR    (0)    2 :  0.625 0.065 0.177 0.024 0.109 
480 OmyJC18ROGR    (0)    2 :  0.342 0.078 0.209 0.170 0.201 
481 OmyJC18ROGR    (2)    2 :  0.205 0.215 0.104 0.236 0.240 
482 OmyJC18ROGR    (3)    2 :  0.128 0.076 0.520 0.022 0.254 
483 OmyJC18ROGR    (3)    2 :  0.191 0.034 0.440 0.045 0.290 
484 OmyJC18ROGR    (3)    2 :  0.142 0.156 0.302 0.045 0.355 
485 OmyJC18ROGR    (2)    2 :  0.158 0.047 0.073 0.632 0.090 
486 OmyJC18ROGR    (2)    2 :  0.108 0.046 0.264 0.427 0.155 
487 OmyJC18ROGR    (1)    2 :  0.105 0.247 0.093 0.105 0.451 
488 OmyJC18ROGR    (3)    2 :  0.216 0.076 0.135 0.056 0.517 
489 OmyJC18ROGR    (0)    2 :  0.159 0.102 0.177 0.028 0.534 
490 OmyJC18ROGR    (2)    2 :  0.197 0.107 0.341 0.074 0.280 
491 OmyJC18ROGR    (4)    2 :  0.124 0.559 0.099 0.125 0.094 
492 OmyJC18ROGR    (4)    2 :  0.067 0.723 0.100 0.026 0.084 
493 OmyJC18ROGR    (3)    2 :  0.241 0.048 0.177 0.115 0.418 
494 OmyJC18ROGR    (3)    2 :  0.029 0.027 0.035 0.880 0.029 
495 OmyJC18ROGR    (3)    2 :  0.169 0.450 0.082 0.164 0.136 
496 OmyJC18ROGR    (0)    2 :  0.164 0.254 0.245 0.070 0.267 
497 OmyJC18ROGR    (5)    2 :  0.187 0.168 0.367 0.089 0.189 
498 OmyJC18ROGR    (3)    2 :  0.131 0.129 0.118 0.174 0.448 
499 OmyJC18ROGR    (1)    2 :  0.137 0.136 0.308 0.049 0.370 
500 OmyJC18ROGR    (1)    2 :  0.248 0.124 0.352 0.025 0.250 
501 OmyJC18ROGR    (3)    2 :  0.191 0.078 0.091 0.439 0.201 
502 OmyJC18ROGR    (1)    2 :  0.145 0.041 0.559 0.193 0.062 
503 OmyJC18ROGR    (4)    2 :  0.467 0.026 0.224 0.051 0.232 
504 OmyJC18ROGR    (1)    2 :  0.096 0.033 0.449 0.315 0.108 
505 OmyJC18ROGR    (0)    2 :  0.135 0.306 0.192 0.258 0.109 
506 OmyJC18ROGR    (6)    2 :  0.104 0.291 0.134 0.058 0.413 
507 OmyJC18ROGR    (0)    2 :  0.205 0.084 0.257 0.152 0.302 
508 OmyJC18ROGR    (0)    2 :  0.275 0.074 0.393 0.087 0.171 
509 OmyJC18ROGR    (2)    2 :  0.036 0.038 0.029 0.863 0.035 
510 OmyJC18ROGR    (1)    2 :  0.297 0.153 0.161 0.030 0.359 
511 OmyJC18ROGR    (3)    2 :  0.074 0.640 0.061 0.143 0.083 
512 OmyJC18ROGR    (2)    2 :  0.077 0.023 0.062 0.757 0.081 
513 OmyJC18ROGR    (7)    2 :  0.128 0.421 0.107 0.182 0.162 
514 OmyJC18ROGR    (3)    2 :  0.083 0.193 0.094 0.585 0.046 
515 OmyJC18ROGR    (0)    2 :  0.288 0.110 0.217 0.068 0.317 
516 OmyJC18ROGR    (2)    2 :  0.467 0.098 0.099 0.203 0.132 
517 OmyJC18ROGR    (2)    2 :  0.105 0.271 0.089 0.258 0.277 
518 OmyJC18ROGR    (0)    2 :  0.434 0.077 0.215 0.044 0.229 
519 OmyJC18ROGR    (7)    2 :  0.126 0.674 0.045 0.061 0.095 
520 OmyJC18ROGR    (4)    2 :  0.132 0.327 0.059 0.205 0.276 
521 OmyJC18ROGR    (1)    2 :  0.159 0.255 0.109 0.181 0.296 
522 OmyJC18ROGR    (1)    2 :  0.129 0.041 0.283 0.104 0.444 
523 OmyJC18ROGR    (3)    2 :  0.267 0.098 0.407 0.041 0.187 
524 OmyJC18ROGR    (1)    2 :  0.272 0.044 0.363 0.039 0.281 
525 OmyJC18ROGR    (2)    2 :  0.081 0.286 0.417 0.138 0.078 
526 OmyJC18ROGR    (1)    2 :  0.141 0.322 0.337 0.083 0.118 
527 OmyJC18ROGR    (0)    2 :  0.303 0.247 0.136 0.033 0.282 
528 OmyJC18ROGR    (0)    2 :  0.432 0.068 0.294 0.032 0.175 
529 OmyJC18ROGR    (1)    2 :  0.523 0.092 0.090 0.031 0.264 
530 OmyJC18ROGR    (0)    2 :  0.191 0.038 0.646 0.032 0.093 
531 OmyJC18ROGR    (0)    2 :  0.806 0.027 0.059 0.037 0.071 
532 OmyJC18ROGR    (1)    2 :  0.212 0.058 0.334 0.027 0.368 
533 OmyJC18ROGR    (2)    2 :  0.408 0.139 0.082 0.019 0.353 
534 OmyJC18ROGR    (2)    2 :  0.278 0.048 0.174 0.058 0.442 
535 OmyJC18ROGR    (0)    2 :  0.202 0.374 0.194 0.052 0.179 
536 OmyJC18ROGR    (0)    2 :  0.158 0.704 0.037 0.034 0.067 
537 OmyJC18ROGR    (0)    2 :  0.215 0.382 0.176 0.028 0.199 
538 OmyJC18ROGR    (0)    2 :  0.611 0.033 0.097 0.054 0.205 
539 OmyJC18ROGR    (1)    2 :  0.200 0.100 0.493 0.064 0.143 
540 OmyJC18ROGR    (6)    2 :  0.089 0.072 0.063 0.039 0.737 
541 OmyJC18ROGR    (1)    2 :  0.633 0.114 0.059 0.054 0.139 
542 OmyJC18ROGR    (1)    2 :  0.539 0.102 0.090 0.132 0.137 
543 OmyJC18ROGR    (0)    2 :  0.293 0.061 0.138 0.235 0.273 
544 OmyJC18ROGR    (2)    2 :  0.373 0.185 0.152 0.045 0.245 
545 OmyJC18ROGR    (1)    2 :  0.071 0.020 0.247 0.583 0.079 
546 OmyJC18ROGR    (6)    2 :  0.771 0.031 0.077 0.016 0.106 
547 OmyJC18ROGR    (0)    2 :  0.249 0.024 0.279 0.107 0.340 
548 OmyJC18ROGR    (1)    2 :  0.106 0.135 0.118 0.135 0.506 
549 OmyJC18ROGR    (0)    2 :  0.597 0.063 0.123 0.045 0.172 
550 OmyJC18ROGR    (1)    2 :  0.055 0.055 0.059 0.753 0.078 
551 OmyJC18ROGR    (1)    2 :  0.104 0.517 0.098 0.064 0.218 
552 OmyJC18ROGR    (2)    2 :  0.369 0.063 0.135 0.100 0.333 
553 OmyJC18ROGR    (7)    2 :  0.454 0.161 0.195 0.064 0.127 
554 OmyJC18ROGR    (2)    2 :  0.435 0.142 0.150 0.034 0.238 
555 OmyJC18ROGR    (3)    2 :  0.212 0.203 0.177 0.040 0.368 
556 OmyJC18ROGR    (0)    2 :  0.068 0.756 0.031 0.062 0.083 
557 OmyJC18ROGR    (1)    2 :  0.095 0.074 0.107 0.521 0.202 
558 OmyJC18ROGR    (0)    2 :  0.055 0.710 0.049 0.122 0.064 
559 OmyJC18ROGR    (0)    2 :  0.055 0.040 0.669 0.024 0.213 
560 OmyJC18ROGR    (5)    2 :  0.065 0.166 0.207 0.088 0.474 
561 OmyJC18ROGR    (0)    2 :  0.185 0.042 0.586 0.029 0.158 
562 OmyJC18ROGR    (6)    2 :  0.403 0.310 0.090 0.049 0.148 
563 OmyJC18ROGR    (2)    2 :  0.235 0.186 0.169 0.071 0.339 
564 OmyJC18ROGR    (3)    2 :  0.177 0.369 0.088 0.264 0.103 
565 OmyJC18ROGR    (3)    2 :  0.210 0.122 0.250 0.082 0.336 
566 OmyJC18ROGR    (1)    2 :  0.108 0.055 0.380 0.068 0.389 
567 OmyJC18ROGR    (0)    2 :  0.098 0.092 0.539 0.025 0.247 
568 OmyJC18ROGR    (3)    2 :  0.320 0.357 0.062 0.123 0.138 
569 OmyJC18ROGR    (2)    2 :  0.188 0.118 0.300 0.047 0.347 
570 OmyJC18ROGR    (0)    2 :  0.245 0.039 0.342 0.075 0.300 
571 OmyJC18ROGR    (1)    2 :  0.346 0.027 0.462 0.019 0.146 
572 OmyJC18ROGR    (4)    2 :  0.141 0.430 0.264 0.052 0.113 
573 OmyJC18ROGR    (3)    2 :  0.100 0.134 0.210 0.445 0.111 
574 OmyJC18ROGR    (5)    2 :  0.408 0.117 0.087 0.188 0.200 
575 OmyJC18ROGR    (3)    2 :  0.246 0.366 0.090 0.024 0.273 
576 OmyJC18ROGR    (0)    2 :  0.475 0.159 0.146 0.061 0.158 
577 OmyJC18ROGR    (0)    2 :  0.053 0.022 0.037 0.849 0.039 
578 OmyJC18ROGR    (1)    2 :  0.363 0.036 0.347 0.035 0.219 
579 OmyJC18ROGR    (0)    2 :  0.052 0.087 0.050 0.738 0.074 
580 OmyJC18ROGR    (0)    2 :  0.222 0.272 0.287 0.018 0.202 
581 OmyJC18ROGR    (3)    2 :  0.208 0.064 0.474 0.052 0.202 
582 OmyJC18ROGR    (6)    2 :  0.242 0.208 0.258 0.029 0.264 
583 OmyJC18ROGR    (3)    2 :  0.382 0.392 0.129 0.033 0.064 
584 OmyJC18ROGR    (3)    2 :  0.265 0.262 0.255 0.066 0.152 
585 OmyJC18ROGR    (1)    2 :  0.128 0.040 0.095 0.069 0.669 
586 OmyJC18ROGR    (1)    2 :  0.605 0.096 0.135 0.019 0.145 
587 OmyJC18ROGR    (0)    2 :  0.038 0.021 0.021 0.899 0.022 
588 OmyJC18ROGR    (0)    2 :  0.064 0.499 0.117 0.237 0.084 
589 OmyJC18ROGR    (1)    2 :  0.313 0.124 0.072 0.059 0.432 
590 OmyJC18ROGR    (2)    2 :  0.848 0.022 0.065 0.009 0.056 
591 OmyJC18ROGR    (0)    2 :  0.357 0.116 0.243 0.055 0.229 
592 OmyJC18ROGR    (3)    2 :  0.606 0.056 0.139 0.051 0.148 
593 OmyJC18ROGR    (0)    2 :  0.092 0.300 0.224 0.108 0.276 
594 OmyJC18ROGR    (1)    2 :  0.274 0.100 0.224 0.040 0.361 
595 OmyJC18ROGR    (0)    2 :  0.122 0.408 0.070 0.077 0.322 
596 OmyJC18ROGR    (1)    2 :  0.357 0.120 0.306 0.085 0.132 
597 OmyJC18ROGR    (0)    2 :  0.205 0.165 0.093 0.059 0.477 
598 OmyJC18ROGR    (1)    2 :  0.279 0.054 0.378 0.067 0.222 
599 OmyJC18ROGR    (0)    2 :  0.372 0.082 0.259 0.065 0.222 
600 OmyJC18ROGR    (0)    2 :  0.187 0.391 0.117 0.035 0.270 
601 OmyJC18ROGR    (0)    2 :  0.249 0.206 0.297 0.039 0.209 
602 OmyJC18ROGR    (0)    2 :  0.083 0.053 0.597 0.098 0.169 
603 OmyJC18ROGR    (0)    2 :  0.161 0.310 0.144 0.032 0.352 
604 OmyJC18ROGR    (0)    2 :  0.363 0.168 0.241 0.051 0.177 
605 OmyJC18ROGR    (0)    2 :  0.039 0.601 0.122 0.024 0.214 
606 OmyJC18ROGR    (0)    2 :  0.304 0.300 0.095 0.064 0.238 
