

----------------------------------------------------
STRUCTURE by Pritchard, Stephens and Donnelly (2000)
     and Falush, Stephens and Pritchard (2003)
       Code by Pritchard, Falush and Hubisz
             Version 2.3.4 (Jul 2012)
----------------------------------------------------



Command line arguments:   bin/structure -m "/Users/ddayan/FRA/premature_migration/Rogue_Half-Pounder/half-pounder/structure/halfpounder_2021/10k_20k_adm_corr/mainparams" -e "/Users/ddayan/FRA/premature_migration/Rogue_Half-Pounder/half-pounder/structure/halfpounder_2021/10k_20k_adm_corr/extraparams" 
Input File:    /Users/ddayan/FRA/premature_migration/Rogue_Half-Pounder/half-pounder/structure/halfpounder_2021/project_data

Run parameters:
   1000 individuals
   328 loci
   5 populations assumed
   10000 Burn-in period
   20000 Reps


--------------------------------------------
Proportion of membership of each pre-defined
 population in each of the 5 clusters

Given    Inferred Clusters                     Number of
 Pop       1      2      3      4      5      Individuals

  1:     0.168  0.213  0.201  0.204  0.214      275
  2:     0.190  0.201  0.208  0.193  0.209      643
  3:     0.708  0.101  0.069  0.046  0.076       42
  4:     0.079  0.283  0.321  0.055  0.262       40
--------------------------------------------

Allele-freq. divergence among pops (Net nucleotide distance),
computed using point estimates of P.

      1       2       3       4       5      
 1      -    0.0030  0.0038  0.0112  0.0037  
 2   0.0030     -    0.0009  0.0083  0.0008  
 3   0.0038  0.0009     -    0.0086  0.0011  
 4   0.0112  0.0083  0.0086     -    0.0089  
 5   0.0037  0.0008  0.0011  0.0089     -    

Average distances (expected heterozygosity) between individuals in same cluster:
cluster  1  : 0.2870 
cluster  2  : 0.2933 
cluster  3  : 0.2924 
cluster  4  : 0.2600 
cluster  5  : 0.2908 

--------------------------------------------
Estimated Ln Prob of Data   = -285908.7
Mean value of ln likelihood = -283609.9
Variance of ln likelihood   = 4597.5
Mean value of alpha         = 0.2061

Mean value of Fst_1         = 0.0252
Mean value of Fst_2         = 0.0093
Mean value of Fst_3         = 0.0134
Mean value of Fst_4         = 0.0742
Mean value of Fst_5         = 0.0127


Inferred ancestry of individuals:
        Label (%Miss) Pop:  Inferred clusters
  1 OmyAC19ROGR    (0)    1 :  0.221 0.247 0.130 0.019 0.384 
  2 OmyAC19ROGR    (0)    1 :  0.187 0.484 0.063 0.067 0.200 
  3 OmyAC19ROGR    (0)    1 :  0.222 0.344 0.090 0.068 0.276 
  4 OmyAC19ROGR    (0)    1 :  0.114 0.164 0.418 0.024 0.279 
  5 OmyAC19ROGR    (1)    1 :  0.012 0.015 0.014 0.945 0.014 
  6 OmyAC19ROGR    (0)    1 :  0.054 0.208 0.105 0.168 0.465 
  7 OmyAC19ROGR    (0)    1 :  0.156 0.138 0.377 0.196 0.132 
  8 OmyAC19ROGR    (0)    1 :  0.182 0.428 0.242 0.020 0.127 
  9 OmyAC19ROGR    (0)    1 :  0.187 0.209 0.095 0.270 0.238 
 10 OmyAC19ROGR    (0)    1 :  0.161 0.161 0.095 0.460 0.124 
 11 OmyAC19ROGR    (0)    1 :  0.163 0.075 0.362 0.062 0.337 
 12 OmyAC19ROGR    (0)    1 :  0.057 0.217 0.103 0.108 0.515 
 13 OmyAC19ROGR    (0)    1 :  0.132 0.341 0.400 0.026 0.101 
 14 OmyAC19ROGR    (0)    1 :  0.028 0.101 0.283 0.460 0.128 
 15 OmyAC19ROGR    (0)    1 :  0.036 0.082 0.395 0.420 0.066 
 16 OmyAC19ROGR    (0)    1 :  0.164 0.201 0.343 0.096 0.195 
 17 OmyAC19ROGR    (0)    1 :  0.020 0.486 0.211 0.066 0.218 
 18 OmyAC19ROGR    (2)    1 :  0.231 0.448 0.185 0.030 0.107 
 19 OmyAC19ROGR    (1)    1 :  0.148 0.385 0.344 0.050 0.073 
 20 OmyAC19ROGR    (0)    1 :  0.039 0.156 0.199 0.267 0.340 
 21 OmyAC19ROGR    (1)    1 :  0.119 0.279 0.178 0.230 0.194 
 22 OmyAC19ROGR    (0)    1 :  0.350 0.185 0.162 0.074 0.230 
 23 OmyAC19ROGR    (0)    1 :  0.104 0.386 0.102 0.248 0.160 
 24 OmyAC19ROGR    (0)    1 :  0.792 0.058 0.050 0.015 0.084 
 25 OmyAC19ROGR    (0)    1 :  0.085 0.277 0.331 0.221 0.086 
 26 OmyAC19ROGR    (0)    1 :  0.189 0.500 0.077 0.094 0.141 
 27 OmyAC19ROGR    (1)    1 :  0.060 0.111 0.533 0.050 0.246 
 28 OmyAC19ROGR    (0)    1 :  0.849 0.035 0.039 0.022 0.055 
 29 OmyAC19ROGR    (0)    1 :  0.110 0.261 0.285 0.062 0.283 
 30 OmyAC19ROGR    (0)    1 :  0.052 0.129 0.047 0.695 0.077 
 31 OmyAC19ROGR    (0)    1 :  0.124 0.275 0.182 0.047 0.372 
 32 OmyAC19ROGR    (0)    1 :  0.206 0.291 0.196 0.140 0.166 
 33 OmyAC19ROGR    (1)    1 :  0.319 0.199 0.095 0.095 0.291 
 34 OmyAC19ROGR    (0)    1 :  0.067 0.127 0.230 0.518 0.058 
 35 OmyAC19ROGR    (0)    1 :  0.275 0.357 0.116 0.072 0.179 
 36 OmyAC19ROGR    (0)    1 :  0.118 0.267 0.247 0.165 0.203 
 37 OmyAC19ROGR    (0)    1 :  0.642 0.089 0.103 0.103 0.062 
 38 OmyAC19ROGR    (0)    1 :  0.386 0.070 0.065 0.421 0.057 
 39 OmyAC19ROGR    (0)    1 :  0.048 0.625 0.100 0.061 0.166 
 40 OmyAC19ROGR    (0)    1 :  0.050 0.185 0.175 0.328 0.263 
 41 OmyAC19ROGR    (1)    1 :  0.087 0.154 0.410 0.040 0.309 
 42 OmyAC19ROGR    (0)    1 :  0.026 0.036 0.052 0.847 0.038 
 43 OmyAC19ROGR    (0)    1 :  0.131 0.326 0.077 0.038 0.428 
 44 OmyAC19ROGR    (6)    1 :  0.090 0.309 0.060 0.035 0.507 
 45 OmyAC19ROGR    (1)    1 :  0.273 0.106 0.085 0.350 0.186 
 46 OmyAC19ROGR    (0)    1 :  0.388 0.290 0.130 0.085 0.108 
 47 OmyAC19ROGR    (0)    1 :  0.701 0.078 0.067 0.069 0.085 
 48 OmyAC19ROGR    (0)    1 :  0.136 0.309 0.127 0.038 0.391 
 49 OmyAC19ROGR    (0)    1 :  0.292 0.216 0.173 0.036 0.283 
 50 OmyAC19ROGR    (0)    1 :  0.029 0.361 0.357 0.023 0.230 
 51 OmyAC19ROGR    (2)    1 :  0.048 0.052 0.071 0.755 0.074 
 52 OmyAC19ROGR    (0)    1 :  0.046 0.033 0.037 0.840 0.044 
 53 OmyAC19ROGR    (1)    1 :  0.740 0.070 0.045 0.032 0.112 
 54 OmyAC19ROGR    (0)    1 :  0.523 0.175 0.095 0.073 0.135 
 55 OmyAC19ROGR    (3)    1 :  0.052 0.462 0.235 0.069 0.182 
 56 OmyAC19ROGR    (0)    1 :  0.654 0.092 0.131 0.071 0.053 
 57 OmyAC19ROGR    (0)    1 :  0.649 0.143 0.100 0.019 0.089 
 58 OmyAC19ROGR    (0)    1 :  0.056 0.099 0.081 0.682 0.082 
 59 OmyAC19ROGR    (0)    1 :  0.524 0.144 0.107 0.019 0.206 
 60 OmyAC19ROGR    (1)    1 :  0.095 0.129 0.485 0.118 0.174 
 61 OmyAC19ROGR    (0)    1 :  0.406 0.257 0.125 0.047 0.165 
 62 OmyAC19ROGR    (0)    1 :  0.083 0.414 0.127 0.040 0.336 
 63 OmyAC19ROGR    (0)    1 :  0.447 0.084 0.072 0.245 0.151 
 64 OmyAC19ROGR    (2)    1 :  0.117 0.188 0.213 0.094 0.388 
 65 OmyAC19ROGR    (0)    1 :  0.112 0.362 0.302 0.049 0.175 
 66 OmyAC19ROGR    (3)    1 :  0.049 0.230 0.347 0.284 0.090 
 67 OmyAC19ROGR    (0)    1 :  0.560 0.134 0.167 0.033 0.106 
 68 OmyAC19ROGR    (1)    1 :  0.361 0.368 0.088 0.065 0.118 
 69 OmyAC19ROGR    (2)    1 :  0.547 0.111 0.066 0.231 0.045 
 70 OmyAC19ROGR    (0)    1 :  0.245 0.241 0.162 0.034 0.318 
 71 OmyAC19ROGR    (0)    1 :  0.140 0.329 0.283 0.041 0.207 
 72 OmyAC19ROGR    (4)    1 :  0.109 0.203 0.232 0.029 0.427 
 73 OmyAC19ROGR    (0)    1 :  0.217 0.363 0.060 0.187 0.174 
 74 OmyAC19ROGR    (0)    1 :  0.037 0.123 0.145 0.028 0.667 
 75 OmyAC19ROGR    (0)    1 :  0.285 0.232 0.235 0.134 0.115 
 76 OmyAC19ROGR    (0)    1 :  0.704 0.105 0.052 0.054 0.085 
 77 OmyAC19ROGR    (1)    1 :  0.018 0.017 0.028 0.911 0.025 
 78 OmyAC19ROGR    (0)    1 :  0.076 0.527 0.126 0.041 0.230 
 79 OmyAC19ROGR    (2)    1 :  0.136 0.442 0.122 0.055 0.244 
 80 OmyAC19ROGR    (1)    1 :  0.077 0.048 0.092 0.716 0.067 
 81 OmyAC19ROGR    (2)    1 :  0.081 0.135 0.122 0.418 0.243 
 82 OmyAC19ROGR    (1)    1 :  0.656 0.088 0.081 0.019 0.156 
 83 OmyAC19ROGR    (0)    1 :  0.373 0.223 0.188 0.050 0.165 
 84 OmyAC19ROGR    (0)    1 :  0.073 0.387 0.189 0.160 0.190 
 85 OmyAC19ROGR    (5)    1 :  0.177 0.390 0.247 0.036 0.150 
 86 OmyAC19ROGR    (0)    1 :  0.028 0.153 0.512 0.121 0.186 
 87 OmyAC19ROGR    (1)    1 :  0.427 0.246 0.127 0.045 0.155 
 88 OmyJC19ROGR    (0)    2 :  0.032 0.053 0.048 0.824 0.043 
 89 OmyJC19ROGR    (0)    2 :  0.078 0.548 0.184 0.055 0.135 
 90 OmyJC19ROGR    (0)    2 :  0.020 0.031 0.018 0.897 0.034 
 91 OmyJC19ROGR    (1)    2 :  0.363 0.194 0.278 0.017 0.149 
 92 OmyJC19ROGR    (0)    2 :  0.669 0.090 0.100 0.051 0.091 
 93 OmyJC19ROGR    (0)    2 :  0.781 0.091 0.059 0.019 0.050 
 94 OmyJC19ROGR    (0)    2 :  0.035 0.258 0.120 0.144 0.443 
 95 OmyJC19ROGR    (0)    2 :  0.032 0.515 0.075 0.131 0.246 
 96 OmyJC19ROGR    (0)    2 :  0.053 0.197 0.509 0.075 0.165 
 97 OmyJC19ROGR    (0)    2 :  0.710 0.081 0.026 0.148 0.035 
 98 OmyJC19ROGR    (0)    2 :  0.133 0.282 0.221 0.039 0.325 
 99 OmyJC19ROGR    (0)    2 :  0.533 0.101 0.164 0.079 0.122 
100 OmyJC19ROGR    (1)    2 :  0.083 0.515 0.183 0.043 0.177 
101 OmyJC19ROGR    (0)    2 :  0.169 0.151 0.078 0.502 0.100 
102 OmyJC19ROGR    (0)    2 :  0.060 0.339 0.403 0.095 0.103 
103 OmyJC19ROGR    (0)    2 :  0.140 0.362 0.189 0.138 0.171 
104 OmyJC19ROGR    (0)    2 :  0.453 0.278 0.095 0.032 0.141 
105 OmyJC19ROGR    (0)    2 :  0.515 0.032 0.076 0.142 0.235 
106 OmyJC19ROGR    (0)    2 :  0.042 0.014 0.017 0.909 0.018 
107 OmyJC19ROGR    (1)    2 :  0.162 0.105 0.504 0.106 0.124 
108 OmyJC19ROGR    (0)    2 :  0.238 0.199 0.219 0.063 0.282 
109 OmyJC19ROGR    (0)    2 :  0.026 0.171 0.466 0.186 0.151 
110 OmyJC19ROGR    (0)    2 :  0.486 0.110 0.046 0.292 0.067 
111 OmyJC19ROGR    (1)    2 :  0.561 0.135 0.140 0.087 0.077 
112 OmyJC19ROGR    (2)    2 :  0.065 0.260 0.248 0.122 0.305 
113 OmyJC19ROGR    (0)    2 :  0.061 0.102 0.127 0.623 0.086 
114 OmyJC19ROGR    (3)    2 :  0.081 0.502 0.190 0.045 0.183 
115 OmyJC19ROGR    (1)    2 :  0.302 0.091 0.042 0.053 0.512 
116 OmyJC19ROGR    (0)    2 :  0.079 0.530 0.137 0.084 0.171 
117 OmyJC19ROGR    (0)    2 :  0.055 0.346 0.145 0.159 0.294 
118 OmyJC19ROGR    (0)    2 :  0.138 0.551 0.125 0.028 0.158 
119 OmyJC19ROGR    (2)    2 :  0.051 0.214 0.466 0.044 0.225 
120 OmyJC19ROGR    (0)    2 :  0.831 0.063 0.049 0.016 0.041 
121 OmyJC19ROGR    (0)    2 :  0.043 0.260 0.272 0.042 0.382 
122 OmyJC19ROGR    (0)    2 :  0.157 0.338 0.237 0.061 0.207 
123 OmyJC19ROGR    (0)    2 :  0.174 0.179 0.459 0.022 0.166 
124 OmyJC19ROGR    (0)    2 :  0.054 0.114 0.110 0.135 0.587 
125 OmyJC19ROGR    (0)    2 :  0.381 0.222 0.064 0.120 0.213 
126 OmyJC19ROGR    (1)    2 :  0.045 0.056 0.084 0.691 0.125 
127 OmyJC19ROGR    (0)    2 :  0.050 0.048 0.805 0.036 0.061 
128 OmyJC19ROGR    (1)    2 :  0.601 0.108 0.162 0.053 0.076 
129 OmyJC19ROGR    (0)    2 :  0.114 0.455 0.064 0.281 0.086 
130 OmyJC19ROGR    (2)    2 :  0.033 0.294 0.089 0.044 0.539 
131 OmyJC19ROGR    (0)    2 :  0.163 0.367 0.101 0.079 0.290 
132 OmyJC19ROGR    (1)    2 :  0.498 0.137 0.166 0.047 0.152 
133 OmyJC19ROGR    (0)    2 :  0.104 0.484 0.101 0.028 0.283 
134 OmyJC19ROGR    (0)    2 :  0.115 0.242 0.389 0.086 0.169 
135 OmyJC19ROGR    (1)    2 :  0.861 0.032 0.035 0.030 0.043 
136 OmyJC19ROGR    (3)    2 :  0.138 0.441 0.216 0.043 0.162 
137 OmyJC19ROGR    (0)    2 :  0.046 0.077 0.504 0.179 0.194 
138 OmyJC19ROGR    (0)    2 :  0.027 0.081 0.064 0.714 0.114 
139 OmyJC19ROGR    (2)    2 :  0.058 0.531 0.126 0.023 0.262 
140 OmyJC19ROGR    (2)    2 :  0.070 0.347 0.339 0.091 0.153 
141 OmyJC19ROGR    (0)    2 :  0.157 0.168 0.224 0.303 0.148 
142 OmyJC19ROGR    (0)    2 :  0.226 0.168 0.182 0.312 0.112 
143 OmyJC19ROGR    (0)    2 :  0.713 0.080 0.038 0.058 0.111 
144 OmyJC19ROGR    (0)    2 :  0.070 0.498 0.194 0.018 0.220 
145 OmyJC19ROGR    (0)    2 :  0.041 0.202 0.282 0.027 0.448 
146 OmyJC19ROGR    (1)    2 :  0.577 0.210 0.069 0.068 0.077 
147 OmyJC19ROGR    (0)    2 :  0.170 0.127 0.535 0.058 0.110 
148 OmyJC19ROGR    (0)    2 :  0.167 0.114 0.466 0.018 0.235 
149 OmyJC19ROGR    (1)    2 :  0.425 0.261 0.129 0.071 0.115 
150 OmyJC19ROGR    (1)    2 :  0.472 0.172 0.189 0.060 0.107 
151 OmyJC19ROGR    (0)    2 :  0.153 0.393 0.219 0.104 0.130 
152 OmyJC19ROGR    (0)    2 :  0.123 0.093 0.330 0.042 0.412 
153 OmyJC19ROGR    (0)    2 :  0.864 0.047 0.035 0.032 0.022 
154 OmyJC19ROGR    (1)    2 :  0.057 0.320 0.258 0.051 0.314 
155 OmyJC19ROGR    (0)    2 :  0.255 0.234 0.197 0.093 0.221 
156 OmyJC19ROGR    (1)    2 :  0.221 0.195 0.282 0.109 0.193 
157 OmyJC19ROGR    (0)    2 :  0.235 0.209 0.122 0.072 0.362 
158 OmyJC19ROGR    (0)    2 :  0.170 0.450 0.180 0.020 0.180 
159 OmyJC19ROGR    (0)    2 :  0.042 0.194 0.296 0.040 0.429 
160 OmyJC19ROGR    (0)    2 :  0.262 0.108 0.296 0.061 0.273 
161 OmyJC19ROGR    (0)    2 :  0.277 0.174 0.130 0.025 0.395 
162 OmyJC19ROGR    (0)    2 :  0.178 0.117 0.465 0.054 0.186 
163 OmyJC19ROGR    (0)    2 :  0.602 0.104 0.141 0.038 0.114 
164 OmyJC19ROGR    (0)    2 :  0.073 0.358 0.326 0.032 0.210 
165 OmyJC19ROGR    (0)    2 :  0.156 0.270 0.158 0.023 0.394 
166 OmyJC19ROGR    (0)    2 :  0.075 0.257 0.157 0.047 0.464 
167 OmyJC19ROGR    (1)    2 :  0.405 0.212 0.163 0.089 0.131 
168 OmyJC19ROGR    (0)    2 :  0.066 0.605 0.164 0.062 0.103 
169 OmyJC19ROGR    (0)    2 :  0.014 0.021 0.027 0.912 0.027 
170 OmyJC19ROGR    (0)    2 :  0.676 0.064 0.066 0.062 0.132 
171 OmyJC19ROGR    (0)    2 :  0.089 0.232 0.265 0.029 0.385 
172 OmyJC19ROGR    (0)    2 :  0.383 0.141 0.123 0.282 0.071 
173 OmyJC19ROGR    (0)    2 :  0.030 0.024 0.045 0.865 0.034 
174 OmyJC19ROGR    (0)    2 :  0.121 0.208 0.090 0.032 0.549 
175 OmyJC19ROGR    (0)    2 :  0.056 0.431 0.118 0.024 0.370 
176 OmyJC19ROGR    (0)    2 :  0.527 0.188 0.147 0.082 0.056 
177 OmyJC19ROGR    (0)    2 :  0.794 0.050 0.040 0.015 0.100 
178 OmyJC19ROGR    (0)    2 :  0.026 0.093 0.501 0.037 0.342 
179 OmyJC19ROGR    (0)    2 :  0.397 0.201 0.158 0.022 0.222 
180 OmyJC19ROGR    (0)    2 :  0.047 0.047 0.031 0.846 0.029 
181 OmyJC19ROGR    (0)    2 :  0.099 0.194 0.244 0.046 0.417 
182 OmyJC19ROGR    (0)    2 :  0.090 0.413 0.190 0.142 0.164 
183 OmyJC19ROGR    (0)    2 :  0.082 0.183 0.281 0.032 0.422 
184 OmyJC19ROGR    (0)    2 :  0.081 0.191 0.095 0.588 0.045 
185 OmyJC19ROGR    (1)    2 :  0.046 0.838 0.039 0.010 0.067 
186 OmyJC19ROGR    (0)    2 :  0.540 0.242 0.054 0.088 0.077 
187 OmyJC19ROGR    (0)    2 :  0.048 0.080 0.092 0.027 0.753 
188 OmyJC19ROGR    (0)    2 :  0.132 0.296 0.118 0.039 0.415 
189 OmyJC19ROGR    (0)    2 :  0.377 0.196 0.134 0.168 0.125 
190 OmyJC19ROGR    (0)    2 :  0.708 0.083 0.100 0.046 0.063 
191 OmyJC19ROGR    (0)    2 :  0.357 0.094 0.078 0.041 0.431 
192 OmyJC19ROGR    (0)    2 :  0.034 0.086 0.777 0.033 0.071 
193 OmyJC19ROGR    (1)    2 :  0.131 0.183 0.255 0.112 0.320 
194 OmyJC19ROGR    (0)    2 :  0.047 0.087 0.799 0.020 0.047 
195 OmyJC19ROGR    (0)    2 :  0.024 0.068 0.067 0.773 0.068 
196 OmyJC19ROGR    (0)    2 :  0.028 0.173 0.045 0.029 0.725 
197 OmyJC19ROGR    (0)    2 :  0.394 0.164 0.164 0.054 0.224 
198 OmyJC19ROGR    (0)    2 :  0.062 0.068 0.102 0.728 0.040 
199 OmyJC19ROGR    (0)    2 :  0.092 0.519 0.176 0.027 0.186 
200 OmyJC19ROGR    (0)    2 :  0.649 0.141 0.057 0.081 0.072 
201 OmyJC19ROGR    (0)    2 :  0.073 0.184 0.326 0.025 0.392 
202 OmyJC19ROGR    (0)    2 :  0.832 0.047 0.063 0.014 0.043 
203 OmyJC19ROGR    (0)    2 :  0.120 0.129 0.170 0.037 0.543 
204 OmyJC19ROGR    (0)    2 :  0.185 0.172 0.310 0.051 0.283 
205 OmyJC19ROGR    (0)    2 :  0.111 0.119 0.144 0.131 0.495 
206 OmyJC19ROGR    (0)    2 :  0.039 0.060 0.043 0.824 0.034 
207 OmyJC19ROGR    (0)    2 :  0.097 0.181 0.216 0.252 0.254 
208 OmyJC19ROGR    (0)    2 :  0.060 0.205 0.403 0.033 0.300 
209 OmyJC19ROGR    (0)    2 :  0.192 0.218 0.050 0.470 0.069 
210 OmyJC19ROGR    (0)    2 :  0.017 0.032 0.025 0.893 0.032 
211 OmyJC19ROGR    (0)    2 :  0.124 0.429 0.196 0.155 0.096 
212 OmyJC19ROGR    (1)    2 :  0.482 0.090 0.143 0.172 0.113 
213 OmyJC19ROGR    (1)    2 :  0.091 0.220 0.128 0.041 0.520 
214 OmyJC19ROGR    (0)    2 :  0.046 0.055 0.306 0.038 0.555 
215 OmyJC19ROGR    (0)    2 :  0.079 0.218 0.602 0.029 0.072 
216 OmyJC19ROGR    (0)    2 :  0.036 0.056 0.056 0.784 0.069 
217 OmyJC19ROGR    (0)    2 :  0.080 0.118 0.266 0.397 0.139 
218 OmyJC19ROGR    (0)    2 :  0.448 0.087 0.118 0.030 0.317 
219 OmyJC19ROGR    (0)    2 :  0.040 0.169 0.537 0.094 0.161 
220 OmyJC19ROGR    (0)    2 :  0.144 0.282 0.334 0.016 0.224 
221 OmyJC19ROGR    (0)    2 :  0.067 0.196 0.164 0.218 0.355 
222 OmyJC19ROGR    (0)    2 :  0.332 0.226 0.155 0.039 0.248 
223 OmyJC19ROGR    (0)    2 :  0.107 0.100 0.339 0.053 0.401 
224 OmyJC19ROGR    (0)    2 :  0.071 0.190 0.534 0.032 0.173 
225 OmyJC19ROGR    (0)    2 :  0.012 0.020 0.022 0.926 0.020 
226 OmyJC19ROGR    (0)    2 :  0.030 0.441 0.155 0.205 0.169 
227 OmyJC19ROGR    (1)    2 :  0.041 0.026 0.026 0.874 0.034 
228 OmyJC19ROGR    (0)    2 :  0.041 0.141 0.378 0.041 0.398 
229 OmyJC19ROGR    (1)    2 :  0.149 0.273 0.105 0.028 0.446 
230 OmyJC19ROGR    (0)    2 :  0.158 0.133 0.115 0.190 0.404 
231 OmyJC19ROGR    (0)    2 :  0.053 0.222 0.279 0.079 0.367 
232 OmyJC19ROGR    (1)    2 :  0.130 0.475 0.186 0.052 0.157 
233 OmyJC19ROGR    (0)    2 :  0.114 0.125 0.300 0.145 0.316 
234 OmyJC19ROGR    (0)    2 :  0.028 0.034 0.024 0.894 0.020 
235 OmyJC19ROGR    (0)    2 :  0.098 0.099 0.101 0.638 0.064 
236 OmyJC19ROGR    (1)    2 :  0.168 0.083 0.581 0.028 0.140 
237 OmyJC19ROGR    (0)    2 :  0.154 0.211 0.391 0.051 0.192 
238 OmyJC19ROGR    (0)    2 :  0.044 0.109 0.436 0.074 0.337 
239 OmyJC19ROGR    (0)    2 :  0.086 0.386 0.394 0.076 0.058 
240 OmyJC19ROGR    (0)    2 :  0.106 0.381 0.142 0.047 0.325 
241 OmyJC19ROGR    (0)    2 :  0.457 0.187 0.117 0.081 0.157 
242 OmyJC19ROGR    (0)    2 :  0.168 0.126 0.640 0.020 0.045 
243 OmyJC19ROGR    (0)    2 :  0.329 0.226 0.157 0.055 0.232 
244 OmyJC19ROGR    (0)    2 :  0.374 0.100 0.131 0.073 0.323 
245 OmyJC19ROGR    (0)    2 :  0.023 0.027 0.018 0.907 0.024 
246 OmyJC19ROGR    (0)    2 :  0.533 0.080 0.096 0.171 0.120 
247 OmyJC19ROGR    (0)    2 :  0.138 0.072 0.084 0.584 0.123 
248 OmyJC19ROGR    (0)    2 :  0.072 0.230 0.055 0.532 0.112 
249 OmyJC19ROGR    (0)    2 :  0.053 0.187 0.221 0.063 0.477 
250 OmyJC19ROGR    (0)    2 :  0.115 0.308 0.278 0.094 0.205 
251 OmyJC19ROGR    (0)    2 :  0.074 0.174 0.129 0.051 0.572 
252 OmyJC19ROGR    (0)    2 :  0.796 0.062 0.046 0.037 0.058 
253 OmyJC19ROGR    (0)    2 :  0.067 0.436 0.261 0.077 0.158 
254 OmyJC19ROGR    (0)    2 :  0.449 0.152 0.127 0.059 0.212 
255 OmyJC19ROGR    (0)    2 :  0.470 0.225 0.065 0.035 0.206 
256 OmyJC19ROGR    (0)    2 :  0.322 0.069 0.102 0.292 0.215 
257 OmyJC19ROGR    (0)    2 :  0.055 0.130 0.098 0.062 0.655 
258 OmyAC19ROGR    (0)    1 :  0.115 0.276 0.245 0.160 0.205 
259 OmyAC19ROGR    (1)    1 :  0.085 0.238 0.215 0.358 0.104 
260 OmyAC19ROGR    (0)    1 :  0.057 0.186 0.622 0.028 0.107 
261 OmyAC19ROGR    (0)    1 :  0.038 0.547 0.122 0.044 0.249 
262 OmyAC19ROGR    (0)    1 :  0.143 0.356 0.188 0.119 0.195 
263 OmyAC19ROGR    (0)    1 :  0.487 0.096 0.113 0.057 0.247 
264 OmyAC19ROGR    (0)    1 :  0.091 0.204 0.154 0.060 0.491 
265 OmyAC19ROGR    (0)    1 :  0.164 0.244 0.190 0.049 0.353 
266 OmyAC19ROGR    (0)    1 :  0.052 0.173 0.093 0.020 0.663 
267 OmyAC19ROGR    (0)    1 :  0.108 0.344 0.196 0.134 0.218 
268 OmyAC19ROGR    (1)    1 :  0.408 0.162 0.133 0.151 0.146 
269 OmyAC19ROGR    (1)    1 :  0.063 0.356 0.236 0.134 0.211 
270 OmyAC19ROGR    (0)    1 :  0.332 0.172 0.068 0.035 0.393 
271 OmyAC19ROGR    (0)    1 :  0.073 0.204 0.309 0.287 0.127 
272 OmyAC19ROGR    (0)    1 :  0.039 0.156 0.181 0.172 0.452 
273 OmyAC19ROGR    (0)    1 :  0.136 0.297 0.305 0.035 0.227 
274 OmyAC19ROGR    (0)    1 :  0.036 0.088 0.053 0.759 0.063 
275 OmyAC19ROGR    (0)    1 :  0.296 0.185 0.312 0.101 0.107 
276 OmyAC19ROGR    (0)    1 :  0.101 0.284 0.355 0.076 0.184 
277 OmyAC19ROGR    (0)    1 :  0.038 0.273 0.381 0.071 0.238 
278 OmyAC19ROGR    (0)    1 :  0.050 0.133 0.221 0.343 0.253 
279 OmyAC19ROGR    (0)    1 :  0.049 0.133 0.556 0.196 0.067 
280 OmyAC19ROGR    (0)    1 :  0.280 0.334 0.094 0.118 0.174 
281 OmyAC19ROGR    (0)    1 :  0.068 0.507 0.289 0.047 0.089 
282 OmyAC19ROGR    (0)    1 :  0.134 0.437 0.110 0.161 0.158 
283 OmyAC19ROGR    (0)    1 :  0.074 0.268 0.316 0.052 0.290 
284 OmyAC19ROGR    (0)    1 :  0.131 0.163 0.134 0.025 0.547 
285 OmyAC19ROGR    (0)    1 :  0.302 0.186 0.247 0.059 0.206 
286 OmyAC19ROGR    (0)    1 :  0.212 0.260 0.254 0.026 0.248 
287 OmyAC19ROGR    (0)    1 :  0.012 0.013 0.014 0.948 0.013 
288 OmyAC19ROGR    (0)    1 :  0.041 0.068 0.070 0.773 0.048 
289 OmyAC19ROGR    (0)    1 :  0.086 0.204 0.420 0.148 0.142 
290 OmyAC19ROGR    (1)    1 :  0.027 0.018 0.018 0.921 0.016 
291 OmyAC19ROGR    (0)    1 :  0.140 0.113 0.130 0.424 0.193 
292 OmyAC19ROGR    (1)    1 :  0.059 0.325 0.190 0.185 0.242 
293 OmyAC19ROGR    (0)    1 :  0.689 0.119 0.091 0.028 0.073 
294 OmyAC19ROGR    (0)    1 :  0.054 0.142 0.273 0.345 0.186 
295 OmyAC19ROGR    (0)    1 :  0.136 0.209 0.292 0.026 0.337 
296 OmyAC19ROGR    (0)    1 :  0.132 0.366 0.307 0.042 0.152 
297 OmyAC19ROGR    (0)    1 :  0.031 0.078 0.065 0.750 0.077 
298 OmyAC19ROGR    (0)    1 :  0.048 0.118 0.638 0.030 0.167 
299 OmyAC19ROGR    (0)    1 :  0.274 0.118 0.230 0.251 0.127 
300 OmyAC19ROGR    (0)    1 :  0.120 0.364 0.296 0.038 0.183 
301 OmyAC19ROGR    (0)    1 :  0.018 0.035 0.033 0.877 0.037 
302 OmyAC19ROGR    (0)    1 :  0.055 0.097 0.251 0.465 0.132 
303 OmyAC19ROGR    (0)    1 :  0.051 0.352 0.296 0.113 0.188 
304 OmyAC19ROGR    (0)    1 :  0.076 0.126 0.600 0.123 0.074 
305 OmyAC19ROGR    (0)    1 :  0.069 0.187 0.568 0.033 0.143 
306 OmyAC19ROGR    (0)    1 :  0.022 0.088 0.063 0.654 0.172 
307 OmyAC19ROGR    (1)    1 :  0.184 0.370 0.224 0.028 0.194 
308 OmyAC19ROGR    (0)    1 :  0.050 0.310 0.256 0.094 0.290 
309 OmyAC19ROGR    (1)    1 :  0.029 0.032 0.037 0.861 0.041 
310 OmyAC19ROGR    (0)    1 :  0.074 0.271 0.109 0.374 0.172 
311 OmyAC19ROGR    (0)    1 :  0.045 0.163 0.226 0.476 0.091 
312 OmyAC19ROGR    (0)    1 :  0.507 0.134 0.177 0.041 0.141 
313 OmyAC19ROGR    (0)    1 :  0.091 0.229 0.383 0.018 0.279 
314 OmyAC19ROGR    (0)    1 :  0.616 0.128 0.121 0.044 0.091 
315 OmyAC19ROGR    (0)    1 :  0.105 0.246 0.208 0.072 0.369 
316 OmyAC19ROGR    (0)    1 :  0.088 0.214 0.173 0.039 0.487 
317 OmyAC19ROGR    (0)    1 :  0.396 0.330 0.163 0.041 0.070 
318 OmyAC19ROGR    (0)    1 :  0.430 0.217 0.120 0.030 0.203 
319 OmyAC19ROGR    (1)    1 :  0.109 0.243 0.334 0.019 0.295 
320 OmyAC19ROGR    (0)    1 :  0.048 0.063 0.309 0.012 0.568 
321 OmyAC19ROGR    (0)    1 :  0.077 0.251 0.299 0.029 0.344 
322 OmyAC19ROGR    (0)    1 :  0.069 0.260 0.095 0.462 0.113 
323 OmyAC19ROGR    (0)    1 :  0.036 0.220 0.325 0.030 0.388 
324 OmyAC19ROGR    (0)    1 :  0.083 0.100 0.083 0.028 0.706 
325 OmyAC19ROGR    (0)    1 :  0.040 0.351 0.084 0.310 0.216 
326 OmyAC19ROGR    (0)    1 :  0.051 0.204 0.145 0.051 0.549 
327 OmyAC19ROGR    (0)    1 :  0.120 0.059 0.247 0.037 0.537 
328 OmyAC20ROGR    (1)    1 :  0.180 0.218 0.426 0.029 0.147 
329 OmyAC20ROGR    (0)    1 :  0.298 0.211 0.289 0.078 0.124 
330 OmyAC20ROGR    (0)    1 :  0.177 0.272 0.163 0.065 0.324 
331 OmyAC20ROGR    (0)    1 :  0.134 0.089 0.143 0.289 0.345 
332 OmyAC20ROGR    (0)    1 :  0.202 0.209 0.106 0.240 0.243 
333 OmyAC20ROGR    (0)    1 :  0.311 0.090 0.091 0.304 0.205 
334 OmyAC20ROGR    (0)    1 :  0.476 0.297 0.130 0.023 0.075 
335 OmyAC20ROGR    (0)    1 :  0.188 0.269 0.183 0.044 0.317 
336 OmyAC20ROGR    (0)    1 :  0.102 0.295 0.285 0.140 0.177 
337 OmyAC20ROGR    (0)    1 :  0.077 0.107 0.222 0.436 0.159 
338 OmyAC20ROGR    (0)    1 :  0.264 0.302 0.099 0.139 0.196 
339 OmyAC20ROGR    (0)    1 :  0.104 0.238 0.279 0.102 0.278 
340 OmyAC20ROGR    (0)    1 :  0.746 0.082 0.044 0.045 0.082 
341 OmyAC20ROGR    (0)    1 :  0.658 0.098 0.067 0.081 0.096 
342 OmyAC20ROGR    (0)    1 :  0.308 0.138 0.162 0.179 0.213 
343 OmyAC20ROGR    (0)    1 :  0.263 0.298 0.101 0.058 0.280 
344 OmyAC20ROGR    (0)    1 :  0.301 0.131 0.091 0.159 0.318 
345 OmyAC20ROGR    (1)    1 :  0.049 0.362 0.159 0.134 0.297 
346 OmyAC20ROGR    (0)    1 :  0.134 0.202 0.091 0.194 0.378 
347 OmyAC20ROGR    (0)    1 :  0.073 0.269 0.119 0.247 0.293 
348 OmyAC20ROGR    (0)    1 :  0.559 0.072 0.061 0.187 0.120 
349 OmyAC20ROGR    (0)    1 :  0.304 0.256 0.086 0.062 0.292 
350 OmyAC20ROGR    (0)    1 :  0.065 0.164 0.496 0.073 0.202 
351 OmyAC20ROGR    (0)    1 :  0.264 0.217 0.130 0.112 0.277 
352 OmyAC20ROGR    (0)    1 :  0.114 0.155 0.477 0.056 0.199 
353 OmyAC20ROGR    (0)    1 :  0.110 0.290 0.211 0.033 0.357 
354 OmyAC20ROGR    (0)    1 :  0.301 0.268 0.092 0.259 0.079 
355 OmyAC20ROGR    (0)    1 :  0.271 0.466 0.152 0.059 0.052 
356 OmyAC20ROGR    (0)    1 :  0.157 0.276 0.372 0.043 0.151 
357 OmyAC20ROGR    (0)    1 :  0.051 0.145 0.348 0.105 0.351 
358 OmyAC20ROGR    (0)    1 :  0.097 0.172 0.383 0.051 0.298 
359 OmyAC20ROGR    (0)    1 :  0.020 0.082 0.663 0.177 0.057 
360 OmyAC20ROGR    (0)    1 :  0.124 0.242 0.183 0.199 0.253 
361 OmyAC20ROGR    (0)    1 :  0.041 0.090 0.365 0.045 0.459 
362 OmyAC20ROGR    (0)    1 :  0.046 0.332 0.357 0.041 0.224 
363 OmyAC20ROGR    (0)    1 :  0.317 0.201 0.132 0.133 0.216 
364 OmyAC20ROGR    (1)    1 :  0.419 0.156 0.296 0.038 0.091 
365 OmyAC20ROGR    (0)    1 :  0.077 0.199 0.268 0.021 0.435 
366 OmyAC20ROGR    (0)    1 :  0.235 0.203 0.055 0.038 0.468 
367 OmyAC20ROGR    (0)    1 :  0.071 0.199 0.104 0.086 0.539 
368 OmyAC20ROGR    (1)    1 :  0.049 0.200 0.559 0.084 0.108 
369 OmyAC20ROGR    (0)    1 :  0.211 0.197 0.174 0.331 0.087 
370 OmyAC20ROGR    (0)    1 :  0.060 0.094 0.068 0.715 0.063 
371 OmyAC20ROGR    (0)    1 :  0.029 0.068 0.046 0.814 0.044 
372 OmyAC20ROGR    (2)    1 :  0.017 0.029 0.022 0.904 0.030 
373 OmyAC20ROGR    (0)    1 :  0.042 0.126 0.099 0.450 0.282 
374 OmyAC20ROGR    (0)    1 :  0.185 0.163 0.269 0.026 0.357 
375 OmyAC20ROGR    (0)    1 :  0.063 0.168 0.201 0.084 0.483 
376 OmyAC20ROGR    (0)    1 :  0.074 0.200 0.125 0.504 0.097 
377 OmyAC20ROGR    (0)    1 :  0.294 0.150 0.113 0.025 0.418 
378 OmyAC20ROGR    (0)    1 :  0.167 0.434 0.277 0.022 0.100 
379 OmyAC20ROGR    (0)    1 :  0.125 0.146 0.152 0.439 0.137 
380 OmyAC20ROGR    (1)    1 :  0.054 0.236 0.079 0.025 0.606 
381 OmyAC20ROGR    (0)    1 :  0.040 0.212 0.277 0.090 0.380 
382 OmyAC20ROGR    (0)    1 :  0.017 0.039 0.039 0.862 0.043 
383 OmyAC20ROGR    (0)    1 :  0.029 0.391 0.125 0.132 0.323 
384 OmyAC20ROGR    (0)    1 :  0.144 0.267 0.119 0.331 0.138 
385 OmyAC20ROGR    (0)    1 :  0.030 0.162 0.358 0.231 0.219 
386 OmyAC20ROGR    (0)    1 :  0.086 0.237 0.131 0.139 0.407 
387 OmyAC20ROGR    (0)    1 :  0.035 0.077 0.213 0.353 0.323 
388 OmyAC20ROGR    (0)    1 :  0.294 0.132 0.136 0.282 0.156 
389 OmyAC20ROGR    (0)    1 :  0.051 0.084 0.630 0.025 0.210 
390 OmyAC20ROGR    (0)    1 :  0.118 0.260 0.342 0.024 0.255 
391 OmyAC20ROGR    (0)    1 :  0.226 0.104 0.142 0.432 0.096 
392 OmyAC20ROGR    (0)    1 :  0.165 0.225 0.134 0.287 0.189 
393 OmyAC20ROGR    (0)    1 :  0.177 0.137 0.196 0.061 0.429 
394 OmyAC20ROGR    (1)    1 :  0.044 0.165 0.599 0.071 0.121 
395 OmyAC20ROGR    (0)    1 :  0.200 0.463 0.087 0.068 0.182 
396 OmyAC20ROGR    (0)    1 :  0.065 0.129 0.508 0.042 0.256 
397 OmyAC20ROGR    (0)    1 :  0.050 0.223 0.178 0.267 0.283 
398 OmyAC20ROGR    (0)    1 :  0.108 0.068 0.045 0.711 0.069 
399 OmyAC20ROGR    (0)    1 :  0.105 0.253 0.159 0.226 0.257 
400 OmyAC20ROGR    (0)    1 :  0.112 0.297 0.192 0.130 0.268 
401 OmyAC20ROGR    (1)    1 :  0.046 0.039 0.027 0.858 0.030 
402 OmyAC20ROGR    (0)    1 :  0.470 0.172 0.171 0.026 0.161 
403 OmyAC20ROGR    (0)    1 :  0.275 0.298 0.238 0.128 0.061 
404 OmyAC20ROGR    (0)    1 :  0.207 0.348 0.162 0.023 0.259 
405 OmyAC20ROGR    (0)    1 :  0.039 0.181 0.172 0.312 0.296 
406 OmyAC20ROGR    (0)    1 :  0.235 0.334 0.217 0.071 0.144 
407 OmyAC20ROGR    (0)    1 :  0.035 0.179 0.283 0.049 0.454 
408 OmyAC20ROGR    (0)    1 :  0.220 0.412 0.143 0.081 0.144 
409 OmyAC20ROGR    (0)    1 :  0.032 0.173 0.389 0.054 0.352 
410 OmyAC20ROGR    (0)    1 :  0.019 0.025 0.039 0.882 0.035 
411 OmyAC20ROGR    (0)    1 :  0.062 0.119 0.174 0.570 0.076 
412 OmyAC20ROGR    (0)    1 :  0.415 0.099 0.144 0.111 0.230 
413 OmyAC20ROGR    (0)    1 :  0.024 0.139 0.402 0.045 0.391 
414 OmyAC20ROGR    (0)    1 :  0.238 0.160 0.164 0.350 0.089 
415 OmyAC20ROGR    (0)    1 :  0.118 0.464 0.211 0.026 0.181 
416 OmyAC20ROGR    (0)    1 :  0.197 0.310 0.172 0.078 0.243 
417 OmyAC20ROGR    (0)    1 :  0.126 0.094 0.443 0.032 0.305 
418 OmyAC20ROGR    (0)    1 :  0.081 0.252 0.244 0.157 0.266 
419 OmyAC20ROGR    (0)    1 :  0.036 0.119 0.248 0.417 0.181 
420 OmyAC20ROGR    (0)    1 :  0.247 0.246 0.305 0.033 0.168 
421 OmyAC20ROGR    (0)    1 :  0.203 0.214 0.149 0.117 0.318 
422 OmyAC20ROGR    (0)    1 :  0.031 0.032 0.029 0.878 0.030 
423 OmyAC20ROGR    (0)    1 :  0.027 0.090 0.143 0.038 0.702 
424 OmyAC20ROGR    (0)    1 :  0.040 0.558 0.244 0.024 0.134 
425 OmyAC20ROGR    (0)    1 :  0.082 0.028 0.025 0.841 0.025 
426 OmyAC20ROGR    (0)    1 :  0.056 0.399 0.131 0.081 0.334 
427 OmyAC20ROGR    (0)    1 :  0.063 0.176 0.209 0.201 0.351 
428 OmyAC20ROGR    (0)    1 :  0.020 0.030 0.019 0.900 0.031 
429 OmyAC20ROGR    (0)    1 :  0.066 0.115 0.597 0.029 0.194 
430 OmyAC20ROGR    (0)    1 :  0.039 0.348 0.312 0.089 0.212 
431 OmyAC20ROGR    (0)    1 :  0.122 0.192 0.097 0.485 0.104 
432 OmyAC20ROGR    (0)    1 :  0.028 0.040 0.039 0.849 0.045 
433 OmyAC20ROGR    (0)    1 :  0.032 0.036 0.034 0.877 0.020 
434 OmyAC20ROGR    (0)    1 :  0.023 0.360 0.321 0.182 0.115 
435 OmyAC20ROGR    (0)    1 :  0.084 0.464 0.043 0.016 0.394 
436 OmyAC20ROGR    (0)    1 :  0.023 0.177 0.140 0.045 0.615 
437 OmyAC20ROGR    (0)    1 :  0.049 0.077 0.158 0.636 0.079 
438 OmyAC20ROGR    (0)    1 :  0.065 0.316 0.230 0.311 0.078 
439 OmyAC20ROGR    (0)    1 :  0.064 0.290 0.286 0.060 0.299 
440 OmyAC20ROGR    (0)    1 :  0.049 0.061 0.043 0.760 0.087 
441 OmyAC20ROGR    (0)    1 :  0.113 0.241 0.432 0.020 0.193 
442 OmyAC20ROGR    (0)    1 :  0.065 0.387 0.305 0.058 0.185 
443 OmyAC20ROGR    (0)    1 :  0.474 0.349 0.121 0.021 0.035 
444 OmyAC20ROGR    (0)    1 :  0.036 0.207 0.321 0.103 0.333 
445 OmyAC20ROGR    (0)    1 :  0.041 0.217 0.435 0.086 0.221 
446 OmyJC18ROGR    (0)    2 :  0.586 0.093 0.119 0.046 0.156 
447 OmyJC18ROGR    (0)    2 :  0.074 0.223 0.225 0.051 0.427 
448 OmyJC18ROGR    (0)    2 :  0.030 0.211 0.122 0.064 0.573 
449 OmyJC18ROGR    (0)    2 :  0.081 0.059 0.117 0.663 0.081 
450 OmyJC18ROGR    (0)    2 :  0.088 0.104 0.086 0.656 0.067 
451 OmyJC18ROGR    (0)    2 :  0.022 0.050 0.039 0.854 0.034 
452 OmyJC18ROGR    (0)    2 :  0.190 0.232 0.095 0.261 0.221 
453 OmyJC18ROGR    (0)    2 :  0.561 0.189 0.158 0.031 0.061 
454 OmyJC18ROGR    (0)    2 :  0.026 0.055 0.037 0.842 0.040 
455 OmyJC18ROGR    (0)    2 :  0.045 0.193 0.511 0.032 0.220 
456 OmyJC18ROGR    (0)    2 :  0.020 0.041 0.051 0.848 0.040 
457 OmyJC18ROGR    (0)    2 :  0.040 0.372 0.178 0.047 0.362 
458 OmyJC18ROGR    (0)    2 :  0.454 0.122 0.148 0.150 0.126 
459 OmyJC18ROGR    (0)    2 :  0.258 0.154 0.343 0.022 0.223 
460 OmyJC18ROGR    (2)    2 :  0.085 0.194 0.187 0.397 0.136 
461 OmyJC18ROGR    (1)    2 :  0.224 0.197 0.142 0.311 0.126 
462 OmyJC18ROGR    (3)    2 :  0.106 0.236 0.187 0.384 0.088 
463 OmyJC18ROGR    (1)    2 :  0.075 0.079 0.092 0.674 0.081 
464 OmyJC18ROGR    (3)    2 :  0.029 0.182 0.069 0.028 0.692 
465 OmyJC18ROGR    (3)    2 :  0.048 0.205 0.499 0.049 0.199 
466 OmyJC18ROGR    (0)    2 :  0.075 0.487 0.113 0.147 0.178 
467 OmyJC18ROGR    (1)    2 :  0.062 0.417 0.335 0.038 0.148 
468 OmyJC18ROGR    (0)    2 :  0.044 0.090 0.691 0.041 0.134 
469 OmyJC18ROGR    (0)    2 :  0.042 0.089 0.083 0.744 0.042 
470 OmyJC18ROGR    (3)    2 :  0.065 0.091 0.259 0.474 0.111 
471 OmyJC18ROGR    (1)    2 :  0.140 0.201 0.152 0.302 0.205 
472 OmyJC18ROGR    (1)    2 :  0.058 0.400 0.122 0.075 0.345 
473 OmyJC18ROGR    (2)    2 :  0.063 0.242 0.102 0.029 0.564 
474 OmyJC18ROGR    (0)    2 :  0.510 0.131 0.109 0.046 0.204 
475 OmyJC18ROGR    (1)    2 :  0.199 0.054 0.036 0.669 0.042 
476 OmyJC18ROGR    (2)    2 :  0.340 0.232 0.178 0.022 0.228 
477 OmyJC18ROGR    (3)    2 :  0.084 0.298 0.382 0.109 0.128 
478 OmyJC18ROGR    (0)    2 :  0.356 0.333 0.100 0.047 0.164 
479 OmyJC18ROGR    (0)    2 :  0.050 0.120 0.182 0.020 0.628 
480 OmyJC18ROGR    (0)    2 :  0.069 0.255 0.155 0.145 0.376 
481 OmyJC18ROGR    (2)    2 :  0.196 0.291 0.094 0.228 0.192 
482 OmyJC18ROGR    (3)    2 :  0.067 0.241 0.530 0.019 0.142 
483 OmyJC18ROGR    (3)    2 :  0.032 0.263 0.474 0.043 0.187 
484 OmyJC18ROGR    (3)    2 :  0.168 0.332 0.328 0.040 0.133 
485 OmyJC18ROGR    (2)    2 :  0.036 0.072 0.084 0.624 0.184 
486 OmyJC18ROGR    (2)    2 :  0.066 0.164 0.261 0.410 0.099 
487 OmyJC18ROGR    (1)    2 :  0.249 0.444 0.094 0.089 0.125 
488 OmyJC18ROGR    (3)    2 :  0.083 0.461 0.159 0.055 0.243 
489 OmyJC18ROGR    (0)    2 :  0.105 0.503 0.180 0.036 0.176 
490 OmyJC18ROGR    (2)    2 :  0.112 0.293 0.286 0.083 0.227 
491 OmyJC18ROGR    (4)    2 :  0.571 0.097 0.108 0.115 0.110 
492 OmyJC18ROGR    (4)    2 :  0.773 0.072 0.086 0.021 0.048 
493 OmyJC18ROGR    (3)    2 :  0.044 0.445 0.176 0.117 0.218 
494 OmyJC18ROGR    (3)    2 :  0.022 0.032 0.034 0.886 0.026 
495 OmyJC18ROGR    (3)    2 :  0.447 0.127 0.089 0.174 0.164 
496 OmyJC18ROGR    (0)    2 :  0.255 0.303 0.242 0.079 0.121 
497 OmyJC18ROGR    (5)    2 :  0.175 0.193 0.277 0.094 0.260 
498 OmyJC18ROGR    (3)    2 :  0.156 0.335 0.095 0.197 0.217 
499 OmyJC18ROGR    (1)    2 :  0.139 0.369 0.274 0.048 0.171 
500 OmyJC18ROGR    (1)    2 :  0.142 0.228 0.418 0.027 0.185 
501 OmyJC18ROGR    (3)    2 :  0.070 0.225 0.109 0.431 0.164 
502 OmyJC18ROGR    (1)    2 :  0.029 0.049 0.562 0.200 0.159 
503 OmyJC18ROGR    (4)    2 :  0.035 0.186 0.306 0.052 0.421 
504 OmyJC18ROGR    (1)    2 :  0.036 0.092 0.464 0.308 0.100 
505 OmyJC18ROGR    (0)    2 :  0.308 0.140 0.166 0.263 0.123 
506 OmyJC18ROGR    (6)    2 :  0.267 0.458 0.127 0.053 0.095 
507 OmyJC18ROGR    (0)    2 :  0.075 0.300 0.261 0.152 0.213 
508 OmyJC18ROGR    (0)    2 :  0.077 0.162 0.550 0.077 0.134 
509 OmyJC18ROGR    (2)    2 :  0.029 0.029 0.030 0.886 0.026 
510 OmyJC18ROGR    (1)    2 :  0.134 0.337 0.291 0.029 0.210 
511 OmyJC18ROGR    (3)    2 :  0.700 0.063 0.049 0.129 0.059 
512 OmyJC18ROGR    (2)    2 :  0.025 0.079 0.085 0.743 0.068 
513 OmyJC18ROGR    (7)    2 :  0.450 0.185 0.118 0.167 0.080 
514 OmyJC18ROGR    (3)    2 :  0.213 0.044 0.090 0.558 0.095 
515 OmyJC18ROGR    (0)    2 :  0.116 0.416 0.192 0.063 0.213 
516 OmyJC18ROGR    (2)    2 :  0.117 0.144 0.100 0.212 0.427 
517 OmyJC18ROGR    (2)    2 :  0.281 0.299 0.090 0.231 0.100 
518 OmyJC18ROGR    (0)    2 :  0.087 0.174 0.384 0.046 0.308 
519 OmyJC18ROGR    (7)    2 :  0.730 0.057 0.042 0.050 0.120 
520 OmyJC18ROGR    (4)    2 :  0.336 0.224 0.059 0.175 0.206 
521 OmyJC18ROGR    (1)    2 :  0.210 0.349 0.092 0.163 0.186 
522 OmyJC18ROGR    (1)    2 :  0.036 0.387 0.290 0.106 0.181 
523 OmyJC18ROGR    (3)    2 :  0.081 0.197 0.506 0.038 0.178 
524 OmyJC18ROGR    (1)    2 :  0.045 0.236 0.414 0.038 0.267 
525 OmyJC18ROGR    (2)    2 :  0.341 0.105 0.308 0.149 0.097 
526 OmyJC18ROGR    (1)    2 :  0.356 0.163 0.271 0.079 0.131 
527 OmyJC18ROGR    (0)    2 :  0.287 0.218 0.152 0.037 0.306 
528 OmyJC18ROGR    (0)    2 :  0.066 0.098 0.345 0.031 0.460 
529 OmyJC18ROGR    (1)    2 :  0.067 0.273 0.080 0.031 0.549 
530 OmyJC18ROGR    (0)    2 :  0.035 0.133 0.647 0.028 0.157 
531 OmyJC18ROGR    (0)    2 :  0.028 0.097 0.132 0.039 0.703 
532 OmyJC18ROGR    (1)    2 :  0.064 0.426 0.316 0.023 0.171 
533 OmyJC18ROGR    (2)    2 :  0.161 0.235 0.072 0.020 0.511 
534 OmyJC18ROGR    (2)    2 :  0.059 0.353 0.245 0.063 0.280 
535 OmyJC18ROGR    (0)    2 :  0.334 0.214 0.137 0.044 0.270 
536 OmyJC18ROGR    (0)    2 :  0.678 0.074 0.052 0.032 0.164 
537 OmyJC18ROGR    (0)    2 :  0.295 0.221 0.152 0.028 0.305 
538 OmyJC18ROGR    (0)    2 :  0.038 0.167 0.120 0.044 0.632 
539 OmyJC18ROGR    (1)    2 :  0.102 0.142 0.483 0.058 0.215 
540 OmyJC18ROGR    (6)    2 :  0.087 0.732 0.079 0.035 0.068 
541 OmyJC18ROGR    (1)    2 :  0.101 0.152 0.119 0.050 0.577 
542 OmyJC18ROGR    (1)    2 :  0.101 0.118 0.096 0.154 0.531 
543 OmyJC18ROGR    (0)    2 :  0.060 0.298 0.173 0.214 0.254 
544 OmyJC18ROGR    (2)    2 :  0.176 0.230 0.109 0.040 0.445 
545 OmyJC18ROGR    (1)    2 :  0.027 0.109 0.217 0.583 0.063 
546 OmyJC18ROGR    (6)    2 :  0.043 0.106 0.118 0.016 0.718 
547 OmyJC18ROGR    (0)    2 :  0.028 0.293 0.275 0.127 0.277 
548 OmyJC18ROGR    (1)    2 :  0.107 0.582 0.079 0.126 0.105 
549 OmyJC18ROGR    (0)    2 :  0.051 0.196 0.123 0.045 0.586 
550 OmyJC18ROGR    (1)    2 :  0.043 0.081 0.054 0.783 0.039 
551 OmyJC18ROGR    (1)    2 :  0.493 0.248 0.065 0.058 0.137 
552 OmyJC18ROGR    (2)    2 :  0.069 0.265 0.160 0.109 0.398 
553 OmyJC18ROGR    (7)    2 :  0.144 0.125 0.174 0.064 0.493 
554 OmyJC18ROGR    (2)    2 :  0.129 0.261 0.143 0.035 0.433 
555 OmyJC18ROGR    (3)    2 :  0.202 0.291 0.193 0.037 0.277 
556 OmyJC18ROGR    (0)    2 :  0.721 0.077 0.036 0.072 0.094 
557 OmyJC18ROGR    (1)    2 :  0.071 0.194 0.132 0.514 0.089 
558 OmyJC18ROGR    (0)    2 :  0.672 0.068 0.041 0.145 0.074 
559 OmyJC18ROGR    (0)    2 :  0.058 0.231 0.596 0.027 0.087 
560 OmyJC18ROGR    (5)    2 :  0.217 0.438 0.188 0.094 0.063 
561 OmyJC18ROGR    (0)    2 :  0.038 0.135 0.643 0.027 0.156 
562 OmyJC18ROGR    (6)    2 :  0.316 0.129 0.139 0.047 0.368 
563 OmyJC18ROGR    (2)    2 :  0.180 0.342 0.160 0.064 0.254 
564 OmyJC18ROGR    (3)    2 :  0.310 0.113 0.061 0.273 0.242 
565 OmyJC18ROGR    (3)    2 :  0.119 0.414 0.226 0.086 0.156 
566 OmyJC18ROGR    (1)    2 :  0.052 0.406 0.382 0.066 0.094 
567 OmyJC18ROGR    (0)    2 :  0.083 0.215 0.600 0.029 0.074 
568 OmyJC18ROGR    (3)    2 :  0.286 0.113 0.059 0.116 0.425 
569 OmyJC18ROGR    (2)    2 :  0.097 0.381 0.301 0.052 0.169 
570 OmyJC18ROGR    (0)    2 :  0.037 0.261 0.392 0.075 0.235 
571 OmyJC18ROGR    (1)    2 :  0.029 0.181 0.383 0.020 0.387 
572 OmyJC18ROGR    (4)    2 :  0.451 0.108 0.298 0.053 0.089 
573 OmyJC18ROGR    (3)    2 :  0.167 0.146 0.146 0.423 0.119 
574 OmyJC18ROGR    (5)    2 :  0.116 0.160 0.082 0.175 0.466 
575 OmyJC18ROGR    (3)    2 :  0.352 0.290 0.073 0.028 0.257 
576 OmyJC18ROGR    (0)    2 :  0.165 0.161 0.200 0.068 0.407 
577 OmyJC18ROGR    (0)    2 :  0.024 0.035 0.039 0.860 0.042 
578 OmyJC18ROGR    (1)    2 :  0.041 0.228 0.284 0.036 0.411 
579 OmyJC18ROGR    (0)    2 :  0.080 0.060 0.065 0.742 0.053 
580 OmyJC18ROGR    (0)    2 :  0.240 0.211 0.330 0.018 0.201 
581 OmyJC18ROGR    (3)    2 :  0.083 0.299 0.375 0.059 0.183 
582 OmyJC18ROGR    (6)    2 :  0.211 0.254 0.244 0.028 0.263 
583 OmyJC18ROGR    (3)    2 :  0.343 0.068 0.067 0.033 0.489 
584 OmyJC18ROGR    (3)    2 :  0.236 0.149 0.256 0.087 0.273 
585 OmyJC18ROGR    (1)    2 :  0.043 0.696 0.062 0.046 0.153 
586 OmyJC18ROGR    (1)    2 :  0.075 0.115 0.194 0.018 0.598 
587 OmyJC18ROGR    (0)    2 :  0.018 0.018 0.020 0.917 0.027 
588 OmyJC18ROGR    (0)    2 :  0.483 0.128 0.089 0.205 0.095 
589 OmyJC18ROGR    (1)    2 :  0.132 0.351 0.115 0.063 0.340 
590 OmyJC18ROGR    (2)    2 :  0.026 0.107 0.118 0.009 0.740 
591 OmyJC18ROGR    (0)    2 :  0.113 0.293 0.226 0.052 0.316 
592 OmyJC18ROGR    (3)    2 :  0.059 0.108 0.195 0.051 0.587 
593 OmyJC18ROGR    (0)    2 :  0.321 0.302 0.114 0.115 0.148 
594 OmyJC18ROGR    (1)    2 :  0.082 0.429 0.209 0.039 0.241 
595 OmyJC18ROGR    (0)    2 :  0.341 0.399 0.079 0.066 0.114 
596 OmyJC18ROGR    (1)    2 :  0.109 0.120 0.342 0.094 0.334 
597 OmyJC18ROGR    (0)    2 :  0.146 0.505 0.120 0.059 0.170 
598 OmyJC18ROGR    (1)    2 :  0.059 0.253 0.316 0.071 0.302 
599 OmyJC18ROGR    (0)    2 :  0.071 0.286 0.246 0.062 0.334 
600 OmyJC18ROGR    (0)    2 :  0.452 0.212 0.108 0.035 0.193 
601 OmyJC18ROGR    (0)    2 :  0.219 0.250 0.254 0.031 0.246 
602 OmyJC18ROGR    (0)    2 :  0.058 0.166 0.632 0.079 0.065 
603 OmyJC18ROGR    (0)    2 :  0.304 0.341 0.144 0.034 0.176 
604 OmyJC18ROGR    (0)    2 :  0.197 0.151 0.207 0.047 0.399 
605 OmyJC18ROGR    (0)    2 :  0.671 0.147 0.095 0.023 0.064 
606 OmyJC18ROGR    (0)    2 :  0.298 0.238 0.139 0.052 0.273 
