

----------------------------------------------------
STRUCTURE by Pritchard, Stephens and Donnelly (2000)
     and Falush, Stephens and Pritchard (2003)
       Code by Pritchard, Falush and Hubisz
             Version 2.3.4 (Jul 2012)
----------------------------------------------------



Command line arguments:   bin/structure -m "/Users/ddayan/FRA/premature_migration/Rogue_Half-Pounder/half-pounder/structure/halfpounder_2021/10k_20k_adm_corr/mainparams" -e "/Users/ddayan/FRA/premature_migration/Rogue_Half-Pounder/half-pounder/structure/halfpounder_2021/10k_20k_adm_corr/extraparams" 
Input File:    /Users/ddayan/FRA/premature_migration/Rogue_Half-Pounder/half-pounder/structure/halfpounder_2021/project_data

Run parameters:
   1000 individuals
   328 loci
   3 populations assumed
   10000 Burn-in period
   20000 Reps


--------------------------------------------
Proportion of membership of each pre-defined
 population in each of the 3 clusters

Given    Inferred Clusters       Number of
 Pop       1      2      3      Individuals

  1:     0.366  0.320  0.314      275
  2:     0.367  0.334  0.299      643
  3:     0.138  0.738  0.124       42
  4:     0.587  0.249  0.165       40
--------------------------------------------

Allele-freq. divergence among pops (Net nucleotide distance),
computed using point estimates of P.

      1       2       3      
 1      -    0.0035  0.0094  
 2   0.0035     -    0.0114  
 3   0.0094  0.0114     -    

Average distances (expected heterozygosity) between individuals in same cluster:
cluster  1  : 0.2954 
cluster  2  : 0.2897 
cluster  3  : 0.2628 

--------------------------------------------
Estimated Ln Prob of Data   = -285195.0
Mean value of ln likelihood = -284313.5
Variance of ln likelihood   = 1763.0
Mean value of alpha         = 0.6398

Mean value of Fst_1         = 0.0068
Mean value of Fst_2         = 0.0266
Mean value of Fst_3         = 0.0795


Inferred ancestry of individuals:
        Label (%Miss) Pop:  Inferred clusters
  1 OmyAC19ROGR    (0)    1 :  0.417 0.530 0.053 
  2 OmyAC19ROGR    (0)    1 :  0.209 0.550 0.241 
  3 OmyAC19ROGR    (0)    1 :  0.209 0.579 0.212 
  4 OmyAC19ROGR    (0)    1 :  0.523 0.398 0.080 
  5 OmyAC19ROGR    (1)    1 :  0.044 0.030 0.926 
  6 OmyAC19ROGR    (0)    1 :  0.400 0.227 0.374 
  7 OmyAC19ROGR    (0)    1 :  0.358 0.284 0.358 
  8 OmyAC19ROGR    (0)    1 :  0.433 0.503 0.064 
  9 OmyAC19ROGR    (0)    1 :  0.200 0.393 0.407 
 10 OmyAC19ROGR    (0)    1 :  0.159 0.289 0.552 
 11 OmyAC19ROGR    (0)    1 :  0.490 0.321 0.189 
 12 OmyAC19ROGR    (0)    1 :  0.585 0.168 0.247 
 13 OmyAC19ROGR    (0)    1 :  0.510 0.387 0.102 
 14 OmyAC19ROGR    (0)    1 :  0.362 0.078 0.560 
 15 OmyAC19ROGR    (0)    1 :  0.379 0.099 0.522 
 16 OmyAC19ROGR    (0)    1 :  0.403 0.350 0.247 
 17 OmyAC19ROGR    (0)    1 :  0.693 0.086 0.221 
 18 OmyAC19ROGR    (2)    1 :  0.262 0.639 0.098 
 19 OmyAC19ROGR    (1)    1 :  0.405 0.413 0.181 
 20 OmyAC19ROGR    (0)    1 :  0.482 0.138 0.381 
 21 OmyAC19ROGR    (1)    1 :  0.276 0.298 0.426 
 22 OmyAC19ROGR    (0)    1 :  0.190 0.609 0.202 
 23 OmyAC19ROGR    (0)    1 :  0.225 0.299 0.476 
 24 OmyAC19ROGR    (0)    1 :  0.125 0.818 0.058 
 25 OmyAC19ROGR    (0)    1 :  0.383 0.221 0.395 
 26 OmyAC19ROGR    (0)    1 :  0.222 0.513 0.265 
 27 OmyAC19ROGR    (1)    1 :  0.653 0.175 0.171 
 28 OmyAC19ROGR    (0)    1 :  0.082 0.829 0.089 
 29 OmyAC19ROGR    (0)    1 :  0.412 0.391 0.197 
 30 OmyAC19ROGR    (0)    1 :  0.129 0.154 0.717 
 31 OmyAC19ROGR    (0)    1 :  0.471 0.377 0.151 
 32 OmyAC19ROGR    (0)    1 :  0.261 0.444 0.295 
 33 OmyAC19ROGR    (1)    1 :  0.266 0.507 0.227 
 34 OmyAC19ROGR    (0)    1 :  0.241 0.162 0.597 
 35 OmyAC19ROGR    (0)    1 :  0.252 0.571 0.178 
 36 OmyAC19ROGR    (0)    1 :  0.384 0.250 0.367 
 37 OmyAC19ROGR    (0)    1 :  0.158 0.581 0.261 
 38 OmyAC19ROGR    (0)    1 :  0.116 0.356 0.528 
 39 OmyAC19ROGR    (0)    1 :  0.472 0.254 0.274 
 40 OmyAC19ROGR    (0)    1 :  0.403 0.135 0.462 
 41 OmyAC19ROGR    (1)    1 :  0.653 0.211 0.135 
 42 OmyAC19ROGR    (0)    1 :  0.107 0.057 0.836 
 43 OmyAC19ROGR    (0)    1 :  0.425 0.425 0.150 
 44 OmyAC19ROGR    (6)    1 :  0.438 0.411 0.151 
 45 OmyAC19ROGR    (1)    1 :  0.173 0.365 0.462 
 46 OmyAC19ROGR    (0)    1 :  0.199 0.598 0.204 
 47 OmyAC19ROGR    (0)    1 :  0.152 0.681 0.167 
 48 OmyAC19ROGR    (0)    1 :  0.492 0.368 0.141 
 49 OmyAC19ROGR    (0)    1 :  0.376 0.522 0.102 
 50 OmyAC19ROGR    (0)    1 :  0.798 0.123 0.080 
 51 OmyAC19ROGR    (2)    1 :  0.141 0.100 0.758 
 52 OmyAC19ROGR    (0)    1 :  0.070 0.072 0.858 
 53 OmyAC19ROGR    (1)    1 :  0.127 0.764 0.109 
 54 OmyAC19ROGR    (0)    1 :  0.205 0.584 0.211 
 55 OmyAC19ROGR    (3)    1 :  0.568 0.205 0.227 
 56 OmyAC19ROGR    (0)    1 :  0.149 0.632 0.218 
 57 OmyAC19ROGR    (0)    1 :  0.175 0.759 0.067 
 58 OmyAC19ROGR    (0)    1 :  0.145 0.121 0.734 
 59 OmyAC19ROGR    (0)    1 :  0.268 0.659 0.072 
 60 OmyAC19ROGR    (1)    1 :  0.451 0.252 0.298 
 61 OmyAC19ROGR    (0)    1 :  0.228 0.614 0.158 
 62 OmyAC19ROGR    (0)    1 :  0.508 0.364 0.128 
 63 OmyAC19ROGR    (0)    1 :  0.135 0.494 0.371 
 64 OmyAC19ROGR    (2)    1 :  0.550 0.252 0.197 
 65 OmyAC19ROGR    (0)    1 :  0.533 0.328 0.139 
 66 OmyAC19ROGR    (3)    1 :  0.370 0.147 0.483 
 67 OmyAC19ROGR    (0)    1 :  0.217 0.678 0.105 
 68 OmyAC19ROGR    (1)    1 :  0.226 0.580 0.193 
 69 OmyAC19ROGR    (2)    1 :  0.095 0.533 0.372 
 70 OmyAC19ROGR    (0)    1 :  0.363 0.531 0.106 
 71 OmyAC19ROGR    (0)    1 :  0.483 0.389 0.127 
 72 OmyAC19ROGR    (4)    1 :  0.612 0.294 0.094 
 73 OmyAC19ROGR    (0)    1 :  0.184 0.457 0.359 
 74 OmyAC19ROGR    (0)    1 :  0.788 0.118 0.094 
 75 OmyAC19ROGR    (0)    1 :  0.316 0.403 0.281 
 76 OmyAC19ROGR    (0)    1 :  0.116 0.737 0.147 
 77 OmyAC19ROGR    (1)    1 :  0.053 0.043 0.904 
 78 OmyAC19ROGR    (0)    1 :  0.557 0.298 0.146 
 79 OmyAC19ROGR    (2)    1 :  0.334 0.493 0.173 
 80 OmyAC19ROGR    (1)    1 :  0.140 0.136 0.724 
 81 OmyAC19ROGR    (2)    1 :  0.269 0.182 0.549 
 82 OmyAC19ROGR    (1)    1 :  0.183 0.755 0.062 
 83 OmyAC19ROGR    (0)    1 :  0.244 0.590 0.166 
 84 OmyAC19ROGR    (0)    1 :  0.373 0.247 0.380 
 85 OmyAC19ROGR    (5)    1 :  0.378 0.495 0.127 
 86 OmyAC19ROGR    (0)    1 :  0.630 0.084 0.286 
 87 OmyAC19ROGR    (1)    1 :  0.235 0.615 0.150 
 88 OmyJC19ROGR    (0)    2 :  0.100 0.067 0.833 
 89 OmyJC19ROGR    (0)    2 :  0.464 0.293 0.244 
 90 OmyJC19ROGR    (0)    2 :  0.068 0.049 0.883 
 91 OmyJC19ROGR    (1)    2 :  0.444 0.505 0.051 
 92 OmyJC19ROGR    (0)    2 :  0.155 0.692 0.154 
 93 OmyJC19ROGR    (0)    2 :  0.106 0.836 0.059 
 94 OmyJC19ROGR    (0)    2 :  0.506 0.137 0.356 
 95 OmyJC19ROGR    (0)    2 :  0.518 0.166 0.316 
 96 OmyJC19ROGR    (0)    2 :  0.601 0.194 0.205 
 97 OmyJC19ROGR    (0)    2 :  0.078 0.643 0.279 
 98 OmyJC19ROGR    (0)    2 :  0.516 0.366 0.119 
 99 OmyJC19ROGR    (0)    2 :  0.173 0.620 0.207 
100 OmyJC19ROGR    (1)    2 :  0.486 0.345 0.169 
101 OmyJC19ROGR    (0)    2 :  0.123 0.300 0.576 
102 OmyJC19ROGR    (0)    2 :  0.543 0.214 0.243 
103 OmyJC19ROGR    (0)    2 :  0.267 0.402 0.330 
104 OmyJC19ROGR    (0)    2 :  0.198 0.697 0.105 
105 OmyJC19ROGR    (0)    2 :  0.165 0.543 0.292 
106 OmyJC19ROGR    (0)    2 :  0.041 0.067 0.893 
107 OmyJC19ROGR    (1)    2 :  0.442 0.294 0.263 
108 OmyJC19ROGR    (0)    2 :  0.330 0.485 0.185 
109 OmyJC19ROGR    (0)    2 :  0.504 0.108 0.387 
110 OmyJC19ROGR    (0)    2 :  0.122 0.471 0.407 
111 OmyJC19ROGR    (1)    2 :  0.135 0.644 0.222 
112 OmyJC19ROGR    (2)    2 :  0.560 0.165 0.275 
113 OmyJC19ROGR    (0)    2 :  0.168 0.130 0.701 
114 OmyJC19ROGR    (3)    2 :  0.462 0.372 0.166 
115 OmyJC19ROGR    (1)    2 :  0.210 0.617 0.174 
116 OmyJC19ROGR    (0)    2 :  0.457 0.276 0.267 
117 OmyJC19ROGR    (0)    2 :  0.429 0.211 0.360 
118 OmyJC19ROGR    (0)    2 :  0.454 0.460 0.086 
119 OmyJC19ROGR    (2)    2 :  0.627 0.215 0.158 
120 OmyJC19ROGR    (0)    2 :  0.137 0.804 0.059 
121 OmyJC19ROGR    (0)    2 :  0.659 0.187 0.154 
122 OmyJC19ROGR    (0)    2 :  0.388 0.413 0.199 
123 OmyJC19ROGR    (0)    2 :  0.508 0.409 0.083 
124 OmyJC19ROGR    (0)    2 :  0.460 0.226 0.314 
125 OmyJC19ROGR    (0)    2 :  0.208 0.537 0.254 
126 OmyJC19ROGR    (1)    2 :  0.170 0.107 0.724 
127 OmyJC19ROGR    (0)    2 :  0.689 0.179 0.132 
128 OmyJC19ROGR    (1)    2 :  0.144 0.713 0.143 
129 OmyJC19ROGR    (0)    2 :  0.191 0.355 0.453 
130 OmyJC19ROGR    (2)    2 :  0.735 0.106 0.159 
131 OmyJC19ROGR    (0)    2 :  0.256 0.505 0.239 
132 OmyJC19ROGR    (1)    2 :  0.195 0.664 0.141 
133 OmyJC19ROGR    (0)    2 :  0.473 0.424 0.103 
134 OmyJC19ROGR    (0)    2 :  0.450 0.319 0.231 
135 OmyJC19ROGR    (1)    2 :  0.089 0.827 0.084 
136 OmyJC19ROGR    (3)    2 :  0.516 0.363 0.121 
137 OmyJC19ROGR    (0)    2 :  0.507 0.138 0.355 
138 OmyJC19ROGR    (0)    2 :  0.156 0.084 0.761 
139 OmyJC19ROGR    (2)    2 :  0.589 0.320 0.090 
140 OmyJC19ROGR    (2)    2 :  0.523 0.230 0.248 
141 OmyJC19ROGR    (0)    2 :  0.267 0.287 0.446 
142 OmyJC19ROGR    (0)    2 :  0.256 0.309 0.435 
143 OmyJC19ROGR    (0)    2 :  0.114 0.736 0.150 
144 OmyJC19ROGR    (0)    2 :  0.624 0.305 0.071 
145 OmyJC19ROGR    (0)    2 :  0.719 0.166 0.115 
146 OmyJC19ROGR    (1)    2 :  0.143 0.669 0.188 
147 OmyJC19ROGR    (0)    2 :  0.458 0.335 0.207 
148 OmyJC19ROGR    (0)    2 :  0.550 0.373 0.077 
149 OmyJC19ROGR    (1)    2 :  0.202 0.592 0.207 
150 OmyJC19ROGR    (1)    2 :  0.186 0.651 0.162 
151 OmyJC19ROGR    (0)    2 :  0.325 0.376 0.299 
152 OmyJC19ROGR    (0)    2 :  0.530 0.327 0.143 
153 OmyJC19ROGR    (0)    2 :  0.092 0.792 0.116 
154 OmyJC19ROGR    (1)    2 :  0.605 0.192 0.203 
155 OmyJC19ROGR    (0)    2 :  0.355 0.413 0.232 
156 OmyJC19ROGR    (1)    2 :  0.406 0.342 0.252 
157 OmyJC19ROGR    (0)    2 :  0.345 0.448 0.208 
158 OmyJC19ROGR    (0)    2 :  0.440 0.492 0.068 
159 OmyJC19ROGR    (0)    2 :  0.713 0.142 0.145 
160 OmyJC19ROGR    (0)    2 :  0.351 0.476 0.173 
161 OmyJC19ROGR    (0)    2 :  0.384 0.528 0.088 
162 OmyJC19ROGR    (0)    2 :  0.480 0.337 0.183 
163 OmyJC19ROGR    (0)    2 :  0.210 0.667 0.123 
164 OmyJC19ROGR    (0)    2 :  0.661 0.240 0.099 
165 OmyJC19ROGR    (0)    2 :  0.553 0.373 0.075 
166 OmyJC19ROGR    (0)    2 :  0.611 0.217 0.173 
167 OmyJC19ROGR    (1)    2 :  0.262 0.524 0.214 
168 OmyJC19ROGR    (0)    2 :  0.522 0.280 0.197 
169 OmyJC19ROGR    (0)    2 :  0.059 0.035 0.906 
170 OmyJC19ROGR    (0)    2 :  0.141 0.715 0.144 
171 OmyJC19ROGR    (0)    2 :  0.681 0.231 0.088 
172 OmyJC19ROGR    (0)    2 :  0.147 0.401 0.452 
173 OmyJC19ROGR    (0)    2 :  0.076 0.060 0.864 
174 OmyJC19ROGR    (0)    2 :  0.424 0.442 0.134 
175 OmyJC19ROGR    (0)    2 :  0.615 0.268 0.117 
176 OmyJC19ROGR    (0)    2 :  0.185 0.591 0.224 
177 OmyJC19ROGR    (0)    2 :  0.120 0.830 0.050 
178 OmyJC19ROGR    (0)    2 :  0.785 0.076 0.140 
179 OmyJC19ROGR    (0)    2 :  0.252 0.672 0.076 
180 OmyJC19ROGR    (0)    2 :  0.070 0.110 0.820 
181 OmyJC19ROGR    (0)    2 :  0.517 0.295 0.188 
182 OmyJC19ROGR    (0)    2 :  0.397 0.271 0.332 
183 OmyJC19ROGR    (0)    2 :  0.613 0.279 0.108 
184 OmyJC19ROGR    (0)    2 :  0.139 0.179 0.681 
185 OmyJC19ROGR    (1)    2 :  0.552 0.399 0.049 
186 OmyJC19ROGR    (0)    2 :  0.146 0.645 0.209 
187 OmyJC19ROGR    (0)    2 :  0.721 0.192 0.087 
188 OmyJC19ROGR    (0)    2 :  0.541 0.342 0.117 
189 OmyJC19ROGR    (0)    2 :  0.182 0.508 0.310 
190 OmyJC19ROGR    (0)    2 :  0.148 0.736 0.116 
191 OmyJC19ROGR    (0)    2 :  0.217 0.670 0.113 
192 OmyJC19ROGR    (0)    2 :  0.772 0.095 0.133 
193 OmyJC19ROGR    (1)    2 :  0.386 0.306 0.308 
194 OmyJC19ROGR    (0)    2 :  0.775 0.159 0.067 
195 OmyJC19ROGR    (0)    2 :  0.140 0.070 0.791 
196 OmyJC19ROGR    (0)    2 :  0.709 0.154 0.138 
197 OmyJC19ROGR    (0)    2 :  0.249 0.578 0.174 
198 OmyJC19ROGR    (0)    2 :  0.117 0.121 0.763 
199 OmyJC19ROGR    (0)    2 :  0.580 0.322 0.098 
200 OmyJC19ROGR    (0)    2 :  0.163 0.636 0.200 
201 OmyJC19ROGR    (0)    2 :  0.649 0.260 0.090 
202 OmyJC19ROGR    (0)    2 :  0.140 0.815 0.045 
203 OmyJC19ROGR    (0)    2 :  0.463 0.399 0.138 
204 OmyJC19ROGR    (0)    2 :  0.549 0.319 0.132 
205 OmyJC19ROGR    (0)    2 :  0.442 0.264 0.294 
206 OmyJC19ROGR    (0)    2 :  0.065 0.086 0.850 
207 OmyJC19ROGR    (0)    2 :  0.371 0.213 0.416 
208 OmyJC19ROGR    (0)    2 :  0.724 0.151 0.124 
209 OmyJC19ROGR    (0)    2 :  0.122 0.303 0.575 
210 OmyJC19ROGR    (0)    2 :  0.078 0.048 0.874 
211 OmyJC19ROGR    (0)    2 :  0.291 0.354 0.355 
212 OmyJC19ROGR    (1)    2 :  0.155 0.535 0.310 
213 OmyJC19ROGR    (1)    2 :  0.534 0.339 0.128 
214 OmyJC19ROGR    (0)    2 :  0.673 0.179 0.148 
215 OmyJC19ROGR    (0)    2 :  0.628 0.269 0.104 
216 OmyJC19ROGR    (0)    2 :  0.142 0.070 0.788 
217 OmyJC19ROGR    (0)    2 :  0.267 0.205 0.528 
218 OmyJC19ROGR    (0)    2 :  0.289 0.606 0.105 
219 OmyJC19ROGR    (0)    2 :  0.640 0.107 0.252 
220 OmyJC19ROGR    (0)    2 :  0.489 0.459 0.052 
221 OmyJC19ROGR    (0)    2 :  0.315 0.238 0.446 
222 OmyJC19ROGR    (0)    2 :  0.315 0.567 0.119 
223 OmyJC19ROGR    (0)    2 :  0.583 0.255 0.162 
224 OmyJC19ROGR    (0)    2 :  0.751 0.164 0.085 
225 OmyJC19ROGR    (0)    2 :  0.055 0.048 0.897 
226 OmyJC19ROGR    (0)    2 :  0.441 0.150 0.410 
227 OmyJC19ROGR    (1)    2 :  0.057 0.076 0.867 
228 OmyJC19ROGR    (0)    2 :  0.771 0.113 0.116 
229 OmyJC19ROGR    (1)    2 :  0.387 0.493 0.120 
230 OmyJC19ROGR    (0)    2 :  0.247 0.372 0.381 
231 OmyJC19ROGR    (0)    2 :  0.581 0.175 0.243 
232 OmyJC19ROGR    (1)    2 :  0.409 0.431 0.160 
233 OmyJC19ROGR    (0)    2 :  0.401 0.269 0.330 
234 OmyJC19ROGR    (0)    2 :  0.053 0.069 0.879 
235 OmyJC19ROGR    (0)    2 :  0.136 0.192 0.672 
236 OmyJC19ROGR    (1)    2 :  0.529 0.360 0.111 
237 OmyJC19ROGR    (0)    2 :  0.518 0.314 0.168 
238 OmyJC19ROGR    (0)    2 :  0.595 0.164 0.241 
239 OmyJC19ROGR    (0)    2 :  0.506 0.251 0.243 
240 OmyJC19ROGR    (0)    2 :  0.517 0.323 0.160 
241 OmyJC19ROGR    (0)    2 :  0.216 0.545 0.239 
242 OmyJC19ROGR    (0)    2 :  0.511 0.411 0.078 
243 OmyJC19ROGR    (0)    2 :  0.324 0.530 0.146 
244 OmyJC19ROGR    (0)    2 :  0.247 0.568 0.185 
245 OmyJC19ROGR    (0)    2 :  0.047 0.048 0.905 
246 OmyJC19ROGR    (0)    2 :  0.154 0.520 0.326 
247 OmyJC19ROGR    (0)    2 :  0.150 0.222 0.628 
248 OmyJC19ROGR    (0)    2 :  0.170 0.214 0.616 
249 OmyJC19ROGR    (0)    2 :  0.557 0.212 0.231 
250 OmyJC19ROGR    (0)    2 :  0.482 0.283 0.235 
251 OmyJC19ROGR    (0)    2 :  0.538 0.295 0.167 
252 OmyJC19ROGR    (0)    2 :  0.107 0.776 0.117 
253 OmyJC19ROGR    (0)    2 :  0.423 0.306 0.270 
254 OmyJC19ROGR    (0)    2 :  0.253 0.561 0.186 
255 OmyJC19ROGR    (0)    2 :  0.208 0.679 0.113 
256 OmyJC19ROGR    (0)    2 :  0.156 0.404 0.440 
257 OmyJC19ROGR    (0)    2 :  0.458 0.269 0.273 
258 OmyAC19ROGR    (0)    1 :  0.373 0.293 0.334 
259 OmyAC19ROGR    (1)    1 :  0.286 0.164 0.550 
260 OmyAC19ROGR    (0)    1 :  0.708 0.195 0.097 
261 OmyAC19ROGR    (0)    1 :  0.633 0.176 0.191 
262 OmyAC19ROGR    (0)    1 :  0.406 0.321 0.273 
263 OmyAC19ROGR    (0)    1 :  0.224 0.627 0.150 
264 OmyAC19ROGR    (0)    1 :  0.470 0.323 0.206 
265 OmyAC19ROGR    (0)    1 :  0.418 0.441 0.141 
266 OmyAC19ROGR    (0)    1 :  0.695 0.224 0.081 
267 OmyAC19ROGR    (0)    1 :  0.386 0.289 0.325 
268 OmyAC19ROGR    (1)    1 :  0.204 0.489 0.307 
269 OmyAC19ROGR    (1)    1 :  0.434 0.207 0.359 
270 OmyAC19ROGR    (0)    1 :  0.244 0.642 0.114 
271 OmyAC19ROGR    (0)    1 :  0.331 0.190 0.478 
272 OmyAC19ROGR    (0)    1 :  0.521 0.130 0.349 
273 OmyAC19ROGR    (0)    1 :  0.391 0.485 0.124 
274 OmyAC19ROGR    (0)    1 :  0.102 0.092 0.806 
275 OmyAC19ROGR    (0)    1 :  0.271 0.471 0.258 
276 OmyAC19ROGR    (0)    1 :  0.488 0.299 0.214 
277 OmyAC19ROGR    (0)    1 :  0.633 0.141 0.226 
278 OmyAC19ROGR    (0)    1 :  0.349 0.169 0.482 
279 OmyAC19ROGR    (0)    1 :  0.495 0.135 0.370 
280 OmyAC19ROGR    (0)    1 :  0.243 0.475 0.283 
281 OmyAC19ROGR    (0)    1 :  0.561 0.263 0.175 
282 OmyAC19ROGR    (0)    1 :  0.313 0.357 0.330 
283 OmyAC19ROGR    (0)    1 :  0.659 0.187 0.154 
284 OmyAC19ROGR    (0)    1 :  0.529 0.380 0.091 
285 OmyAC19ROGR    (0)    1 :  0.367 0.487 0.145 
286 OmyAC19ROGR    (0)    1 :  0.516 0.404 0.080 
287 OmyAC19ROGR    (0)    1 :  0.037 0.029 0.934 
288 OmyAC19ROGR    (0)    1 :  0.114 0.084 0.802 
289 OmyAC19ROGR    (0)    1 :  0.462 0.215 0.323 
290 OmyAC19ROGR    (1)    1 :  0.044 0.049 0.907 
291 OmyAC19ROGR    (0)    1 :  0.177 0.303 0.520 
292 OmyAC19ROGR    (1)    1 :  0.425 0.217 0.358 
293 OmyAC19ROGR    (0)    1 :  0.163 0.746 0.091 
294 OmyAC19ROGR    (0)    1 :  0.340 0.152 0.508 
295 OmyAC19ROGR    (0)    1 :  0.517 0.387 0.096 
296 OmyAC19ROGR    (0)    1 :  0.610 0.267 0.123 
297 OmyAC19ROGR    (0)    1 :  0.126 0.078 0.796 
298 OmyAC19ROGR    (0)    1 :  0.761 0.148 0.091 
299 OmyAC19ROGR    (0)    1 :  0.188 0.409 0.403 
300 OmyAC19ROGR    (0)    1 :  0.594 0.288 0.118 
301 OmyAC19ROGR    (0)    1 :  0.069 0.051 0.880 
302 OmyAC19ROGR    (0)    1 :  0.317 0.124 0.559 
303 OmyAC19ROGR    (0)    1 :  0.507 0.208 0.285 
304 OmyAC19ROGR    (0)    1 :  0.445 0.231 0.325 
305 OmyAC19ROGR    (0)    1 :  0.575 0.303 0.122 
306 OmyAC19ROGR    (0)    1 :  0.212 0.062 0.726 
307 OmyAC19ROGR    (1)    1 :  0.426 0.489 0.085 
308 OmyAC19ROGR    (0)    1 :  0.554 0.185 0.260 
309 OmyAC19ROGR    (1)    1 :  0.069 0.069 0.862 
310 OmyAC19ROGR    (0)    1 :  0.270 0.217 0.514 
311 OmyAC19ROGR    (0)    1 :  0.295 0.124 0.581 
312 OmyAC19ROGR    (0)    1 :  0.311 0.571 0.117 
313 OmyAC19ROGR    (0)    1 :  0.594 0.329 0.077 
314 OmyAC19ROGR    (0)    1 :  0.184 0.694 0.122 
315 OmyAC19ROGR    (0)    1 :  0.471 0.318 0.211 
316 OmyAC19ROGR    (0)    1 :  0.557 0.309 0.133 
317 OmyAC19ROGR    (0)    1 :  0.221 0.653 0.127 
318 OmyAC19ROGR    (0)    1 :  0.216 0.705 0.078 
319 OmyAC19ROGR    (1)    1 :  0.589 0.345 0.066 
320 OmyAC19ROGR    (0)    1 :  0.775 0.178 0.048 
321 OmyAC19ROGR    (0)    1 :  0.661 0.232 0.107 
322 OmyAC19ROGR    (0)    1 :  0.238 0.186 0.575 
323 OmyAC19ROGR    (0)    1 :  0.799 0.106 0.095 
324 OmyAC19ROGR    (0)    1 :  0.536 0.356 0.107 
325 OmyAC19ROGR    (0)    1 :  0.280 0.193 0.526 
326 OmyAC19ROGR    (0)    1 :  0.668 0.172 0.160 
327 OmyAC19ROGR    (0)    1 :  0.549 0.330 0.121 
328 OmyAC20ROGR    (1)    1 :  0.522 0.373 0.105 
329 OmyAC20ROGR    (0)    1 :  0.285 0.514 0.201 
330 OmyAC20ROGR    (0)    1 :  0.449 0.351 0.199 
331 OmyAC20ROGR    (0)    1 :  0.231 0.289 0.480 
332 OmyAC20ROGR    (0)    1 :  0.232 0.390 0.377 
333 OmyAC20ROGR    (0)    1 :  0.171 0.394 0.435 
334 OmyAC20ROGR    (0)    1 :  0.204 0.718 0.078 
335 OmyAC20ROGR    (0)    1 :  0.424 0.431 0.145 
336 OmyAC20ROGR    (0)    1 :  0.320 0.339 0.341 
337 OmyAC20ROGR    (0)    1 :  0.232 0.201 0.567 
338 OmyAC20ROGR    (0)    1 :  0.247 0.469 0.284 
339 OmyAC20ROGR    (0)    1 :  0.493 0.244 0.264 
340 OmyAC20ROGR    (0)    1 :  0.125 0.720 0.155 
341 OmyAC20ROGR    (0)    1 :  0.167 0.625 0.209 
342 OmyAC20ROGR    (0)    1 :  0.285 0.373 0.341 
343 OmyAC20ROGR    (0)    1 :  0.222 0.594 0.184 
344 OmyAC20ROGR    (0)    1 :  0.189 0.475 0.335 
345 OmyAC20ROGR    (1)    1 :  0.465 0.171 0.364 
346 OmyAC20ROGR    (0)    1 :  0.323 0.287 0.390 
347 OmyAC20ROGR    (0)    1 :  0.372 0.252 0.377 
348 OmyAC20ROGR    (0)    1 :  0.168 0.499 0.333 
349 OmyAC20ROGR    (0)    1 :  0.210 0.618 0.172 
350 OmyAC20ROGR    (0)    1 :  0.516 0.249 0.235 
351 OmyAC20ROGR    (0)    1 :  0.266 0.435 0.300 
352 OmyAC20ROGR    (0)    1 :  0.574 0.261 0.165 
353 OmyAC20ROGR    (0)    1 :  0.492 0.395 0.113 
354 OmyAC20ROGR    (0)    1 :  0.155 0.428 0.417 
355 OmyAC20ROGR    (0)    1 :  0.277 0.538 0.185 
356 OmyAC20ROGR    (0)    1 :  0.568 0.297 0.135 
357 OmyAC20ROGR    (0)    1 :  0.544 0.187 0.270 
358 OmyAC20ROGR    (0)    1 :  0.655 0.205 0.140 
359 OmyAC20ROGR    (0)    1 :  0.558 0.072 0.370 
360 OmyAC20ROGR    (0)    1 :  0.319 0.279 0.402 
361 OmyAC20ROGR    (0)    1 :  0.744 0.139 0.117 
362 OmyAC20ROGR    (0)    1 :  0.656 0.186 0.158 
363 OmyAC20ROGR    (0)    1 :  0.227 0.463 0.311 
364 OmyAC20ROGR    (1)    1 :  0.273 0.603 0.125 
365 OmyAC20ROGR    (0)    1 :  0.627 0.294 0.078 
366 OmyAC20ROGR    (0)    1 :  0.351 0.546 0.103 
367 OmyAC20ROGR    (0)    1 :  0.451 0.272 0.277 
368 OmyAC20ROGR    (1)    1 :  0.608 0.145 0.248 
369 OmyAC20ROGR    (0)    1 :  0.197 0.343 0.460 
370 OmyAC20ROGR    (0)    1 :  0.117 0.134 0.749 
371 OmyAC20ROGR    (0)    1 :  0.105 0.085 0.810 
372 OmyAC20ROGR    (2)    1 :  0.073 0.053 0.873 
373 OmyAC20ROGR    (0)    1 :  0.317 0.117 0.566 
374 OmyAC20ROGR    (0)    1 :  0.468 0.434 0.098 
375 OmyAC20ROGR    (0)    1 :  0.519 0.249 0.232 
376 OmyAC20ROGR    (0)    1 :  0.198 0.194 0.608 
377 OmyAC20ROGR    (0)    1 :  0.332 0.592 0.077 
378 OmyAC20ROGR    (0)    1 :  0.380 0.533 0.087 
379 OmyAC20ROGR    (0)    1 :  0.196 0.255 0.549 
380 OmyAC20ROGR    (1)    1 :  0.578 0.338 0.084 
381 OmyAC20ROGR    (0)    1 :  0.583 0.144 0.273 
382 OmyAC20ROGR    (0)    1 :  0.083 0.051 0.866 
383 OmyAC20ROGR    (0)    1 :  0.503 0.125 0.372 
384 OmyAC20ROGR    (0)    1 :  0.217 0.297 0.486 
385 OmyAC20ROGR    (0)    1 :  0.475 0.097 0.428 
386 OmyAC20ROGR    (0)    1 :  0.343 0.351 0.306 
387 OmyAC20ROGR    (0)    1 :  0.408 0.124 0.468 
388 OmyAC20ROGR    (0)    1 :  0.171 0.390 0.439 
389 OmyAC20ROGR    (0)    1 :  0.727 0.164 0.109 
390 OmyAC20ROGR    (0)    1 :  0.649 0.278 0.073 
391 OmyAC20ROGR    (0)    1 :  0.204 0.288 0.508 
392 OmyAC20ROGR    (0)    1 :  0.244 0.335 0.422 
393 OmyAC20ROGR    (0)    1 :  0.350 0.447 0.203 
394 OmyAC20ROGR    (1)    1 :  0.566 0.192 0.241 
395 OmyAC20ROGR    (0)    1 :  0.387 0.422 0.191 
396 OmyAC20ROGR    (0)    1 :  0.623 0.230 0.147 
397 OmyAC20ROGR    (0)    1 :  0.404 0.154 0.442 
398 OmyAC20ROGR    (0)    1 :  0.098 0.201 0.701 
399 OmyAC20ROGR    (0)    1 :  0.372 0.253 0.375 
400 OmyAC20ROGR    (0)    1 :  0.404 0.300 0.296 
401 OmyAC20ROGR    (1)    1 :  0.062 0.088 0.850 
402 OmyAC20ROGR    (0)    1 :  0.255 0.658 0.087 
403 OmyAC20ROGR    (0)    1 :  0.244 0.453 0.302 
404 OmyAC20ROGR    (0)    1 :  0.302 0.610 0.088 
405 OmyAC20ROGR    (0)    1 :  0.399 0.146 0.455 
406 OmyAC20ROGR    (0)    1 :  0.293 0.489 0.219 
407 OmyAC20ROGR    (0)    1 :  0.718 0.122 0.160 
408 OmyAC20ROGR    (0)    1 :  0.348 0.432 0.221 
409 OmyAC20ROGR    (0)    1 :  0.720 0.109 0.170 
410 OmyAC20ROGR    (0)    1 :  0.066 0.041 0.893 
411 OmyAC20ROGR    (0)    1 :  0.203 0.146 0.651 
412 OmyAC20ROGR    (0)    1 :  0.223 0.508 0.269 
413 OmyAC20ROGR    (0)    1 :  0.786 0.087 0.127 
414 OmyAC20ROGR    (0)    1 :  0.182 0.341 0.477 
415 OmyAC20ROGR    (0)    1 :  0.523 0.376 0.101 
416 OmyAC20ROGR    (0)    1 :  0.363 0.415 0.222 
417 OmyAC20ROGR    (0)    1 :  0.602 0.304 0.094 
418 OmyAC20ROGR    (0)    1 :  0.441 0.218 0.341 
419 OmyAC20ROGR    (0)    1 :  0.379 0.113 0.508 
420 OmyAC20ROGR    (0)    1 :  0.433 0.453 0.114 
421 OmyAC20ROGR    (0)    1 :  0.267 0.468 0.266 
422 OmyAC20ROGR    (0)    1 :  0.057 0.060 0.883 
423 OmyAC20ROGR    (0)    1 :  0.798 0.100 0.103 
424 OmyAC20ROGR    (0)    1 :  0.737 0.178 0.086 
425 OmyAC20ROGR    (0)    1 :  0.051 0.133 0.816 
426 OmyAC20ROGR    (0)    1 :  0.527 0.228 0.245 
427 OmyAC20ROGR    (0)    1 :  0.347 0.242 0.411 
428 OmyAC20ROGR    (0)    1 :  0.056 0.051 0.894 
429 OmyAC20ROGR    (0)    1 :  0.681 0.228 0.091 
430 OmyAC20ROGR    (0)    1 :  0.639 0.109 0.252 
431 OmyAC20ROGR    (0)    1 :  0.162 0.237 0.600 
432 OmyAC20ROGR    (0)    1 :  0.076 0.087 0.837 
433 OmyAC20ROGR    (0)    1 :  0.066 0.072 0.862 
434 OmyAC20ROGR    (0)    1 :  0.500 0.092 0.408 
435 OmyAC20ROGR    (0)    1 :  0.311 0.604 0.085 
436 OmyAC20ROGR    (0)    1 :  0.749 0.121 0.130 
437 OmyAC20ROGR    (0)    1 :  0.196 0.100 0.703 
438 OmyAC20ROGR    (0)    1 :  0.263 0.180 0.557 
439 OmyAC20ROGR    (0)    1 :  0.604 0.179 0.217 
440 OmyAC20ROGR    (0)    1 :  0.120 0.100 0.779 
441 OmyAC20ROGR    (0)    1 :  0.675 0.255 0.070 
442 OmyAC20ROGR    (0)    1 :  0.588 0.218 0.194 
443 OmyAC20ROGR    (0)    1 :  0.299 0.632 0.069 
444 OmyAC20ROGR    (0)    1 :  0.606 0.130 0.264 
445 OmyAC20ROGR    (0)    1 :  0.563 0.175 0.262 
446 OmyJC18ROGR    (0)    2 :  0.266 0.585 0.149 
447 OmyJC18ROGR    (0)    2 :  0.570 0.260 0.170 
448 OmyJC18ROGR    (0)    2 :  0.692 0.121 0.187 
449 OmyJC18ROGR    (0)    2 :  0.136 0.150 0.715 
450 OmyJC18ROGR    (0)    2 :  0.135 0.162 0.703 
451 OmyJC18ROGR    (0)    2 :  0.076 0.067 0.858 
452 OmyJC18ROGR    (0)    2 :  0.254 0.354 0.393 
453 OmyJC18ROGR    (0)    2 :  0.197 0.698 0.106 
454 OmyJC18ROGR    (0)    2 :  0.082 0.066 0.852 
455 OmyJC18ROGR    (0)    2 :  0.716 0.166 0.117 
456 OmyJC18ROGR    (0)    2 :  0.088 0.040 0.872 
457 OmyJC18ROGR    (0)    2 :  0.584 0.228 0.187 
458 OmyJC18ROGR    (0)    2 :  0.227 0.481 0.293 
459 OmyJC18ROGR    (0)    2 :  0.345 0.580 0.075 
460 OmyJC18ROGR    (2)    2 :  0.253 0.203 0.544 
461 OmyJC18ROGR    (1)    2 :  0.190 0.381 0.429 
462 OmyJC18ROGR    (3)    2 :  0.214 0.252 0.534 
463 OmyJC18ROGR    (1)    2 :  0.122 0.137 0.741 
464 OmyJC18ROGR    (3)    2 :  0.784 0.129 0.087 
465 OmyJC18ROGR    (3)    2 :  0.677 0.154 0.168 
466 OmyJC18ROGR    (0)    2 :  0.337 0.285 0.378 
467 OmyJC18ROGR    (1)    2 :  0.624 0.242 0.134 
468 OmyJC18ROGR    (0)    2 :  0.641 0.176 0.183 
469 OmyJC18ROGR    (0)    2 :  0.152 0.090 0.759 
470 OmyJC18ROGR    (3)    2 :  0.206 0.158 0.636 
471 OmyJC18ROGR    (1)    2 :  0.226 0.308 0.466 
472 OmyJC18ROGR    (1)    2 :  0.488 0.255 0.257 
473 OmyJC18ROGR    (2)    2 :  0.572 0.317 0.111 
474 OmyJC18ROGR    (0)    2 :  0.288 0.590 0.121 
475 OmyJC18ROGR    (1)    2 :  0.075 0.239 0.686 
476 OmyJC18ROGR    (2)    2 :  0.317 0.604 0.079 
477 OmyJC18ROGR    (3)    2 :  0.444 0.275 0.281 
478 OmyJC18ROGR    (0)    2 :  0.230 0.607 0.163 
479 OmyJC18ROGR    (0)    2 :  0.742 0.176 0.082 
480 OmyJC18ROGR    (0)    2 :  0.454 0.216 0.331 
481 OmyJC18ROGR    (2)    2 :  0.293 0.328 0.379 
482 OmyJC18ROGR    (3)    2 :  0.678 0.252 0.070 
483 OmyJC18ROGR    (3)    2 :  0.745 0.116 0.139 
484 OmyJC18ROGR    (3)    2 :  0.443 0.386 0.171 
485 OmyJC18ROGR    (2)    2 :  0.177 0.122 0.700 
486 OmyJC18ROGR    (2)    2 :  0.309 0.134 0.557 
487 OmyJC18ROGR    (1)    2 :  0.195 0.541 0.264 
488 OmyJC18ROGR    (3)    2 :  0.391 0.402 0.206 
489 OmyJC18ROGR    (0)    2 :  0.385 0.484 0.131 
490 OmyJC18ROGR    (2)    2 :  0.499 0.266 0.235 
491 OmyJC18ROGR    (4)    2 :  0.159 0.575 0.266 
492 OmyJC18ROGR    (4)    2 :  0.168 0.762 0.070 
493 OmyJC18ROGR    (3)    2 :  0.541 0.175 0.284 
494 OmyJC18ROGR    (3)    2 :  0.068 0.055 0.877 
495 OmyJC18ROGR    (3)    2 :  0.155 0.543 0.302 
496 OmyJC18ROGR    (0)    2 :  0.318 0.459 0.224 
497 OmyJC18ROGR    (5)    2 :  0.372 0.359 0.269 
498 OmyJC18ROGR    (3)    2 :  0.225 0.372 0.402 
499 OmyJC18ROGR    (1)    2 :  0.424 0.417 0.160 
500 OmyJC18ROGR    (1)    2 :  0.531 0.377 0.092 
501 OmyJC18ROGR    (3)    2 :  0.216 0.204 0.580 
502 OmyJC18ROGR    (1)    2 :  0.536 0.101 0.363 
503 OmyJC18ROGR    (4)    2 :  0.757 0.094 0.149 
504 OmyJC18ROGR    (1)    2 :  0.455 0.092 0.453 
505 OmyJC18ROGR    (0)    2 :  0.214 0.391 0.396 
506 OmyJC18ROGR    (6)    2 :  0.253 0.569 0.178 
507 OmyJC18ROGR    (0)    2 :  0.457 0.215 0.327 
508 OmyJC18ROGR    (0)    2 :  0.590 0.193 0.217 
509 OmyJC18ROGR    (2)    2 :  0.063 0.085 0.852 
510 OmyJC18ROGR    (1)    2 :  0.563 0.346 0.091 
511 OmyJC18ROGR    (3)    2 :  0.111 0.622 0.267 
512 OmyJC18ROGR    (2)    2 :  0.154 0.061 0.785 
513 OmyJC18ROGR    (7)    2 :  0.133 0.525 0.342 
514 OmyJC18ROGR    (3)    2 :  0.153 0.253 0.594 
515 OmyJC18ROGR    (0)    2 :  0.518 0.270 0.212 
516 OmyJC18ROGR    (2)    2 :  0.338 0.298 0.364 
517 OmyJC18ROGR    (2)    2 :  0.217 0.373 0.409 
518 OmyJC18ROGR    (0)    2 :  0.597 0.244 0.159 
519 OmyJC18ROGR    (7)    2 :  0.118 0.695 0.187 
520 OmyJC18ROGR    (4)    2 :  0.139 0.500 0.361 
521 OmyJC18ROGR    (1)    2 :  0.216 0.452 0.332 
522 OmyJC18ROGR    (1)    2 :  0.572 0.134 0.295 
523 OmyJC18ROGR    (3)    2 :  0.604 0.244 0.151 
524 OmyJC18ROGR    (1)    2 :  0.744 0.135 0.121 
525 OmyJC18ROGR    (2)    2 :  0.232 0.445 0.323 
526 OmyJC18ROGR    (1)    2 :  0.319 0.457 0.224 
527 OmyJC18ROGR    (0)    2 :  0.293 0.578 0.129 
528 OmyJC18ROGR    (0)    2 :  0.596 0.264 0.140 
529 OmyJC18ROGR    (1)    2 :  0.534 0.343 0.123 
530 OmyJC18ROGR    (0)    2 :  0.793 0.119 0.089 
531 OmyJC18ROGR    (0)    2 :  0.755 0.114 0.131 
532 OmyJC18ROGR    (1)    2 :  0.743 0.170 0.087 
533 OmyJC18ROGR    (2)    2 :  0.327 0.598 0.075 
534 OmyJC18ROGR    (2)    2 :  0.582 0.220 0.197 
535 OmyJC18ROGR    (0)    2 :  0.320 0.511 0.169 
536 OmyJC18ROGR    (0)    2 :  0.130 0.776 0.094 
537 OmyJC18ROGR    (0)    2 :  0.302 0.602 0.096 
538 OmyJC18ROGR    (0)    2 :  0.717 0.146 0.138 
539 OmyJC18ROGR    (1)    2 :  0.625 0.209 0.166 
540 OmyJC18ROGR    (6)    2 :  0.382 0.434 0.183 
541 OmyJC18ROGR    (1)    2 :  0.451 0.393 0.156 
542 OmyJC18ROGR    (1)    2 :  0.357 0.300 0.343 
543 OmyJC18ROGR    (0)    2 :  0.357 0.230 0.414 
544 OmyJC18ROGR    (2)    2 :  0.416 0.429 0.155 
545 OmyJC18ROGR    (1)    2 :  0.262 0.069 0.668 
546 OmyJC18ROGR    (6)    2 :  0.752 0.188 0.060 
547 OmyJC18ROGR    (0)    2 :  0.583 0.099 0.318 
548 OmyJC18ROGR    (1)    2 :  0.236 0.431 0.333 
549 OmyJC18ROGR    (0)    2 :  0.664 0.172 0.164 
550 OmyJC18ROGR    (1)    2 :  0.092 0.120 0.788 
551 OmyJC18ROGR    (1)    2 :  0.166 0.676 0.158 
552 OmyJC18ROGR    (2)    2 :  0.446 0.273 0.281 
553 OmyJC18ROGR    (7)    2 :  0.495 0.300 0.205 
554 OmyJC18ROGR    (2)    2 :  0.589 0.307 0.104 
555 OmyJC18ROGR    (3)    2 :  0.352 0.518 0.130 
556 OmyJC18ROGR    (0)    2 :  0.080 0.759 0.161 
557 OmyJC18ROGR    (1)    2 :  0.211 0.167 0.622 
558 OmyJC18ROGR    (0)    2 :  0.098 0.616 0.286 
559 OmyJC18ROGR    (0)    2 :  0.735 0.171 0.094 
560 OmyJC18ROGR    (5)    2 :  0.278 0.449 0.274 
561 OmyJC18ROGR    (0)    2 :  0.801 0.099 0.100 
562 OmyJC18ROGR    (6)    2 :  0.276 0.580 0.143 
563 OmyJC18ROGR    (2)    2 :  0.382 0.431 0.188 
564 OmyJC18ROGR    (3)    2 :  0.125 0.469 0.406 
565 OmyJC18ROGR    (3)    2 :  0.452 0.294 0.254 
566 OmyJC18ROGR    (1)    2 :  0.562 0.224 0.214 
567 OmyJC18ROGR    (0)    2 :  0.723 0.176 0.101 
568 OmyJC18ROGR    (3)    2 :  0.204 0.518 0.277 
569 OmyJC18ROGR    (2)    2 :  0.566 0.269 0.164 
570 OmyJC18ROGR    (0)    2 :  0.696 0.118 0.186 
571 OmyJC18ROGR    (1)    2 :  0.817 0.105 0.078 
572 OmyJC18ROGR    (4)    2 :  0.256 0.599 0.145 
573 OmyJC18ROGR    (3)    2 :  0.195 0.254 0.551 
574 OmyJC18ROGR    (5)    2 :  0.345 0.282 0.373 
575 OmyJC18ROGR    (3)    2 :  0.221 0.694 0.085 
576 OmyJC18ROGR    (0)    2 :  0.438 0.372 0.190 
577 OmyJC18ROGR    (0)    2 :  0.092 0.054 0.854 
578 OmyJC18ROGR    (1)    2 :  0.686 0.183 0.131 
579 OmyJC18ROGR    (0)    2 :  0.091 0.133 0.776 
580 OmyJC18ROGR    (0)    2 :  0.434 0.511 0.055 
581 OmyJC18ROGR    (3)    2 :  0.606 0.210 0.184 
582 OmyJC18ROGR    (6)    2 :  0.479 0.428 0.093 
583 OmyJC18ROGR    (3)    2 :  0.279 0.621 0.100 
584 OmyJC18ROGR    (3)    2 :  0.407 0.410 0.183 
585 OmyJC18ROGR    (1)    2 :  0.432 0.323 0.245 
586 OmyJC18ROGR    (1)    2 :  0.678 0.255 0.067 
587 OmyJC18ROGR    (0)    2 :  0.056 0.047 0.898 
588 OmyJC18ROGR    (0)    2 :  0.167 0.482 0.352 
589 OmyJC18ROGR    (1)    2 :  0.346 0.437 0.217 
590 OmyJC18ROGR    (2)    2 :  0.874 0.093 0.033 
591 OmyJC18ROGR    (0)    2 :  0.518 0.313 0.169 
592 OmyJC18ROGR    (3)    2 :  0.609 0.197 0.194 
593 OmyJC18ROGR    (0)    2 :  0.221 0.506 0.273 
594 OmyJC18ROGR    (1)    2 :  0.584 0.283 0.133 
595 OmyJC18ROGR    (0)    2 :  0.173 0.612 0.215 
596 OmyJC18ROGR    (1)    2 :  0.466 0.287 0.248 
597 OmyJC18ROGR    (0)    2 :  0.404 0.398 0.199 
598 OmyJC18ROGR    (1)    2 :  0.581 0.209 0.210 
599 OmyJC18ROGR    (0)    2 :  0.593 0.224 0.183 
600 OmyJC18ROGR    (0)    2 :  0.208 0.665 0.127 
601 OmyJC18ROGR    (0)    2 :  0.415 0.468 0.117 
602 OmyJC18ROGR    (0)    2 :  0.562 0.191 0.247 
603 OmyJC18ROGR    (0)    2 :  0.306 0.588 0.106 
604 OmyJC18ROGR    (0)    2 :  0.411 0.431 0.158 
605 OmyJC18ROGR    (0)    2 :  0.130 0.790 0.081 
606 OmyJC18ROGR    (0)    2 :  0.265 0.548 0.187 
607 OmyJC18ROGR    (0)    2 :  0.636 0.189 0.175 
608 OmyJC18ROGR    (0)    2 :  0.794 0.122 0.083 
609 OmyJC18ROGR    (0)    2 :  0.192 0.664 0.144 
610 OmyJC18ROGR    (4)    2 :  0.065 0.140 0.795 
611 OmyJC18ROGR    (0)    2 :  0.176 0.410 0.414 
612 OmyJC18ROGR    (2)    2 :  0.520 0.331 0.150 
613 OmyJC18ROGR    (0)    2 :  0.278 0.503 0.219 
614 OmyJC18ROGR    (0)    2 :  0.547 0.136 0.317 
615 OmyJC18ROGR    (0)    2 :  0.413 0.520 0.068 
616 OmyJC18ROGR    (0)    2 :  0.291 0.415 0.294 
617 OmyJC18ROGR    (0)    2 :  0.443 0.415 0.142 
618 OmyJC18ROGR    (0)    2 :  0.636 0.115 0.248 
619 OmyJC18ROGR    (0)    2 :  0.250 0.654 0.096 
620 OmyJC18ROGR    (0)    2 :  0.152 0.545 0.303 
621 OmyJC18ROGR    (1)    2 :  0.320 0.442 0.238 
622 OmyJC18ROGR    (2)    2 :  0.196 0.632 0.172 
623 OmyJC18ROGR    (1)    2 :  0.638 0.166 0.196 
624 OmyJC18ROGR    (2)    2 :  0.507 0.311 0.182 
625 OmyJC18ROGR    (0)    2 :  0.567 0.151 0.282 
626 OmyJC18ROGR    (6)    2 :  0.472 0.390 0.138 
627 OmyJC18ROGR    (0)    2 :  0.267 0.443 0.290 
628 OmyJC18ROGR    (0)    2 :  0.043 0.042 0.916 
629 OmyJC18ROGR    (1)    2 :  0.168 0.550 0.282 
630 OmyJC18ROGR    (1)    2 :  0.206 0.707 0.087 
631 OmyJC18ROGR    (3)    2 :  0.592 0.287 0.120 
632 OmyJC18ROGR    (0)    2 :  0.118 0.796 0.086 
633 OmyJC18ROGR    (4)    2 :  0.517 0.348 0.135 
634 OmyJC18ROGR    (2)    2 :  0.112 0.446 0.443 
635 OmyJC18ROGR    (0)    2 :  0.430 0.511 0.059 
636 OmyJC18ROGR    (0)    2 :  0.204 0.202 0.595 
637 OmyJC18ROGR    (0)    2 :  0.272 0.490 0.238 
638 OmyJC18ROGR    (0)    2 :  0.474 0.377 0.149 
639 OmyJC18ROGR    (1)    2 :  0.337 0.370 0.293 
640 OmyJC18ROGR    (1)    2 :  0.280 0.198 0.522 
641 OmyJC18ROGR    (0)    2 :  0.152 0.417 0.431 
642 OmyJC18ROGR    (3)    2 :  0.428 0.291 0.281 
643 OmyJC18ROGR    (1)    2 :  0.292 0.562 0.145 
644 OmyJC18ROGR    (7)    2 :  0.749 0.189 0.063 
645 OmyJC18ROGR    (4)    2 :  0.553 0.203 0.244 
646 OmyJC18ROGR    (0)    2 :  0.554 0.356 0.090 
647 OmyJC18ROGR    (1)    2 :  0.743 0.146 0.112 
648 OmyJC18ROGR    (1)    2 :  0.210 0.589 0.201 
649 OmyJC18ROGR    (0)    2 :  0.614 0.252 0.135 
650 OmyJC18ROGR    (1)    2 :  0.644 0.293 0.063 
651 OmyJC18ROGR    (5)    2 :  0.058 0.102 0.840 
652 OmyJC18ROGR    (1)    2 :  0.343 0.375 0.282 
653 OmyJC18ROGR    (3)    2 :  0.275 0.533 0.192 
654 OmyJC18ROGR    (1)    2 :  0.516 0.217 0.266 
655 OmyJC18ROGR    (2)    2 :  0.314 0.252 0.434 
656 OmyJC18ROGR    (0)    2 :  0.610 0.286 0.103 
657 OmyJC18ROGR    (0)    2 :  0.390 0.476 0.134 
658 OmyJC18ROGR    (0)    2 :  0.524 0.322 0.154 
659 OmyJC18ROGR    (5)    2 :  0.451 0.499 0.050 
660 OmyJC18ROGR    (3)    2 :  0.383 0.332 0.285 
661 OmyJC18ROGR    (2)    2 :  0.333 0.602 0.064 
662 OmyJC18ROGR    (1)    2 :  0.174 0.627 0.198 
663 OmyJC18ROGR    (2)    2 :  0.235 0.329 0.436 
664 OmyJC18ROGR    (0)    2 :  0.297 0.573 0.130 
665 OmyJC18ROGR    (0)    2 :  0.212 0.568 0.220 
666 OmyJC18ROGR    (0)    2 :  0.105 0.088 0.807 
667 OmyJC18ROGR    (0)    2 :  0.201 0.326 0.472 
668 OmyJC18ROGR    (2)    2 :  0.408 0.195 0.396 
669 OmyJC18ROGR    (4)    2 :  0.594 0.148 0.258 
670 OmyJC18ROGR    (6)    2 :  0.802 0.079 0.119 
671 OmyJC18ROGR    (3)    2 :  0.071 0.843 0.086 
672 OmyJC18ROGR    (0)    2 :  0.205 0.721 0.074 
673 OmyJC18ROGR    (4)    2 :  0.360 0.552 0.088 
674 OmyJC18ROGR    (0)    2 :  0.311 0.431 0.258 
675 OmyJC18ROGR    (0)    2 :  0.378 0.496 0.126 
676 OmyJC18ROGR    (1)    2 :  0.369 0.500 0.131 
677 OmyJC18ROGR    (3)    2 :  0.399 0.184 0.416 
678 OmyJC18ROGR    (6)    2 :  0.297 0.611 0.092 
679 OmyJC18ROGR    (1)    2 :  0.543 0.104 0.353 
680 OmyJC18ROGR    (1)    2 :  0.244 0.617 0.139 
681 OmyJC18ROGR    (1)    2 :  0.182 0.380 0.438 
682 OmyJC18ROGR    (1)    2 :  0.202 0.268 0.530 
683 OmyJC18ROGR    (0)    2 :  0.673 0.121 0.206 
684 OmyJC18ROGR    (0)    2 :  0.675 0.224 0.100 
685 OmyJC18ROGR    (0)    2 :  0.753 0.124 0.123 
686 OmyJC18ROGR    (0)    2 :  0.752 0.171 0.077 
687 OmyJC18ROGR    (3)    2 :  0.585 0.305 0.111 
688 OmyJC18ROGR    (1)    2 :  0.160 0.420 0.421 
689 OmyJC18ROGR    (1)    2 :  0.198 0.196 0.607 
690 OmyJC18ROGR    (5)    2 :  0.107 0.665 0.228 
691 OmyJC18ROGR    (5)    2 :  0.279 0.327 0.393 
692 OmyJC18ROGR    (0)    2 :  0.422 0.166 0.412 
693 OmyJC18ROGR    (2)    2 :  0.374 0.527 0.098 
694 OmyJC18ROGR    (0)    2 :  0.161 0.769 0.070 
695 OmyJC18ROGR    (0)    2 :  0.357 0.173 0.471 
696 OmyJC18ROGR    (0)    2 :  0.853 0.075 0.072 
697 OmyJC18ROGR    (2)    2 :  0.172 0.632 0.196 
698 OmyJC18ROGR    (0)    2 :  0.318 0.624 0.058 
699 OmyJC18ROGR    (1)    2 :  0.133 0.669 0.198 
700 OmyJC18ROGR    (0)    2 :  0.624 0.142 0.234 
701 OmyJC18ROGR    (0)    2 :  0.276 0.535 0.188 
702 OmyJC18ROGR    (1)    2 :  0.230 0.296 0.474 
703 OmyJC18ROGR    (1)    2 :  0.562 0.072 0.367 
704 OmyJC18ROGR    (0)    2 :  0.193 0.163 0.644 
705 OmyJC18ROGR    (0)    2 :  0.454 0.434 0.112 
706 OmyJC18ROGR    (0)    2 :  0.197 0.305 0.498 
707 OmyJC18ROGR    (1)    2 :  0.092 0.798 0.110 
708 OmyJC18ROGR    (1)    2 :  0.259 0.422 0.319 
709 OmyJC18ROGR    (0)    2 :  0.264 0.244 0.493 
710 OmyJC18ROGR    (0)    2 :  0.366 0.421 0.213 
711 OmyJC18ROGR    (0)    2 :  0.539 0.111 0.350 
712 OmyJC18ROGR    (1)    2 :  0.579 0.263 0.159 
713 OmyJC18ROGR    (0)    2 :  0.552 0.231 0.217 
714 OmyJC18ROGR    (0)    2 :  0.583 0.205 0.212 
715 OmyJC18ROGR    (0)    2 :  0.596 0.147 0.257 
716 OmyJC18ROGR    (0)    2 :  0.209 0.187 0.604 
717 OmyJC18ROGR    (1)    2 :  0.193 0.619 0.188 
718 OmyJC18ROGR    (1)    2 :  0.189 0.687 0.124 
719 OmyJC18ROGR    (7)    2 :  0.212 0.737 0.051 
720 OmyJC18ROGR    (2)    2 :  0.625 0.168 0.207 
721 OmyJC18ROGR    (1)    2 :  0.331 0.527 0.142 
722 OmyJC18ROGR    (0)    2 :  0.452 0.387 0.161 
723 OmyJC18ROGR    (1)    2 :  0.280 0.593 0.127 
724 OmyJC18ROGR    (0)    2 :  0.315 0.116 0.569 
725 OmyJC18ROGR    (0)    2 :  0.449 0.398 0.152 
726 OmyJC18ROGR    (0)    2 :  0.455 0.420 0.125 
727 OmyJC18ROGR    (1)    2 :  0.103 0.741 0.156 
728 OmyJC18ROGR    (0)    2 :  0.229 0.404 0.367 
729 OmyJC18ROGR    (1)    2 :  0.300 0.541 0.160 
730 OmyJC18ROGR    (0)    2 :  0.512 0.212 0.276 
731 OmyJC18ROGR    (2)    2 :  0.126 0.154 0.720 
732 OmyJC18ROGR    (1)    2 :  0.095 0.543 0.362 
733 OmyJC18ROGR    (0)    2 :  0.592 0.287 0.121 
734 OmyJC18ROGR    (0)    2 :  0.664 0.215 0.122 
735 OmyJC18ROGR    (0)    2 :  0.346 0.553 0.101 
736 OmyJC18ROGR    (0)    2 :  0.548 0.153 0.300 
737 OmyJC18ROGR    (0)    2 :  0.602 0.158 0.240 
738 OmyJC18ROGR    (0)    2 :  0.306 0.286 0.407 
739 OmyJC18ROGR    (0)    2 :  0.248 0.495 0.257 
740 OmyJC18ROGR    (0)    2 :  0.351 0.601 0.047 
741 OmyJC18ROGR    (0)    2 :  0.431 0.183 0.386 
742 OmyJC18ROGR    (0)    2 :  0.354 0.426 0.221 
743 OmyJC18ROGR    (0)    2 :  0.764 0.091 0.145 
744 OmyJC18ROGR    (0)    2 :  0.637 0.283 0.080 
745 OmyJC18ROGR    (0)    2 :  0.630 0.249 0.121 
746 OmyJC18ROGR    (0)    2 :  0.293 0.137 0.569 
747 OmyJC18ROGR    (0)    2 :  0.073 0.040 0.887 
748 OmyJC18ROGR    (2)    2 :  0.672 0.084 0.244 
749 OmyJC18ROGR    (5)    2 :  0.129 0.478 0.392 
750 OmyJC18ROGR    (1)    2 :  0.488 0.296 0.216 
751 OmyJC18ROGR    (0)    2 :  0.488 0.077 0.435 
752 OmyJC18ROGR    (3)    2 :  0.587 0.346 0.066 
753 OmyJC18ROGR    (0)    2 :  0.874 0.068 0.059 
754 OmyJC18ROGR    (0)    2 :  0.527 0.333 0.140 
755 OmyJC18ROGR    (0)    2 :  0.077 0.831 0.092 
756 OmyJC18ROGR    (0)    2 :  0.562 0.112 0.326 
757 OmyJC18ROGR    (0)    2 :  0.235 0.603 0.162 
758 OmyJC18ROGR    (1)    2 :  0.420 0.279 0.300 
759 OmyJC18ROGR    (0)    2 :  0.474 0.301 0.226 
