

----------------------------------------------------
STRUCTURE by Pritchard, Stephens and Donnelly (2000)
     and Falush, Stephens and Pritchard (2003)
       Code by Pritchard, Falush and Hubisz
             Version 2.3.4 (Jul 2012)
----------------------------------------------------



Command line arguments:   bin/structure -m "/Users/ddayan/FRA/premature_migration/Rogue_Half-Pounder/half-pounder/structure/halfpounder_2021/10k_20k_adm_corr/mainparams" -e "/Users/ddayan/FRA/premature_migration/Rogue_Half-Pounder/half-pounder/structure/halfpounder_2021/10k_20k_adm_corr/extraparams" 
Input File:    /Users/ddayan/FRA/premature_migration/Rogue_Half-Pounder/half-pounder/structure/halfpounder_2021/project_data

Run parameters:
   1000 individuals
   328 loci
   3 populations assumed
   10000 Burn-in period
   20000 Reps


--------------------------------------------
Proportion of membership of each pre-defined
 population in each of the 3 clusters

Given    Inferred Clusters       Number of
 Pop       1      2      3      Individuals

  1:     0.369  0.308  0.322      275
  2:     0.370  0.293  0.337      643
  3:     0.128  0.118  0.754       42
  4:     0.599  0.155  0.247       40
--------------------------------------------

Allele-freq. divergence among pops (Net nucleotide distance),
computed using point estimates of P.

      1       2       3      
 1      -    0.0092  0.0033  
 2   0.0092     -    0.0109  
 3   0.0033  0.0109     -    

Average distances (expected heterozygosity) between individuals in same cluster:
cluster  1  : 0.2952 
cluster  2  : 0.2630 
cluster  3  : 0.2898 

--------------------------------------------
Estimated Ln Prob of Data   = -285224.3
Mean value of ln likelihood = -284306.9
Variance of ln likelihood   = 1834.9
Mean value of alpha         = 0.5922

Mean value of Fst_1         = 0.0071
Mean value of Fst_2         = 0.0774
Mean value of Fst_3         = 0.0249


Inferred ancestry of individuals:
        Label (%Miss) Pop:  Inferred clusters
  1 OmyAC19ROGR    (0)    1 :  0.421 0.056 0.523 
  2 OmyAC19ROGR    (0)    1 :  0.200 0.210 0.590 
  3 OmyAC19ROGR    (0)    1 :  0.240 0.202 0.558 
  4 OmyAC19ROGR    (0)    1 :  0.520 0.080 0.400 
  5 OmyAC19ROGR    (1)    1 :  0.043 0.926 0.031 
  6 OmyAC19ROGR    (0)    1 :  0.415 0.371 0.214 
  7 OmyAC19ROGR    (0)    1 :  0.365 0.353 0.281 
  8 OmyAC19ROGR    (0)    1 :  0.429 0.063 0.508 
  9 OmyAC19ROGR    (0)    1 :  0.205 0.420 0.374 
 10 OmyAC19ROGR    (0)    1 :  0.149 0.539 0.312 
 11 OmyAC19ROGR    (0)    1 :  0.460 0.163 0.377 
 12 OmyAC19ROGR    (0)    1 :  0.621 0.235 0.145 
 13 OmyAC19ROGR    (0)    1 :  0.481 0.101 0.417 
 14 OmyAC19ROGR    (0)    1 :  0.343 0.569 0.088 
 15 OmyAC19ROGR    (0)    1 :  0.369 0.531 0.100 
 16 OmyAC19ROGR    (0)    1 :  0.378 0.231 0.391 
 17 OmyAC19ROGR    (0)    1 :  0.715 0.211 0.075 
 18 OmyAC19ROGR    (2)    1 :  0.220 0.078 0.702 
 19 OmyAC19ROGR    (1)    1 :  0.421 0.165 0.414 
 20 OmyAC19ROGR    (0)    1 :  0.476 0.387 0.137 
 21 OmyAC19ROGR    (1)    1 :  0.284 0.412 0.304 
 22 OmyAC19ROGR    (0)    1 :  0.192 0.186 0.622 
 23 OmyAC19ROGR    (0)    1 :  0.230 0.456 0.314 
 24 OmyAC19ROGR    (0)    1 :  0.116 0.056 0.829 
 25 OmyAC19ROGR    (0)    1 :  0.387 0.389 0.225 
 26 OmyAC19ROGR    (0)    1 :  0.241 0.256 0.503 
 27 OmyAC19ROGR    (1)    1 :  0.687 0.158 0.155 
 28 OmyAC19ROGR    (0)    1 :  0.082 0.088 0.831 
 29 OmyAC19ROGR    (0)    1 :  0.410 0.188 0.402 
 30 OmyAC19ROGR    (0)    1 :  0.106 0.769 0.125 
 31 OmyAC19ROGR    (0)    1 :  0.463 0.145 0.392 
 32 OmyAC19ROGR    (0)    1 :  0.240 0.290 0.470 
 33 OmyAC19ROGR    (1)    1 :  0.234 0.218 0.548 
 34 OmyAC19ROGR    (0)    1 :  0.259 0.591 0.150 
 35 OmyAC19ROGR    (0)    1 :  0.231 0.184 0.586 
 36 OmyAC19ROGR    (0)    1 :  0.391 0.345 0.264 
 37 OmyAC19ROGR    (0)    1 :  0.138 0.257 0.605 
 38 OmyAC19ROGR    (0)    1 :  0.100 0.530 0.370 
 39 OmyAC19ROGR    (0)    1 :  0.491 0.270 0.239 
 40 OmyAC19ROGR    (0)    1 :  0.429 0.453 0.118 
 41 OmyAC19ROGR    (1)    1 :  0.664 0.124 0.212 
 42 OmyAC19ROGR    (0)    1 :  0.104 0.846 0.051 
 43 OmyAC19ROGR    (0)    1 :  0.448 0.138 0.413 
 44 OmyAC19ROGR    (6)    1 :  0.456 0.130 0.414 
 45 OmyAC19ROGR    (1)    1 :  0.174 0.451 0.374 
 46 OmyAC19ROGR    (0)    1 :  0.188 0.194 0.618 
 47 OmyAC19ROGR    (0)    1 :  0.155 0.166 0.679 
 48 OmyAC19ROGR    (0)    1 :  0.495 0.138 0.368 
 49 OmyAC19ROGR    (0)    1 :  0.334 0.102 0.564 
 50 OmyAC19ROGR    (0)    1 :  0.801 0.072 0.127 
 51 OmyAC19ROGR    (2)    1 :  0.136 0.772 0.093 
 52 OmyAC19ROGR    (0)    1 :  0.069 0.857 0.074 
 53 OmyAC19ROGR    (1)    1 :  0.138 0.107 0.754 
 54 OmyAC19ROGR    (0)    1 :  0.206 0.183 0.611 
 55 OmyAC19ROGR    (3)    1 :  0.604 0.212 0.184 
 56 OmyAC19ROGR    (0)    1 :  0.150 0.196 0.654 
 57 OmyAC19ROGR    (0)    1 :  0.156 0.066 0.778 
 58 OmyAC19ROGR    (0)    1 :  0.142 0.734 0.124 
 59 OmyAC19ROGR    (0)    1 :  0.265 0.064 0.671 
 60 OmyAC19ROGR    (1)    1 :  0.465 0.299 0.236 
 61 OmyAC19ROGR    (0)    1 :  0.232 0.152 0.616 
 62 OmyAC19ROGR    (0)    1 :  0.540 0.120 0.340 
 63 OmyAC19ROGR    (0)    1 :  0.153 0.361 0.486 
 64 OmyAC19ROGR    (2)    1 :  0.553 0.195 0.252 
 65 OmyAC19ROGR    (0)    1 :  0.517 0.128 0.356 
 66 OmyAC19ROGR    (3)    1 :  0.360 0.497 0.144 
 67 OmyAC19ROGR    (0)    1 :  0.196 0.097 0.707 
 68 OmyAC19ROGR    (1)    1 :  0.240 0.170 0.591 
 69 OmyAC19ROGR    (2)    1 :  0.091 0.362 0.547 
 70 OmyAC19ROGR    (0)    1 :  0.363 0.111 0.526 
 71 OmyAC19ROGR    (0)    1 :  0.458 0.123 0.419 
 72 OmyAC19ROGR    (4)    1 :  0.595 0.099 0.306 
 73 OmyAC19ROGR    (0)    1 :  0.164 0.348 0.488 
 74 OmyAC19ROGR    (0)    1 :  0.817 0.088 0.095 
 75 OmyAC19ROGR    (0)    1 :  0.308 0.269 0.423 
 76 OmyAC19ROGR    (0)    1 :  0.106 0.136 0.758 
 77 OmyAC19ROGR    (1)    1 :  0.052 0.908 0.040 
 78 OmyAC19ROGR    (0)    1 :  0.577 0.138 0.285 
 79 OmyAC19ROGR    (2)    1 :  0.313 0.177 0.510 
 80 OmyAC19ROGR    (1)    1 :  0.148 0.716 0.136 
 81 OmyAC19ROGR    (2)    1 :  0.270 0.556 0.174 
 82 OmyAC19ROGR    (1)    1 :  0.147 0.058 0.795 
 83 OmyAC19ROGR    (0)    1 :  0.237 0.155 0.607 
 84 OmyAC19ROGR    (0)    1 :  0.402 0.361 0.236 
 85 OmyAC19ROGR    (5)    1 :  0.368 0.113 0.519 
 86 OmyAC19ROGR    (0)    1 :  0.658 0.254 0.088 
 87 OmyAC19ROGR    (1)    1 :  0.228 0.139 0.632 
 88 OmyJC19ROGR    (0)    2 :  0.079 0.855 0.065 
 89 OmyJC19ROGR    (0)    2 :  0.506 0.229 0.264 
 90 OmyJC19ROGR    (0)    2 :  0.062 0.885 0.053 
 91 OmyJC19ROGR    (1)    2 :  0.498 0.050 0.452 
 92 OmyJC19ROGR    (0)    2 :  0.157 0.155 0.689 
 93 OmyJC19ROGR    (0)    2 :  0.118 0.055 0.827 
 94 OmyJC19ROGR    (0)    2 :  0.558 0.312 0.130 
 95 OmyJC19ROGR    (0)    2 :  0.530 0.311 0.160 
 96 OmyJC19ROGR    (0)    2 :  0.602 0.203 0.195 
 97 OmyJC19ROGR    (0)    2 :  0.072 0.266 0.662 
 98 OmyJC19ROGR    (0)    2 :  0.513 0.110 0.377 
 99 OmyJC19ROGR    (0)    2 :  0.163 0.191 0.645 
100 OmyJC19ROGR    (1)    2 :  0.516 0.166 0.318 
101 OmyJC19ROGR    (0)    2 :  0.135 0.574 0.291 
102 OmyJC19ROGR    (0)    2 :  0.569 0.228 0.203 
103 OmyJC19ROGR    (0)    2 :  0.264 0.316 0.420 
104 OmyJC19ROGR    (0)    2 :  0.192 0.103 0.705 
105 OmyJC19ROGR    (0)    2 :  0.158 0.271 0.571 
106 OmyJC19ROGR    (0)    2 :  0.039 0.893 0.068 
107 OmyJC19ROGR    (1)    2 :  0.453 0.250 0.297 
108 OmyJC19ROGR    (0)    2 :  0.311 0.169 0.520 
109 OmyJC19ROGR    (0)    2 :  0.532 0.365 0.104 
110 OmyJC19ROGR    (0)    2 :  0.101 0.421 0.478 
111 OmyJC19ROGR    (1)    2 :  0.147 0.213 0.641 
112 OmyJC19ROGR    (2)    2 :  0.563 0.265 0.173 
113 OmyJC19ROGR    (0)    2 :  0.162 0.712 0.126 
114 OmyJC19ROGR    (3)    2 :  0.442 0.157 0.401 
115 OmyJC19ROGR    (1)    2 :  0.221 0.155 0.624 
116 OmyJC19ROGR    (0)    2 :  0.484 0.251 0.265 
117 OmyJC19ROGR    (0)    2 :  0.426 0.365 0.209 
118 OmyJC19ROGR    (0)    2 :  0.448 0.080 0.472 
119 OmyJC19ROGR    (2)    2 :  0.621 0.152 0.227 
120 OmyJC19ROGR    (0)    2 :  0.111 0.051 0.838 
121 OmyJC19ROGR    (0)    2 :  0.683 0.134 0.182 
122 OmyJC19ROGR    (0)    2 :  0.402 0.181 0.417 
123 OmyJC19ROGR    (0)    2 :  0.473 0.079 0.449 
124 OmyJC19ROGR    (0)    2 :  0.503 0.292 0.205 
125 OmyJC19ROGR    (0)    2 :  0.203 0.246 0.551 
126 OmyJC19ROGR    (1)    2 :  0.163 0.726 0.111 
127 OmyJC19ROGR    (0)    2 :  0.696 0.120 0.185 
128 OmyJC19ROGR    (1)    2 :  0.131 0.133 0.737 
129 OmyJC19ROGR    (0)    2 :  0.180 0.453 0.367 
130 OmyJC19ROGR    (2)    2 :  0.760 0.146 0.094 
131 OmyJC19ROGR    (0)    2 :  0.239 0.228 0.533 
132 OmyJC19ROGR    (1)    2 :  0.198 0.131 0.672 
133 OmyJC19ROGR    (0)    2 :  0.491 0.102 0.407 
134 OmyJC19ROGR    (0)    2 :  0.417 0.220 0.363 
135 OmyJC19ROGR    (1)    2 :  0.067 0.071 0.862 
136 OmyJC19ROGR    (3)    2 :  0.508 0.118 0.374 
137 OmyJC19ROGR    (0)    2 :  0.544 0.336 0.119 
138 OmyJC19ROGR    (0)    2 :  0.166 0.757 0.077 
139 OmyJC19ROGR    (2)    2 :  0.627 0.082 0.292 
140 OmyJC19ROGR    (2)    2 :  0.529 0.231 0.240 
141 OmyJC19ROGR    (0)    2 :  0.265 0.455 0.279 
142 OmyJC19ROGR    (0)    2 :  0.238 0.431 0.331 
143 OmyJC19ROGR    (0)    2 :  0.098 0.137 0.765 
144 OmyJC19ROGR    (0)    2 :  0.625 0.065 0.310 
145 OmyJC19ROGR    (0)    2 :  0.747 0.106 0.146 
146 OmyJC19ROGR    (1)    2 :  0.143 0.175 0.681 
147 OmyJC19ROGR    (0)    2 :  0.467 0.197 0.336 
148 OmyJC19ROGR    (0)    2 :  0.553 0.074 0.373 
149 OmyJC19ROGR    (1)    2 :  0.182 0.201 0.617 
150 OmyJC19ROGR    (1)    2 :  0.187 0.149 0.664 
151 OmyJC19ROGR    (0)    2 :  0.357 0.281 0.362 
152 OmyJC19ROGR    (0)    2 :  0.528 0.145 0.327 
153 OmyJC19ROGR    (0)    2 :  0.081 0.104 0.815 
154 OmyJC19ROGR    (1)    2 :  0.632 0.193 0.175 
155 OmyJC19ROGR    (0)    2 :  0.339 0.226 0.435 
156 OmyJC19ROGR    (1)    2 :  0.399 0.243 0.358 
157 OmyJC19ROGR    (0)    2 :  0.330 0.202 0.468 
158 OmyJC19ROGR    (0)    2 :  0.428 0.064 0.507 
159 OmyJC19ROGR    (0)    2 :  0.767 0.120 0.113 
160 OmyJC19ROGR    (0)    2 :  0.333 0.166 0.501 
161 OmyJC19ROGR    (0)    2 :  0.379 0.074 0.547 
162 OmyJC19ROGR    (0)    2 :  0.455 0.170 0.375 
163 OmyJC19ROGR    (0)    2 :  0.198 0.119 0.683 
164 OmyJC19ROGR    (0)    2 :  0.683 0.098 0.219 
165 OmyJC19ROGR    (0)    2 :  0.598 0.069 0.334 
166 OmyJC19ROGR    (0)    2 :  0.633 0.163 0.204 
167 OmyJC19ROGR    (1)    2 :  0.256 0.220 0.524 
168 OmyJC19ROGR    (0)    2 :  0.515 0.190 0.295 
169 OmyJC19ROGR    (0)    2 :  0.052 0.913 0.035 
170 OmyJC19ROGR    (0)    2 :  0.141 0.141 0.717 
171 OmyJC19ROGR    (0)    2 :  0.683 0.087 0.230 
172 OmyJC19ROGR    (0)    2 :  0.141 0.453 0.406 
173 OmyJC19ROGR    (0)    2 :  0.067 0.876 0.057 
174 OmyJC19ROGR    (0)    2 :  0.444 0.114 0.442 
175 OmyJC19ROGR    (0)    2 :  0.617 0.107 0.276 
176 OmyJC19ROGR    (0)    2 :  0.147 0.206 0.647 
177 OmyJC19ROGR    (0)    2 :  0.110 0.044 0.846 
178 OmyJC19ROGR    (0)    2 :  0.798 0.135 0.067 
179 OmyJC19ROGR    (0)    2 :  0.253 0.068 0.679 
180 OmyJC19ROGR    (0)    2 :  0.069 0.830 0.101 
181 OmyJC19ROGR    (0)    2 :  0.513 0.176 0.311 
182 OmyJC19ROGR    (0)    2 :  0.411 0.327 0.262 
183 OmyJC19ROGR    (0)    2 :  0.659 0.102 0.239 
184 OmyJC19ROGR    (0)    2 :  0.143 0.684 0.173 
185 OmyJC19ROGR    (1)    2 :  0.550 0.053 0.397 
186 OmyJC19ROGR    (0)    2 :  0.140 0.204 0.656 
187 OmyJC19ROGR    (0)    2 :  0.730 0.094 0.176 
188 OmyJC19ROGR    (0)    2 :  0.517 0.109 0.374 
189 OmyJC19ROGR    (0)    2 :  0.175 0.330 0.494 
190 OmyJC19ROGR    (0)    2 :  0.130 0.112 0.758 
191 OmyJC19ROGR    (0)    2 :  0.198 0.104 0.698 
192 OmyJC19ROGR    (0)    2 :  0.797 0.117 0.086 
193 OmyJC19ROGR    (1)    2 :  0.391 0.286 0.323 
194 OmyJC19ROGR    (0)    2 :  0.781 0.057 0.161 
195 OmyJC19ROGR    (0)    2 :  0.150 0.790 0.060 
196 OmyJC19ROGR    (0)    2 :  0.742 0.126 0.132 
197 OmyJC19ROGR    (0)    2 :  0.240 0.163 0.597 
198 OmyJC19ROGR    (0)    2 :  0.112 0.766 0.121 
199 OmyJC19ROGR    (0)    2 :  0.607 0.082 0.312 
200 OmyJC19ROGR    (0)    2 :  0.158 0.194 0.648 
201 OmyJC19ROGR    (0)    2 :  0.670 0.083 0.247 
202 OmyJC19ROGR    (0)    2 :  0.129 0.039 0.832 
203 OmyJC19ROGR    (0)    2 :  0.465 0.138 0.396 
204 OmyJC19ROGR    (0)    2 :  0.534 0.134 0.333 
205 OmyJC19ROGR    (0)    2 :  0.448 0.283 0.269 
206 OmyJC19ROGR    (0)    2 :  0.076 0.847 0.076 
207 OmyJC19ROGR    (0)    2 :  0.390 0.401 0.209 
208 OmyJC19ROGR    (0)    2 :  0.741 0.105 0.154 
209 OmyJC19ROGR    (0)    2 :  0.127 0.572 0.301 
210 OmyJC19ROGR    (0)    2 :  0.071 0.890 0.040 
211 OmyJC19ROGR    (0)    2 :  0.287 0.343 0.370 
212 OmyJC19ROGR    (1)    2 :  0.165 0.292 0.544 
213 OmyJC19ROGR    (1)    2 :  0.555 0.122 0.323 
214 OmyJC19ROGR    (0)    2 :  0.676 0.145 0.179 
215 OmyJC19ROGR    (0)    2 :  0.637 0.095 0.268 
216 OmyJC19ROGR    (0)    2 :  0.128 0.798 0.074 
217 OmyJC19ROGR    (0)    2 :  0.293 0.520 0.188 
218 OmyJC19ROGR    (0)    2 :  0.252 0.112 0.636 
219 OmyJC19ROGR    (0)    2 :  0.641 0.245 0.114 
220 OmyJC19ROGR    (0)    2 :  0.491 0.047 0.462 
221 OmyJC19ROGR    (0)    2 :  0.310 0.439 0.251 
222 OmyJC19ROGR    (0)    2 :  0.314 0.112 0.574 
223 OmyJC19ROGR    (0)    2 :  0.578 0.145 0.277 
224 OmyJC19ROGR    (0)    2 :  0.747 0.088 0.165 
225 OmyJC19ROGR    (0)    2 :  0.045 0.911 0.044 
226 OmyJC19ROGR    (0)    2 :  0.466 0.388 0.146 
227 OmyJC19ROGR    (1)    2 :  0.055 0.864 0.081 
228 OmyJC19ROGR    (0)    2 :  0.809 0.095 0.097 
229 OmyJC19ROGR    (1)    2 :  0.386 0.104 0.511 
230 OmyJC19ROGR    (0)    2 :  0.244 0.374 0.382 
231 OmyJC19ROGR    (0)    2 :  0.581 0.241 0.178 
232 OmyJC19ROGR    (1)    2 :  0.453 0.155 0.391 
233 OmyJC19ROGR    (0)    2 :  0.398 0.319 0.283 
234 OmyJC19ROGR    (0)    2 :  0.048 0.885 0.067 
235 OmyJC19ROGR    (0)    2 :  0.140 0.686 0.174 
236 OmyJC19ROGR    (1)    2 :  0.531 0.102 0.367 
237 OmyJC19ROGR    (0)    2 :  0.520 0.151 0.329 
238 OmyJC19ROGR    (0)    2 :  0.604 0.240 0.156 
239 OmyJC19ROGR    (0)    2 :  0.500 0.248 0.252 
240 OmyJC19ROGR    (0)    2 :  0.496 0.137 0.366 
241 OmyJC19ROGR    (0)    2 :  0.197 0.230 0.573 
242 OmyJC19ROGR    (0)    2 :  0.480 0.075 0.444 
243 OmyJC19ROGR    (0)    2 :  0.320 0.137 0.543 
244 OmyJC19ROGR    (0)    2 :  0.243 0.180 0.577 
245 OmyJC19ROGR    (0)    2 :  0.044 0.914 0.042 
246 OmyJC19ROGR    (0)    2 :  0.158 0.323 0.519 
247 OmyJC19ROGR    (0)    2 :  0.156 0.649 0.195 
248 OmyJC19ROGR    (0)    2 :  0.175 0.616 0.209 
249 OmyJC19ROGR    (0)    2 :  0.590 0.220 0.190 
250 OmyJC19ROGR    (0)    2 :  0.470 0.231 0.299 
251 OmyJC19ROGR    (0)    2 :  0.570 0.144 0.286 
252 OmyJC19ROGR    (0)    2 :  0.090 0.110 0.800 
253 OmyJC19ROGR    (0)    2 :  0.435 0.264 0.301 
254 OmyJC19ROGR    (0)    2 :  0.233 0.168 0.598 
255 OmyJC19ROGR    (0)    2 :  0.198 0.114 0.688 
256 OmyJC19ROGR    (0)    2 :  0.162 0.436 0.402 
257 OmyJC19ROGR    (0)    2 :  0.493 0.249 0.258 
258 OmyAC19ROGR    (0)    1 :  0.366 0.323 0.311 
259 OmyAC19ROGR    (1)    1 :  0.292 0.550 0.158 
260 OmyAC19ROGR    (0)    1 :  0.708 0.086 0.206 
261 OmyAC19ROGR    (0)    1 :  0.654 0.178 0.167 
262 OmyAC19ROGR    (0)    1 :  0.406 0.264 0.330 
263 OmyAC19ROGR    (0)    1 :  0.231 0.135 0.634 
264 OmyAC19ROGR    (0)    1 :  0.510 0.186 0.304 
265 OmyAC19ROGR    (0)    1 :  0.452 0.137 0.411 
266 OmyAC19ROGR    (0)    1 :  0.734 0.079 0.187 
267 OmyAC19ROGR    (0)    1 :  0.376 0.308 0.316 
268 OmyAC19ROGR    (1)    1 :  0.177 0.309 0.514 
269 OmyAC19ROGR    (1)    1 :  0.475 0.343 0.182 
270 OmyAC19ROGR    (0)    1 :  0.249 0.107 0.644 
271 OmyAC19ROGR    (0)    1 :  0.313 0.478 0.209 
272 OmyAC19ROGR    (0)    1 :  0.532 0.333 0.135 
273 OmyAC19ROGR    (0)    1 :  0.402 0.113 0.485 
274 OmyAC19ROGR    (0)    1 :  0.100 0.807 0.093 
275 OmyAC19ROGR    (0)    1 :  0.260 0.252 0.488 
276 OmyAC19ROGR    (0)    1 :  0.514 0.191 0.295 
277 OmyAC19ROGR    (0)    1 :  0.661 0.215 0.124 
278 OmyAC19ROGR    (0)    1 :  0.367 0.467 0.166 
279 OmyAC19ROGR    (0)    1 :  0.489 0.360 0.151 
280 OmyAC19ROGR    (0)    1 :  0.251 0.270 0.479 
281 OmyAC19ROGR    (0)    1 :  0.581 0.154 0.265 
282 OmyAC19ROGR    (0)    1 :  0.319 0.321 0.360 
283 OmyAC19ROGR    (0)    1 :  0.687 0.135 0.178 
284 OmyAC19ROGR    (0)    1 :  0.555 0.087 0.358 
285 OmyAC19ROGR    (0)    1 :  0.375 0.139 0.486 
286 OmyAC19ROGR    (0)    1 :  0.501 0.072 0.427 
287 OmyAC19ROGR    (0)    1 :  0.032 0.941 0.027 
288 OmyAC19ROGR    (0)    1 :  0.112 0.800 0.087 
289 OmyAC19ROGR    (0)    1 :  0.454 0.320 0.226 
290 OmyAC19ROGR    (1)    1 :  0.037 0.920 0.043 
291 OmyAC19ROGR    (0)    1 :  0.166 0.513 0.321 
292 OmyAC19ROGR    (1)    1 :  0.457 0.337 0.206 
293 OmyAC19ROGR    (0)    1 :  0.162 0.079 0.759 
294 OmyAC19ROGR    (0)    1 :  0.349 0.499 0.152 
295 OmyAC19ROGR    (0)    1 :  0.484 0.090 0.426 
296 OmyAC19ROGR    (0)    1 :  0.652 0.107 0.241 
297 OmyAC19ROGR    (0)    1 :  0.140 0.789 0.071 
298 OmyAC19ROGR    (0)    1 :  0.780 0.084 0.135 
299 OmyAC19ROGR    (0)    1 :  0.195 0.413 0.392 
300 OmyAC19ROGR    (0)    1 :  0.602 0.122 0.276 
301 OmyAC19ROGR    (0)    1 :  0.063 0.894 0.043 
302 OmyAC19ROGR    (0)    1 :  0.328 0.564 0.108 
303 OmyAC19ROGR    (0)    1 :  0.547 0.267 0.186 
304 OmyAC19ROGR    (0)    1 :  0.461 0.314 0.225 
305 OmyAC19ROGR    (0)    1 :  0.612 0.120 0.268 
306 OmyAC19ROGR    (0)    1 :  0.198 0.738 0.063 
307 OmyAC19ROGR    (1)    1 :  0.425 0.081 0.494 
308 OmyAC19ROGR    (0)    1 :  0.584 0.243 0.173 
309 OmyAC19ROGR    (1)    1 :  0.064 0.868 0.068 
310 OmyAC19ROGR    (0)    1 :  0.286 0.509 0.205 
311 OmyAC19ROGR    (0)    1 :  0.276 0.595 0.129 
312 OmyAC19ROGR    (0)    1 :  0.287 0.119 0.594 
313 OmyAC19ROGR    (0)    1 :  0.602 0.072 0.326 
314 OmyAC19ROGR    (0)    1 :  0.162 0.117 0.721 
315 OmyAC19ROGR    (0)    1 :  0.489 0.204 0.307 
316 OmyAC19ROGR    (0)    1 :  0.554 0.120 0.326 
317 OmyAC19ROGR    (0)    1 :  0.217 0.132 0.651 
318 OmyAC19ROGR    (0)    1 :  0.231 0.073 0.696 
319 OmyAC19ROGR    (1)    1 :  0.569 0.067 0.364 
320 OmyAC19ROGR    (0)    1 :  0.776 0.040 0.184 
321 OmyAC19ROGR    (0)    1 :  0.664 0.113 0.223 
322 OmyAC19ROGR    (0)    1 :  0.239 0.569 0.193 
323 OmyAC19ROGR    (0)    1 :  0.810 0.091 0.099 
324 OmyAC19ROGR    (0)    1 :  0.559 0.107 0.333 
325 OmyAC19ROGR    (0)    1 :  0.291 0.520 0.189 
326 OmyAC19ROGR    (0)    1 :  0.702 0.151 0.147 
327 OmyAC19ROGR    (0)    1 :  0.565 0.114 0.321 
328 OmyAC20ROGR    (1)    1 :  0.541 0.098 0.362 
329 OmyAC20ROGR    (0)    1 :  0.277 0.208 0.514 
330 OmyAC20ROGR    (0)    1 :  0.438 0.194 0.369 
331 OmyAC20ROGR    (0)    1 :  0.233 0.465 0.301 
332 OmyAC20ROGR    (0)    1 :  0.222 0.353 0.425 
333 OmyAC20ROGR    (0)    1 :  0.174 0.447 0.379 
334 OmyAC20ROGR    (0)    1 :  0.201 0.077 0.722 
335 OmyAC20ROGR    (0)    1 :  0.425 0.137 0.437 
336 OmyAC20ROGR    (0)    1 :  0.324 0.329 0.347 
337 OmyAC20ROGR    (0)    1 :  0.260 0.570 0.170 
338 OmyAC20ROGR    (0)    1 :  0.239 0.280 0.481 
339 OmyAC20ROGR    (0)    1 :  0.492 0.250 0.258 
340 OmyAC20ROGR    (0)    1 :  0.110 0.134 0.756 
341 OmyAC20ROGR    (0)    1 :  0.149 0.190 0.661 
342 OmyAC20ROGR    (0)    1 :  0.289 0.342 0.369 
343 OmyAC20ROGR    (0)    1 :  0.225 0.179 0.596 
344 OmyAC20ROGR    (0)    1 :  0.193 0.325 0.482 
345 OmyAC20ROGR    (1)    1 :  0.485 0.343 0.172 
346 OmyAC20ROGR    (0)    1 :  0.323 0.383 0.294 
347 OmyAC20ROGR    (0)    1 :  0.360 0.387 0.254 
348 OmyAC20ROGR    (0)    1 :  0.147 0.330 0.523 
349 OmyAC20ROGR    (0)    1 :  0.226 0.173 0.602 
350 OmyAC20ROGR    (0)    1 :  0.494 0.240 0.266 
351 OmyAC20ROGR    (0)    1 :  0.257 0.291 0.452 
352 OmyAC20ROGR    (0)    1 :  0.609 0.138 0.253 
353 OmyAC20ROGR    (0)    1 :  0.472 0.119 0.409 
354 OmyAC20ROGR    (0)    1 :  0.149 0.419 0.432 
355 OmyAC20ROGR    (0)    1 :  0.276 0.193 0.531 
356 OmyAC20ROGR    (0)    1 :  0.576 0.125 0.300 
357 OmyAC20ROGR    (0)    1 :  0.571 0.248 0.181 
358 OmyAC20ROGR    (0)    1 :  0.687 0.121 0.192 
359 OmyAC20ROGR    (0)    1 :  0.580 0.356 0.065 
360 OmyAC20ROGR    (0)    1 :  0.312 0.399 0.289 
361 OmyAC20ROGR    (0)    1 :  0.750 0.118 0.131 
362 OmyAC20ROGR    (0)    1 :  0.671 0.144 0.185 
363 OmyAC20ROGR    (0)    1 :  0.213 0.296 0.491 
364 OmyAC20ROGR    (1)    1 :  0.250 0.115 0.635 
365 OmyAC20ROGR    (0)    1 :  0.657 0.066 0.277 
366 OmyAC20ROGR    (0)    1 :  0.382 0.101 0.516 
367 OmyAC20ROGR    (0)    1 :  0.459 0.264 0.277 
368 OmyAC20ROGR    (1)    1 :  0.619 0.248 0.133 
369 OmyAC20ROGR    (0)    1 :  0.196 0.452 0.352 
370 OmyAC20ROGR    (0)    1 :  0.119 0.750 0.130 
371 OmyAC20ROGR    (0)    1 :  0.102 0.815 0.084 
372 OmyAC20ROGR    (2)    1 :  0.060 0.889 0.051 
373 OmyAC20ROGR    (0)    1 :  0.326 0.551 0.123 
374 OmyAC20ROGR    (0)    1 :  0.474 0.084 0.442 
375 OmyAC20ROGR    (0)    1 :  0.536 0.214 0.250 
376 OmyAC20ROGR    (0)    1 :  0.206 0.605 0.189 
377 OmyAC20ROGR    (0)    1 :  0.305 0.072 0.623 
378 OmyAC20ROGR    (0)    1 :  0.384 0.084 0.532 
379 OmyAC20ROGR    (0)    1 :  0.189 0.558 0.253 
380 OmyAC20ROGR    (1)    1 :  0.631 0.079 0.291 
381 OmyAC20ROGR    (0)    1 :  0.619 0.250 0.132 
382 OmyAC20ROGR    (0)    1 :  0.080 0.867 0.053 
383 OmyAC20ROGR    (0)    1 :  0.529 0.360 0.111 
384 OmyAC20ROGR    (0)    1 :  0.218 0.472 0.310 
385 OmyAC20ROGR    (0)    1 :  0.508 0.403 0.089 
386 OmyAC20ROGR    (0)    1 :  0.332 0.302 0.366 
387 OmyAC20ROGR    (0)    1 :  0.421 0.462 0.117 
388 OmyAC20ROGR    (0)    1 :  0.174 0.432 0.394 
389 OmyAC20ROGR    (0)    1 :  0.742 0.098 0.160 
390 OmyAC20ROGR    (0)    1 :  0.670 0.069 0.261 
391 OmyAC20ROGR    (0)    1 :  0.188 0.500 0.312 
392 OmyAC20ROGR    (0)    1 :  0.259 0.420 0.321 
393 OmyAC20ROGR    (0)    1 :  0.337 0.195 0.468 
394 OmyAC20ROGR    (1)    1 :  0.548 0.237 0.214 
395 OmyAC20ROGR    (0)    1 :  0.394 0.196 0.410 
396 OmyAC20ROGR    (0)    1 :  0.602 0.139 0.259 
397 OmyAC20ROGR    (0)    1 :  0.407 0.433 0.160 
398 OmyAC20ROGR    (0)    1 :  0.099 0.725 0.176 
399 OmyAC20ROGR    (0)    1 :  0.357 0.376 0.267 
400 OmyAC20ROGR    (0)    1 :  0.419 0.286 0.295 
401 OmyAC20ROGR    (1)    1 :  0.059 0.862 0.079 
402 OmyAC20ROGR    (0)    1 :  0.236 0.090 0.674 
403 OmyAC20ROGR    (0)    1 :  0.228 0.299 0.473 
404 OmyAC20ROGR    (0)    1 :  0.278 0.084 0.638 
405 OmyAC20ROGR    (0)    1 :  0.402 0.460 0.139 
406 OmyAC20ROGR    (0)    1 :  0.254 0.212 0.534 
407 OmyAC20ROGR    (0)    1 :  0.734 0.156 0.110 
408 OmyAC20ROGR    (0)    1 :  0.353 0.212 0.435 
409 OmyAC20ROGR    (0)    1 :  0.717 0.174 0.109 
410 OmyAC20ROGR    (0)    1 :  0.073 0.885 0.042 
411 OmyAC20ROGR    (0)    1 :  0.208 0.643 0.149 
412 OmyAC20ROGR    (0)    1 :  0.239 0.255 0.507 
413 OmyAC20ROGR    (0)    1 :  0.790 0.121 0.089 
414 OmyAC20ROGR    (0)    1 :  0.169 0.469 0.363 
415 OmyAC20ROGR    (0)    1 :  0.501 0.087 0.412 
416 OmyAC20ROGR    (0)    1 :  0.387 0.220 0.392 
417 OmyAC20ROGR    (0)    1 :  0.593 0.089 0.319 
418 OmyAC20ROGR    (0)    1 :  0.447 0.334 0.219 
419 OmyAC20ROGR    (0)    1 :  0.386 0.501 0.114 
420 OmyAC20ROGR    (0)    1 :  0.424 0.102 0.474 
421 OmyAC20ROGR    (0)    1 :  0.289 0.245 0.466 
422 OmyAC20ROGR    (0)    1 :  0.058 0.890 0.052 
423 OmyAC20ROGR    (0)    1 :  0.823 0.091 0.086 
424 OmyAC20ROGR    (0)    1 :  0.764 0.080 0.156 
425 OmyAC20ROGR    (0)    1 :  0.048 0.824 0.128 
426 OmyAC20ROGR    (0)    1 :  0.554 0.240 0.206 
427 OmyAC20ROGR    (0)    1 :  0.380 0.381 0.238 
428 OmyAC20ROGR    (0)    1 :  0.045 0.913 0.042 
429 OmyAC20ROGR    (0)    1 :  0.694 0.092 0.214 
430 OmyAC20ROGR    (0)    1 :  0.654 0.243 0.103 
431 OmyAC20ROGR    (0)    1 :  0.170 0.599 0.231 
432 OmyAC20ROGR    (0)    1 :  0.083 0.835 0.082 
433 OmyAC20ROGR    (0)    1 :  0.061 0.869 0.070 
434 OmyAC20ROGR    (0)    1 :  0.511 0.389 0.100 
435 OmyAC20ROGR    (0)    1 :  0.315 0.082 0.604 
436 OmyAC20ROGR    (0)    1 :  0.771 0.128 0.101 
437 OmyAC20ROGR    (0)    1 :  0.197 0.691 0.112 
438 OmyAC20ROGR    (0)    1 :  0.271 0.550 0.180 
439 OmyAC20ROGR    (0)    1 :  0.639 0.196 0.166 
440 OmyAC20ROGR    (0)    1 :  0.106 0.795 0.099 
441 OmyAC20ROGR    (0)    1 :  0.681 0.068 0.251 
442 OmyAC20ROGR    (0)    1 :  0.579 0.186 0.235 
443 OmyAC20ROGR    (0)    1 :  0.261 0.065 0.674 
444 OmyAC20ROGR    (0)    1 :  0.639 0.246 0.115 
445 OmyAC20ROGR    (0)    1 :  0.588 0.261 0.151 
446 OmyJC18ROGR    (0)    2 :  0.263 0.133 0.604 
447 OmyJC18ROGR    (0)    2 :  0.577 0.164 0.258 
448 OmyJC18ROGR    (0)    2 :  0.738 0.156 0.106 
449 OmyJC18ROGR    (0)    2 :  0.139 0.716 0.145 
450 OmyJC18ROGR    (0)    2 :  0.118 0.720 0.162 
451 OmyJC18ROGR    (0)    2 :  0.074 0.859 0.067 
452 OmyJC18ROGR    (0)    2 :  0.259 0.402 0.339 
453 OmyJC18ROGR    (0)    2 :  0.189 0.100 0.711 
454 OmyJC18ROGR    (0)    2 :  0.071 0.871 0.058 
455 OmyJC18ROGR    (0)    2 :  0.708 0.110 0.182 
456 OmyJC18ROGR    (0)    2 :  0.076 0.880 0.044 
457 OmyJC18ROGR    (0)    2 :  0.591 0.167 0.242 
458 OmyJC18ROGR    (0)    2 :  0.216 0.294 0.490 
459 OmyJC18ROGR    (0)    2 :  0.323 0.067 0.610 
460 OmyJC18ROGR    (2)    2 :  0.250 0.552 0.198 
461 OmyJC18ROGR    (1)    2 :  0.169 0.436 0.395 
462 OmyJC18ROGR    (3)    2 :  0.211 0.536 0.253 
463 OmyJC18ROGR    (1)    2 :  0.116 0.744 0.140 
464 OmyJC18ROGR    (3)    2 :  0.807 0.077 0.116 
465 OmyJC18ROGR    (3)    2 :  0.666 0.167 0.166 
466 OmyJC18ROGR    (0)    2 :  0.362 0.372 0.266 
467 OmyJC18ROGR    (1)    2 :  0.626 0.131 0.243 
468 OmyJC18ROGR    (0)    2 :  0.649 0.185 0.166 
469 OmyJC18ROGR    (0)    2 :  0.127 0.788 0.085 
470 OmyJC18ROGR    (3)    2 :  0.180 0.640 0.180 
471 OmyJC18ROGR    (1)    2 :  0.251 0.446 0.302 
472 OmyJC18ROGR    (1)    2 :  0.501 0.252 0.247 
473 OmyJC18ROGR    (2)    2 :  0.595 0.101 0.304 
474 OmyJC18ROGR    (0)    2 :  0.280 0.116 0.604 
475 OmyJC18ROGR    (1)    2 :  0.074 0.695 0.232 
476 OmyJC18ROGR    (2)    2 :  0.321 0.068 0.611 
477 OmyJC18ROGR    (3)    2 :  0.458 0.273 0.269 
478 OmyJC18ROGR    (0)    2 :  0.228 0.141 0.631 
479 OmyJC18ROGR    (0)    2 :  0.758 0.071 0.171 
480 OmyJC18ROGR    (0)    2 :  0.460 0.332 0.208 
481 OmyJC18ROGR    (2)    2 :  0.264 0.380 0.356 
482 OmyJC18ROGR    (3)    2 :  0.692 0.065 0.244 
483 OmyJC18ROGR    (3)    2 :  0.750 0.134 0.115 
484 OmyJC18ROGR    (3)    2 :  0.485 0.151 0.364 
485 OmyJC18ROGR    (2)    2 :  0.191 0.697 0.112 
486 OmyJC18ROGR    (2)    2 :  0.323 0.538 0.139 
487 OmyJC18ROGR    (1)    2 :  0.193 0.234 0.573 
488 OmyJC18ROGR    (3)    2 :  0.404 0.197 0.399 
489 OmyJC18ROGR    (0)    2 :  0.395 0.121 0.484 
490 OmyJC18ROGR    (2)    2 :  0.480 0.228 0.292 
491 OmyJC18ROGR    (4)    2 :  0.147 0.257 0.597 
492 OmyJC18ROGR    (4)    2 :  0.137 0.065 0.797 
493 OmyJC18ROGR    (3)    2 :  0.557 0.276 0.167 
494 OmyJC18ROGR    (3)    2 :  0.067 0.875 0.059 
495 OmyJC18ROGR    (3)    2 :  0.146 0.290 0.564 
496 OmyJC18ROGR    (0)    2 :  0.309 0.208 0.484 
497 OmyJC18ROGR    (5)    2 :  0.362 0.245 0.392 
498 OmyJC18ROGR    (3)    2 :  0.214 0.413 0.373 
499 OmyJC18ROGR    (1)    2 :  0.435 0.138 0.426 
500 OmyJC18ROGR    (1)    2 :  0.531 0.091 0.378 
501 OmyJC18ROGR    (3)    2 :  0.206 0.579 0.215 
502 OmyJC18ROGR    (1)    2 :  0.541 0.353 0.106 
503 OmyJC18ROGR    (4)    2 :  0.772 0.143 0.086 
504 OmyJC18ROGR    (1)    2 :  0.450 0.454 0.096 
505 OmyJC18ROGR    (0)    2 :  0.230 0.384 0.386 
506 OmyJC18ROGR    (6)    2 :  0.264 0.174 0.562 
507 OmyJC18ROGR    (0)    2 :  0.454 0.321 0.225 
508 OmyJC18ROGR    (0)    2 :  0.598 0.205 0.197 
509 OmyJC18ROGR    (2)    2 :  0.061 0.862 0.077 
510 OmyJC18ROGR    (1)    2 :  0.550 0.096 0.355 
511 OmyJC18ROGR    (3)    2 :  0.117 0.270 0.613 
512 OmyJC18ROGR    (2)    2 :  0.153 0.774 0.073 
513 OmyJC18ROGR    (7)    2 :  0.138 0.332 0.530 
514 OmyJC18ROGR    (3)    2 :  0.139 0.608 0.253 
515 OmyJC18ROGR    (0)    2 :  0.525 0.202 0.273 
516 OmyJC18ROGR    (2)    2 :  0.342 0.351 0.307 
517 OmyJC18ROGR    (2)    2 :  0.206 0.399 0.395 
518 OmyJC18ROGR    (0)    2 :  0.604 0.150 0.246 
519 OmyJC18ROGR    (7)    2 :  0.099 0.165 0.736 
520 OmyJC18ROGR    (4)    2 :  0.139 0.344 0.518 
521 OmyJC18ROGR    (1)    2 :  0.225 0.328 0.448 
522 OmyJC18ROGR    (1)    2 :  0.566 0.294 0.139 
523 OmyJC18ROGR    (3)    2 :  0.612 0.145 0.243 
524 OmyJC18ROGR    (1)    2 :  0.777 0.103 0.120 
525 OmyJC18ROGR    (2)    2 :  0.251 0.316 0.433 
526 OmyJC18ROGR    (1)    2 :  0.325 0.209 0.465 
527 OmyJC18ROGR    (0)    2 :  0.305 0.111 0.585 
528 OmyJC18ROGR    (0)    2 :  0.611 0.119 0.270 
529 OmyJC18ROGR    (1)    2 :  0.521 0.112 0.366 
530 OmyJC18ROGR    (0)    2 :  0.811 0.089 0.100 
531 OmyJC18ROGR    (0)    2 :  0.772 0.120 0.108 
532 OmyJC18ROGR    (1)    2 :  0.758 0.082 0.160 
533 OmyJC18ROGR    (2)    2 :  0.340 0.067 0.593 
534 OmyJC18ROGR    (2)    2 :  0.595 0.183 0.222 
535 OmyJC18ROGR    (0)    2 :  0.331 0.160 0.508 
536 OmyJC18ROGR    (0)    2 :  0.120 0.099 0.781 
537 OmyJC18ROGR    (0)    2 :  0.270 0.093 0.637 
538 OmyJC18ROGR    (0)    2 :  0.748 0.125 0.127 
539 OmyJC18ROGR    (1)    2 :  0.627 0.164 0.209 
540 OmyJC18ROGR    (6)    2 :  0.331 0.162 0.507 
541 OmyJC18ROGR    (1)    2 :  0.451 0.152 0.397 
542 OmyJC18ROGR    (1)    2 :  0.377 0.322 0.301 
543 OmyJC18ROGR    (0)    2 :  0.336 0.429 0.235 
544 OmyJC18ROGR    (2)    2 :  0.440 0.136 0.424 
545 OmyJC18ROGR    (1)    2 :  0.269 0.662 0.068 
546 OmyJC18ROGR    (6)    2 :  0.769 0.056 0.175 
547 OmyJC18ROGR    (0)    2 :  0.639 0.274 0.086 
548 OmyJC18ROGR    (1)    2 :  0.272 0.318 0.410 
549 OmyJC18ROGR    (0)    2 :  0.664 0.153 0.183 
550 OmyJC18ROGR    (1)    2 :  0.085 0.788 0.126 
551 OmyJC18ROGR    (1)    2 :  0.166 0.152 0.682 
552 OmyJC18ROGR    (2)    2 :  0.431 0.278 0.292 
553 OmyJC18ROGR    (7)    2 :  0.537 0.188 0.275 
554 OmyJC18ROGR    (2)    2 :  0.601 0.104 0.296 
555 OmyJC18ROGR    (3)    2 :  0.401 0.117 0.481 
556 OmyJC18ROGR    (0)    2 :  0.069 0.161 0.770 
557 OmyJC18ROGR    (1)    2 :  0.222 0.620 0.158 
558 OmyJC18ROGR    (0)    2 :  0.087 0.278 0.635 
559 OmyJC18ROGR    (0)    2 :  0.752 0.087 0.161 
560 OmyJC18ROGR    (5)    2 :  0.286 0.266 0.448 
561 OmyJC18ROGR    (0)    2 :  0.829 0.077 0.094 
562 OmyJC18ROGR    (6)    2 :  0.249 0.125 0.626 
563 OmyJC18ROGR    (2)    2 :  0.372 0.185 0.443 
564 OmyJC18ROGR    (3)    2 :  0.137 0.400 0.463 
565 OmyJC18ROGR    (3)    2 :  0.445 0.234 0.321 
566 OmyJC18ROGR    (1)    2 :  0.582 0.193 0.225 
567 OmyJC18ROGR    (0)    2 :  0.761 0.089 0.149 
568 OmyJC18ROGR    (3)    2 :  0.226 0.269 0.505 
569 OmyJC18ROGR    (2)    2 :  0.566 0.155 0.279 
570 OmyJC18ROGR    (0)    2 :  0.697 0.190 0.113 
571 OmyJC18ROGR    (1)    2 :  0.823 0.073 0.104 
572 OmyJC18ROGR    (4)    2 :  0.264 0.126 0.610 
573 OmyJC18ROGR    (3)    2 :  0.184 0.548 0.267 
574 OmyJC18ROGR    (5)    2 :  0.356 0.358 0.286 
575 OmyJC18ROGR    (3)    2 :  0.235 0.084 0.681 
576 OmyJC18ROGR    (0)    2 :  0.444 0.185 0.372 
577 OmyJC18ROGR    (0)    2 :  0.092 0.852 0.056 
578 OmyJC18ROGR    (1)    2 :  0.723 0.119 0.158 
579 OmyJC18ROGR    (0)    2 :  0.078 0.787 0.135 
580 OmyJC18ROGR    (0)    2 :  0.440 0.054 0.507 
581 OmyJC18ROGR    (3)    2 :  0.615 0.180 0.205 
582 OmyJC18ROGR    (6)    2 :  0.508 0.089 0.403 
583 OmyJC18ROGR    (3)    2 :  0.311 0.089 0.600 
584 OmyJC18ROGR    (3)    2 :  0.383 0.174 0.443 
585 OmyJC18ROGR    (1)    2 :  0.444 0.227 0.329 
586 OmyJC18ROGR    (1)    2 :  0.715 0.056 0.228 
587 OmyJC18ROGR    (0)    2 :  0.051 0.901 0.048 
588 OmyJC18ROGR    (0)    2 :  0.163 0.349 0.488 
589 OmyJC18ROGR    (1)    2 :  0.366 0.211 0.423 
590 OmyJC18ROGR    (2)    2 :  0.885 0.033 0.082 
591 OmyJC18ROGR    (0)    2 :  0.526 0.165 0.309 
592 OmyJC18ROGR    (3)    2 :  0.618 0.174 0.209 
593 OmyJC18ROGR    (0)    2 :  0.223 0.263 0.515 
594 OmyJC18ROGR    (1)    2 :  0.583 0.117 0.300 
595 OmyJC18ROGR    (0)    2 :  0.183 0.196 0.621 
596 OmyJC18ROGR    (1)    2 :  0.448 0.246 0.307 
597 OmyJC18ROGR    (0)    2 :  0.428 0.186 0.385 
598 OmyJC18ROGR    (1)    2 :  0.610 0.182 0.208 
599 OmyJC18ROGR    (0)    2 :  0.623 0.169 0.208 
600 OmyJC18ROGR    (0)    2 :  0.187 0.119 0.694 
601 OmyJC18ROGR    (0)    2 :  0.433 0.104 0.463 
602 OmyJC18ROGR    (0)    2 :  0.593 0.229 0.178 
603 OmyJC18ROGR    (0)    2 :  0.289 0.103 0.609 
604 OmyJC18ROGR    (0)    2 :  0.419 0.152 0.430 
605 OmyJC18ROGR    (0)    2 :  0.113 0.079 0.807 
606 OmyJC18ROGR    (0)    2 :  0.249 0.183 0.569 
607 OmyJC18ROGR    (0)    2 :  0.643 0.162 0.196 
608 OmyJC18ROGR    (0)    2 :  0.798 0.084 0.118 
609 OmyJC18ROGR    (0)    2 :  0.184 0.133 0.684 
610 OmyJC18ROGR    (4)    2 :  0.061 0.806 0.133 
611 OmyJC18ROGR    (0)    2 :  0.189 0.408 0.403 
612 OmyJC18ROGR    (2)    2 :  0.499 0.138 0.363 
613 OmyJC18ROGR    (0)    2 :  0.283 0.217 0.500 
614 OmyJC18ROGR    (0)    2 :  0.570 0.310 0.120 
615 OmyJC18ROGR    (0)    2 :  0.414 0.058 0.528 
616 OmyJC18ROGR    (0)    2 :  0.317 0.284 0.399 
617 OmyJC18ROGR    (0)    2 :  0.454 0.124 0.422 
618 OmyJC18ROGR    (0)    2 :  0.669 0.235 0.096 
619 OmyJC18ROGR    (0)    2 :  0.240 0.097 0.663 
620 OmyJC18ROGR    (0)    2 :  0.122 0.296 0.583 
621 OmyJC18ROGR    (1)    2 :  0.317 0.235 0.448 
622 OmyJC18ROGR    (2)    2 :  0.182 0.160 0.657 
623 OmyJC18ROGR    (1)    2 :  0.669 0.174 0.157 
624 OmyJC18ROGR    (2)    2 :  0.537 0.177 0.286 
625 OmyJC18ROGR    (0)    2 :  0.580 0.269 0.151 
626 OmyJC18ROGR    (6)    2 :  0.518 0.125 0.357 
627 OmyJC18ROGR    (0)    2 :  0.278 0.291 0.430 
628 OmyJC18ROGR    (0)    2 :  0.037 0.924 0.039 
629 OmyJC18ROGR    (1)    2 :  0.160 0.272 0.568 
630 OmyJC18ROGR    (1)    2 :  0.194 0.085 0.720 
631 OmyJC18ROGR    (3)    2 :  0.580 0.118 0.302 
632 OmyJC18ROGR    (0)    2 :  0.116 0.075 0.809 
633 OmyJC18ROGR    (4)    2 :  0.501 0.126 0.374 
634 OmyJC18ROGR    (2)    2 :  0.100 0.451 0.449 
635 OmyJC18ROGR    (0)    2 :  0.438 0.061 0.501 
636 OmyJC18ROGR    (0)    2 :  0.190 0.587 0.223 
637 OmyJC18ROGR    (0)    2 :  0.291 0.234 0.474 
638 OmyJC18ROGR    (0)    2 :  0.520 0.137 0.343 
639 OmyJC18ROGR    (1)    2 :  0.347 0.279 0.374 
640 OmyJC18ROGR    (1)    2 :  0.293 0.512 0.195 
641 OmyJC18ROGR    (0)    2 :  0.150 0.430 0.420 
642 OmyJC18ROGR    (3)    2 :  0.439 0.279 0.282 
643 OmyJC18ROGR    (1)    2 :  0.271 0.128 0.601 
644 OmyJC18ROGR    (7)    2 :  0.775 0.056 0.169 
645 OmyJC18ROGR    (4)    2 :  0.578 0.226 0.196 
646 OmyJC18ROGR    (0)    2 :  0.546 0.077 0.377 
647 OmyJC18ROGR    (1)    2 :  0.782 0.087 0.131 
648 OmyJC18ROGR    (1)    2 :  0.234 0.195 0.571 
649 OmyJC18ROGR    (0)    2 :  0.610 0.122 0.267 
650 OmyJC18ROGR    (1)    2 :  0.684 0.052 0.264 
651 OmyJC18ROGR    (5)    2 :  0.062 0.846 0.092 
652 OmyJC18ROGR    (1)    2 :  0.337 0.268 0.395 
653 OmyJC18ROGR    (3)    2 :  0.288 0.184 0.528 
654 OmyJC18ROGR    (1)    2 :  0.550 0.245 0.205 
655 OmyJC18ROGR    (2)    2 :  0.335 0.420 0.245 
656 OmyJC18ROGR    (0)    2 :  0.638 0.093 0.269 
657 OmyJC18ROGR    (0)    2 :  0.351 0.138 0.511 
658 OmyJC18ROGR    (0)    2 :  0.549 0.149 0.303 
659 OmyJC18ROGR    (5)    2 :  0.421 0.046 0.533 
660 OmyJC18ROGR    (3)    2 :  0.386 0.284 0.331 
661 OmyJC18ROGR    (2)    2 :  0.346 0.063 0.591 
662 OmyJC18ROGR    (1)    2 :  0.194 0.189 0.617 
663 OmyJC18ROGR    (2)    2 :  0.228 0.431 0.340 
664 OmyJC18ROGR    (0)    2 :  0.284 0.123 0.593 
665 OmyJC18ROGR    (0)    2 :  0.213 0.205 0.581 
666 OmyJC18ROGR    (0)    2 :  0.086 0.832 0.081 
667 OmyJC18ROGR    (0)    2 :  0.196 0.469 0.335 
668 OmyJC18ROGR    (2)    2 :  0.411 0.392 0.197 
669 OmyJC18ROGR    (4)    2 :  0.605 0.257 0.139 
670 OmyJC18ROGR    (6)    2 :  0.814 0.102 0.084 
671 OmyJC18ROGR    (3)    2 :  0.084 0.088 0.828 
672 OmyJC18ROGR    (0)    2 :  0.174 0.065 0.760 
673 OmyJC18ROGR    (4)    2 :  0.362 0.080 0.558 
674 OmyJC18ROGR    (0)    2 :  0.330 0.237 0.433 
675 OmyJC18ROGR    (0)    2 :  0.397 0.126 0.476 
676 OmyJC18ROGR    (1)    2 :  0.352 0.128 0.520 
677 OmyJC18ROGR    (3)    2 :  0.410 0.413 0.178 
678 OmyJC18ROGR    (6)    2 :  0.254 0.095 0.651 
679 OmyJC18ROGR    (1)    2 :  0.554 0.341 0.105 
680 OmyJC18ROGR    (1)    2 :  0.247 0.124 0.628 
681 OmyJC18ROGR    (1)    2 :  0.185 0.437 0.378 
682 OmyJC18ROGR    (1)    2 :  0.216 0.509 0.275 
683 OmyJC18ROGR    (0)    2 :  0.677 0.191 0.132 
684 OmyJC18ROGR    (0)    2 :  0.702 0.097 0.201 
685 OmyJC18ROGR    (0)    2 :  0.742 0.121 0.138 
686 OmyJC18ROGR    (0)    2 :  0.722 0.078 0.200 
687 OmyJC18ROGR    (3)    2 :  0.565 0.121 0.314 
688 OmyJC18ROGR    (1)    2 :  0.161 0.410 0.428 
689 OmyJC18ROGR    (1)    2 :  0.185 0.608 0.207 
690 OmyJC18ROGR    (5)    2 :  0.102 0.216 0.682 
691 OmyJC18ROGR    (5)    2 :  0.259 0.379 0.362 
692 OmyJC18ROGR    (0)    2 :  0.440 0.407 0.153 
693 OmyJC18ROGR    (2)    2 :  0.341 0.089 0.570 
694 OmyJC18ROGR    (0)    2 :  0.142 0.070 0.788 
695 OmyJC18ROGR    (0)    2 :  0.369 0.465 0.166 
696 OmyJC18ROGR    (0)    2 :  0.857 0.062 0.081 
697 OmyJC18ROGR    (2)    2 :  0.173 0.185 0.642 
698 OmyJC18ROGR    (0)    2 :  0.293 0.052 0.655 
699 OmyJC18ROGR    (1)    2 :  0.129 0.193 0.678 
700 OmyJC18ROGR    (0)    2 :  0.648 0.225 0.127 
701 OmyJC18ROGR    (0)    2 :  0.274 0.177 0.548 
702 OmyJC18ROGR    (1)    2 :  0.222 0.468 0.309 
703 OmyJC18ROGR    (1)    2 :  0.585 0.341 0.074 
704 OmyJC18ROGR    (0)    2 :  0.196 0.644 0.160 
705 OmyJC18ROGR    (0)    2 :  0.470 0.098 0.432 
706 OmyJC18ROGR    (0)    2 :  0.190 0.494 0.316 
707 OmyJC18ROGR    (1)    2 :  0.080 0.104 0.816 
708 OmyJC18ROGR    (1)    2 :  0.260 0.314 0.426 
709 OmyJC18ROGR    (0)    2 :  0.243 0.491 0.265 
710 OmyJC18ROGR    (0)    2 :  0.352 0.200 0.448 
711 OmyJC18ROGR    (0)    2 :  0.552 0.328 0.120 
712 OmyJC18ROGR    (1)    2 :  0.547 0.152 0.301 
713 OmyJC18ROGR    (0)    2 :  0.556 0.215 0.229 
714 OmyJC18ROGR    (0)    2 :  0.593 0.207 0.199 
715 OmyJC18ROGR    (0)    2 :  0.602 0.257 0.141 
716 OmyJC18ROGR    (0)    2 :  0.196 0.616 0.189 
717 OmyJC18ROGR    (1)    2 :  0.179 0.176 0.646 
718 OmyJC18ROGR    (1)    2 :  0.176 0.115 0.710 
719 OmyJC18ROGR    (7)    2 :  0.200 0.048 0.751 
720 OmyJC18ROGR    (2)    2 :  0.670 0.169 0.161 
721 OmyJC18ROGR    (1)    2 :  0.318 0.132 0.550 
722 OmyJC18ROGR    (0)    2 :  0.444 0.141 0.415 
723 OmyJC18ROGR    (1)    2 :  0.264 0.115 0.621 
724 OmyJC18ROGR    (0)    2 :  0.322 0.557 0.121 
725 OmyJC18ROGR    (0)    2 :  0.449 0.151 0.399 
726 OmyJC18ROGR    (0)    2 :  0.433 0.125 0.443 
727 OmyJC18ROGR    (1)    2 :  0.099 0.157 0.745 
728 OmyJC18ROGR    (0)    2 :  0.242 0.362 0.396 
729 OmyJC18ROGR    (1)    2 :  0.305 0.160 0.536 
730 OmyJC18ROGR    (0)    2 :  0.511 0.267 0.222 
731 OmyJC18ROGR    (2)    2 :  0.136 0.719 0.144 
732 OmyJC18ROGR    (1)    2 :  0.092 0.372 0.537 
733 OmyJC18ROGR    (0)    2 :  0.655 0.104 0.241 
734 OmyJC18ROGR    (0)    2 :  0.674 0.117 0.208 
735 OmyJC18ROGR    (0)    2 :  0.334 0.093 0.573 
736 OmyJC18ROGR    (0)    2 :  0.576 0.286 0.138 
737 OmyJC18ROGR    (0)    2 :  0.610 0.228 0.162 
738 OmyJC18ROGR    (0)    2 :  0.313 0.416 0.271 
739 OmyJC18ROGR    (0)    2 :  0.242 0.232 0.525 
740 OmyJC18ROGR    (0)    2 :  0.351 0.046 0.604 
741 OmyJC18ROGR    (0)    2 :  0.420 0.394 0.187 
742 OmyJC18ROGR    (0)    2 :  0.377 0.215 0.408 
743 OmyJC18ROGR    (0)    2 :  0.777 0.129 0.094 
744 OmyJC18ROGR    (0)    2 :  0.671 0.070 0.260 
745 OmyJC18ROGR    (0)    2 :  0.649 0.112 0.239 
746 OmyJC18ROGR    (0)    2 :  0.311 0.564 0.125 
747 OmyJC18ROGR    (0)    2 :  0.069 0.891 0.040 
748 OmyJC18ROGR    (2)    2 :  0.681 0.234 0.085 
749 OmyJC18ROGR    (5)    2 :  0.129 0.376 0.494 
750 OmyJC18ROGR    (1)    2 :  0.499 0.214 0.288 
751 OmyJC18ROGR    (0)    2 :  0.474 0.435 0.091 
752 OmyJC18ROGR    (3)    2 :  0.581 0.056 0.363 
753 OmyJC18ROGR    (0)    2 :  0.867 0.057 0.076 
754 OmyJC18ROGR    (0)    2 :  0.554 0.130 0.316 
755 OmyJC18ROGR    (0)    2 :  0.084 0.088 0.828 
756 OmyJC18ROGR    (0)    2 :  0.562 0.326 0.112 
757 OmyJC18ROGR    (0)    2 :  0.247 0.146 0.607 
758 OmyJC18ROGR    (1)    2 :  0.446 0.285 0.269 
759 OmyJC18ROGR    (0)    2 :  0.450 0.217 0.333 
