

----------------------------------------------------
STRUCTURE by Pritchard, Stephens and Donnelly (2000)
     and Falush, Stephens and Pritchard (2003)
       Code by Pritchard, Falush and Hubisz
             Version 2.3.4 (Jul 2012)
----------------------------------------------------



Command line arguments:   bin/structure -m "/Users/ddayan/FRA/premature_migration/Rogue_Half-Pounder/half-pounder/structure/halfpounder_2021/10k_20k_adm_corr/mainparams" -e "/Users/ddayan/FRA/premature_migration/Rogue_Half-Pounder/half-pounder/structure/halfpounder_2021/10k_20k_adm_corr/extraparams" 
Input File:    /Users/ddayan/FRA/premature_migration/Rogue_Half-Pounder/half-pounder/structure/halfpounder_2021/project_data

Run parameters:
   1000 individuals
   328 loci
   4 populations assumed
   10000 Burn-in period
   20000 Reps


--------------------------------------------
Proportion of membership of each pre-defined
 population in each of the 4 clusters

Given    Inferred Clusters              Number of
 Pop       1      2      3      4      Individuals

  1:     0.225  0.235  0.275  0.265      275
  2:     0.245  0.223  0.265  0.267      643
  3:     0.750  0.063  0.100  0.088       42
  4:     0.127  0.080  0.374  0.419       40
--------------------------------------------

Allele-freq. divergence among pops (Net nucleotide distance),
computed using point estimates of P.

      1       2       3       4      
 1      -    0.0105  0.0029  0.0033  
 2   0.0105     -    0.0082  0.0084  
 3   0.0029  0.0082     -    0.0004  
 4   0.0033  0.0084  0.0004     -    

Average distances (expected heterozygosity) between individuals in same cluster:
cluster  1  : 0.2882 
cluster  2  : 0.2617 
cluster  3  : 0.2935 
cluster  4  : 0.2928 

--------------------------------------------
Estimated Ln Prob of Data   = -285404.5
Mean value of ln likelihood = -283941.9
Variance of ln likelihood   = 2925.2
Mean value of alpha         = 0.2843

Mean value of Fst_1         = 0.0230
Mean value of Fst_2         = 0.0725
Mean value of Fst_3         = 0.0076
Mean value of Fst_4         = 0.0105


Inferred ancestry of individuals:
        Label (%Miss) Pop:  Inferred clusters
  1 OmyAC19ROGR    (0)    1 :  0.335 0.021 0.455 0.188 
  2 OmyAC19ROGR    (0)    1 :  0.429 0.118 0.344 0.110 
  3 OmyAC19ROGR    (0)    1 :  0.380 0.102 0.367 0.150 
  4 OmyAC19ROGR    (0)    1 :  0.207 0.037 0.299 0.458 
  5 OmyAC19ROGR    (1)    1 :  0.014 0.942 0.025 0.019 
  6 OmyAC19ROGR    (0)    1 :  0.088 0.235 0.472 0.205 
  7 OmyAC19ROGR    (0)    1 :  0.181 0.249 0.194 0.376 
  8 OmyAC19ROGR    (0)    1 :  0.264 0.026 0.302 0.409 
  9 OmyAC19ROGR    (0)    1 :  0.251 0.308 0.317 0.124 
 10 OmyAC19ROGR    (0)    1 :  0.225 0.503 0.164 0.108 
 11 OmyAC19ROGR    (0)    1 :  0.200 0.084 0.276 0.440 
 12 OmyAC19ROGR    (0)    1 :  0.070 0.142 0.524 0.264 
 13 OmyAC19ROGR    (0)    1 :  0.208 0.038 0.197 0.557 
 14 OmyAC19ROGR    (0)    1 :  0.051 0.500 0.162 0.287 
 15 OmyAC19ROGR    (0)    1 :  0.064 0.478 0.098 0.359 
 16 OmyAC19ROGR    (0)    1 :  0.214 0.118 0.261 0.407 
 17 OmyAC19ROGR    (0)    1 :  0.037 0.114 0.489 0.361 
 18 OmyAC19ROGR    (2)    1 :  0.387 0.043 0.265 0.305 
 19 OmyAC19ROGR    (1)    1 :  0.216 0.074 0.242 0.468 
 20 OmyAC19ROGR    (0)    1 :  0.060 0.306 0.292 0.342 
 21 OmyAC19ROGR    (1)    1 :  0.205 0.299 0.224 0.272 
 22 OmyAC19ROGR    (0)    1 :  0.509 0.110 0.167 0.214 
 23 OmyAC19ROGR    (0)    1 :  0.186 0.345 0.332 0.136 
 24 OmyAC19ROGR    (0)    1 :  0.788 0.029 0.107 0.075 
 25 OmyAC19ROGR    (0)    1 :  0.114 0.290 0.208 0.388 
 26 OmyAC19ROGR    (0)    1 :  0.378 0.147 0.303 0.172 
 27 OmyAC19ROGR    (1)    1 :  0.072 0.076 0.292 0.560 
 28 OmyAC19ROGR    (0)    1 :  0.861 0.049 0.050 0.039 
 29 OmyAC19ROGR    (0)    1 :  0.183 0.097 0.301 0.420 
 30 OmyAC19ROGR    (0)    1 :  0.068 0.732 0.122 0.078 
 31 OmyAC19ROGR    (0)    1 :  0.194 0.057 0.357 0.392 
 32 OmyAC19ROGR    (0)    1 :  0.352 0.185 0.251 0.212 
 33 OmyAC19ROGR    (1)    1 :  0.404 0.133 0.308 0.156 
 34 OmyAC19ROGR    (0)    1 :  0.104 0.545 0.104 0.247 
 35 OmyAC19ROGR    (0)    1 :  0.485 0.093 0.258 0.164 
 36 OmyAC19ROGR    (0)    1 :  0.146 0.221 0.300 0.333 
 37 OmyAC19ROGR    (0)    1 :  0.678 0.131 0.100 0.091 
 38 OmyAC19ROGR    (0)    1 :  0.372 0.472 0.075 0.080 
 39 OmyAC19ROGR    (0)    1 :  0.102 0.126 0.419 0.353 
 40 OmyAC19ROGR    (0)    1 :  0.077 0.381 0.256 0.285 
 41 OmyAC19ROGR    (1)    1 :  0.136 0.063 0.329 0.471 
 42 OmyAC19ROGR    (0)    1 :  0.027 0.854 0.056 0.063 
 43 OmyAC19ROGR    (0)    1 :  0.209 0.055 0.544 0.191 
 44 OmyAC19ROGR    (6)    1 :  0.181 0.054 0.609 0.156 
 45 OmyAC19ROGR    (1)    1 :  0.325 0.392 0.163 0.120 
 46 OmyAC19ROGR    (0)    1 :  0.578 0.112 0.181 0.128 
 47 OmyAC19ROGR    (0)    1 :  0.699 0.088 0.114 0.099 
 48 OmyAC19ROGR    (0)    1 :  0.169 0.057 0.538 0.236 
 49 OmyAC19ROGR    (0)    1 :  0.467 0.047 0.238 0.248 
 50 OmyAC19ROGR    (0)    1 :  0.043 0.035 0.392 0.530 
 51 OmyAC19ROGR    (2)    1 :  0.062 0.775 0.075 0.087 
 52 OmyAC19ROGR    (0)    1 :  0.042 0.861 0.052 0.044 
 53 OmyAC19ROGR    (1)    1 :  0.768 0.051 0.109 0.073 
 54 OmyAC19ROGR    (0)    1 :  0.579 0.104 0.181 0.135 
 55 OmyAC19ROGR    (3)    1 :  0.100 0.110 0.352 0.437 
 56 OmyAC19ROGR    (0)    1 :  0.702 0.106 0.071 0.120 
 57 OmyAC19ROGR    (0)    1 :  0.729 0.029 0.117 0.125 
 58 OmyAC19ROGR    (0)    1 :  0.067 0.710 0.115 0.109 
 59 OmyAC19ROGR    (0)    1 :  0.598 0.030 0.183 0.189 
 60 OmyAC19ROGR    (1)    1 :  0.139 0.148 0.245 0.468 
 61 OmyAC19ROGR    (0)    1 :  0.545 0.073 0.233 0.149 
 62 OmyAC19ROGR    (0)    1 :  0.146 0.055 0.546 0.253 
 63 OmyAC19ROGR    (0)    1 :  0.507 0.264 0.121 0.107 
 64 OmyAC19ROGR    (2)    1 :  0.146 0.110 0.421 0.323 
 65 OmyAC19ROGR    (0)    1 :  0.183 0.068 0.314 0.435 
 66 OmyAC19ROGR    (3)    1 :  0.077 0.362 0.184 0.378 
 67 OmyAC19ROGR    (0)    1 :  0.639 0.049 0.122 0.190 
 68 OmyAC19ROGR    (1)    1 :  0.410 0.087 0.374 0.130 
 69 OmyAC19ROGR    (2)    1 :  0.607 0.242 0.068 0.083 
 70 OmyAC19ROGR    (0)    1 :  0.335 0.052 0.406 0.207 
 71 OmyAC19ROGR    (0)    1 :  0.202 0.054 0.360 0.384 
 72 OmyAC19ROGR    (4)    1 :  0.168 0.036 0.449 0.347 
 73 OmyAC19ROGR    (0)    1 :  0.350 0.259 0.275 0.116 
 74 OmyAC19ROGR    (0)    1 :  0.044 0.044 0.573 0.340 
 75 OmyAC19ROGR    (0)    1 :  0.330 0.165 0.205 0.299 
 76 OmyAC19ROGR    (0)    1 :  0.756 0.068 0.105 0.071 
 77 OmyAC19ROGR    (1)    1 :  0.025 0.916 0.031 0.028 
 78 OmyAC19ROGR    (0)    1 :  0.121 0.052 0.528 0.299 
 79 OmyAC19ROGR    (2)    1 :  0.274 0.090 0.400 0.236 
 80 OmyAC19ROGR    (1)    1 :  0.100 0.717 0.085 0.098 
 81 OmyAC19ROGR    (2)    1 :  0.121 0.474 0.228 0.177 
 82 OmyAC19ROGR    (1)    1 :  0.757 0.028 0.121 0.094 
 83 OmyAC19ROGR    (0)    1 :  0.534 0.072 0.183 0.212 
 84 OmyAC19ROGR    (0)    1 :  0.096 0.229 0.405 0.271 
 85 OmyAC19ROGR    (5)    1 :  0.320 0.050 0.260 0.370 
 86 OmyAC19ROGR    (0)    1 :  0.050 0.162 0.321 0.466 
 87 OmyAC19ROGR    (1)    1 :  0.504 0.062 0.303 0.130 
 88 OmyJC19ROGR    (0)    2 :  0.042 0.848 0.057 0.054 
 89 OmyJC19ROGR    (0)    2 :  0.139 0.114 0.436 0.311 
 90 OmyJC19ROGR    (0)    2 :  0.020 0.911 0.032 0.036 
 91 OmyJC19ROGR    (1)    2 :  0.379 0.023 0.275 0.323 
 92 OmyJC19ROGR    (0)    2 :  0.739 0.073 0.085 0.103 
 93 OmyJC19ROGR    (0)    2 :  0.809 0.022 0.085 0.084 
 94 OmyJC19ROGR    (0)    2 :  0.072 0.213 0.428 0.287 
 95 OmyJC19ROGR    (0)    2 :  0.061 0.179 0.556 0.204 
 96 OmyJC19ROGR    (0)    2 :  0.086 0.100 0.215 0.598 
 97 OmyJC19ROGR    (0)    2 :  0.717 0.170 0.068 0.046 
 98 OmyJC19ROGR    (0)    2 :  0.191 0.055 0.406 0.348 
 99 OmyJC19ROGR    (0)    2 :  0.570 0.088 0.130 0.212 
100 OmyJC19ROGR    (1)    2 :  0.130 0.074 0.413 0.383 
101 OmyJC19ROGR    (0)    2 :  0.228 0.535 0.130 0.107 
102 OmyJC19ROGR    (0)    2 :  0.089 0.123 0.329 0.459 
103 OmyJC19ROGR    (0)    2 :  0.293 0.203 0.294 0.211 
104 OmyJC19ROGR    (0)    2 :  0.544 0.046 0.250 0.160 
105 OmyJC19ROGR    (0)    2 :  0.599 0.193 0.106 0.102 
106 OmyJC19ROGR    (0)    2 :  0.037 0.916 0.025 0.022 
107 OmyJC19ROGR    (1)    2 :  0.205 0.142 0.185 0.467 
108 OmyJC19ROGR    (0)    2 :  0.360 0.090 0.243 0.307 
109 OmyJC19ROGR    (0)    2 :  0.043 0.224 0.261 0.473 
110 OmyJC19ROGR    (0)    2 :  0.555 0.296 0.087 0.062 
111 OmyJC19ROGR    (1)    2 :  0.612 0.119 0.116 0.153 
112 OmyJC19ROGR    (2)    2 :  0.087 0.172 0.407 0.334 
113 OmyJC19ROGR    (0)    2 :  0.091 0.656 0.108 0.145 
114 OmyJC19ROGR    (3)    2 :  0.163 0.063 0.469 0.306 
115 OmyJC19ROGR    (1)    2 :  0.530 0.079 0.314 0.077 
116 OmyJC19ROGR    (0)    2 :  0.125 0.129 0.499 0.247 
117 OmyJC19ROGR    (0)    2 :  0.098 0.233 0.329 0.340 
118 OmyJC19ROGR    (0)    2 :  0.238 0.037 0.500 0.225 
119 OmyJC19ROGR    (2)    2 :  0.077 0.077 0.338 0.508 
120 OmyJC19ROGR    (0)    2 :  0.829 0.023 0.086 0.063 
121 OmyJC19ROGR    (0)    2 :  0.082 0.057 0.439 0.422 
122 OmyJC19ROGR    (0)    2 :  0.242 0.094 0.384 0.280 
123 OmyJC19ROGR    (0)    2 :  0.229 0.036 0.313 0.423 
124 OmyJC19ROGR    (0)    2 :  0.100 0.172 0.550 0.179 
125 OmyJC19ROGR    (0)    2 :  0.492 0.140 0.261 0.108 
126 OmyJC19ROGR    (1)    2 :  0.061 0.729 0.118 0.092 
127 OmyJC19ROGR    (0)    2 :  0.083 0.049 0.120 0.749 
128 OmyJC19ROGR    (1)    2 :  0.668 0.071 0.132 0.129 
129 OmyJC19ROGR    (0)    2 :  0.258 0.371 0.206 0.165 
130 OmyJC19ROGR    (2)    2 :  0.044 0.076 0.710 0.170 
131 OmyJC19ROGR    (0)    2 :  0.320 0.121 0.377 0.181 
132 OmyJC19ROGR    (1)    2 :  0.538 0.067 0.195 0.201 
133 OmyJC19ROGR    (0)    2 :  0.170 0.042 0.554 0.234 
134 OmyJC19ROGR    (0)    2 :  0.188 0.104 0.324 0.384 
135 OmyJC19ROGR    (1)    2 :  0.874 0.033 0.046 0.046 
136 OmyJC19ROGR    (3)    2 :  0.193 0.063 0.466 0.278 
137 OmyJC19ROGR    (0)    2 :  0.067 0.246 0.231 0.456 
138 OmyJC19ROGR    (0)    2 :  0.047 0.728 0.136 0.089 
139 OmyJC19ROGR    (2)    2 :  0.107 0.036 0.534 0.323 
140 OmyJC19ROGR    (2)    2 :  0.120 0.148 0.232 0.501 
141 OmyJC19ROGR    (0)    2 :  0.202 0.368 0.198 0.231 
142 OmyJC19ROGR    (0)    2 :  0.264 0.342 0.178 0.217 
143 OmyJC19ROGR    (0)    2 :  0.743 0.069 0.133 0.055 
144 OmyJC19ROGR    (0)    2 :  0.090 0.024 0.427 0.459 
145 OmyJC19ROGR    (0)    2 :  0.061 0.046 0.562 0.332 
146 OmyJC19ROGR    (1)    2 :  0.722 0.088 0.105 0.084 
147 OmyJC19ROGR    (0)    2 :  0.193 0.088 0.268 0.451 
148 OmyJC19ROGR    (0)    2 :  0.198 0.031 0.253 0.518 
149 OmyJC19ROGR    (1)    2 :  0.578 0.103 0.152 0.167 
150 OmyJC19ROGR    (1)    2 :  0.579 0.080 0.138 0.204 
151 OmyJC19ROGR    (0)    2 :  0.226 0.173 0.299 0.302 
152 OmyJC19ROGR    (0)    2 :  0.160 0.066 0.340 0.435 
153 OmyJC19ROGR    (0)    2 :  0.857 0.050 0.037 0.056 
154 OmyJC19ROGR    (1)    2 :  0.081 0.087 0.476 0.356 
155 OmyJC19ROGR    (0)    2 :  0.386 0.122 0.293 0.199 
156 OmyJC19ROGR    (1)    2 :  0.257 0.152 0.231 0.360 
157 OmyJC19ROGR    (0)    2 :  0.328 0.112 0.322 0.239 
158 OmyJC19ROGR    (0)    2 :  0.271 0.027 0.366 0.336 
159 OmyJC19ROGR    (0)    2 :  0.055 0.058 0.402 0.485 
160 OmyJC19ROGR    (0)    2 :  0.359 0.089 0.163 0.389 
161 OmyJC19ROGR    (0)    2 :  0.399 0.039 0.255 0.308 
162 OmyJC19ROGR    (0)    2 :  0.173 0.076 0.253 0.499 
163 OmyJC19ROGR    (0)    2 :  0.633 0.059 0.169 0.140 
164 OmyJC19ROGR    (0)    2 :  0.110 0.037 0.385 0.469 
165 OmyJC19ROGR    (0)    2 :  0.242 0.037 0.348 0.373 
166 OmyJC19ROGR    (0)    2 :  0.099 0.073 0.506 0.321 
167 OmyJC19ROGR    (1)    2 :  0.433 0.116 0.220 0.231 
168 OmyJC19ROGR    (0)    2 :  0.150 0.089 0.478 0.283 
169 OmyJC19ROGR    (0)    2 :  0.017 0.917 0.031 0.034 
170 OmyJC19ROGR    (0)    2 :  0.723 0.081 0.098 0.098 
171 OmyJC19ROGR    (0)    2 :  0.129 0.047 0.416 0.408 
172 OmyJC19ROGR    (0)    2 :  0.371 0.361 0.121 0.147 
173 OmyJC19ROGR    (0)    2 :  0.029 0.882 0.041 0.048 
174 OmyJC19ROGR    (0)    2 :  0.222 0.051 0.497 0.230 
175 OmyJC19ROGR    (0)    2 :  0.096 0.044 0.577 0.283 
176 OmyJC19ROGR    (0)    2 :  0.622 0.118 0.112 0.148 
177 OmyJC19ROGR    (0)    2 :  0.831 0.021 0.097 0.051 
178 OmyJC19ROGR    (0)    2 :  0.033 0.057 0.311 0.599 
179 OmyJC19ROGR    (0)    2 :  0.540 0.034 0.214 0.212 
180 OmyJC19ROGR    (0)    2 :  0.060 0.854 0.049 0.037 
181 OmyJC19ROGR    (0)    2 :  0.133 0.077 0.506 0.284 
182 OmyJC19ROGR    (0)    2 :  0.144 0.197 0.292 0.367 
183 OmyJC19ROGR    (0)    2 :  0.104 0.044 0.369 0.482 
184 OmyJC19ROGR    (0)    2 :  0.148 0.643 0.108 0.101 
185 OmyJC19ROGR    (1)    2 :  0.170 0.018 0.559 0.253 
186 OmyJC19ROGR    (0)    2 :  0.609 0.120 0.168 0.103 
187 OmyJC19ROGR    (0)    2 :  0.094 0.034 0.653 0.218 
188 OmyJC19ROGR    (0)    2 :  0.216 0.053 0.406 0.325 
189 OmyJC19ROGR    (0)    2 :  0.402 0.217 0.233 0.147 
190 OmyJC19ROGR    (0)    2 :  0.751 0.045 0.096 0.107 
191 OmyJC19ROGR    (0)    2 :  0.615 0.054 0.213 0.119 
192 OmyJC19ROGR    (0)    2 :  0.053 0.057 0.232 0.657 
193 OmyJC19ROGR    (1)    2 :  0.174 0.163 0.298 0.364 
194 OmyJC19ROGR    (0)    2 :  0.082 0.031 0.157 0.730 
195 OmyJC19ROGR    (0)    2 :  0.031 0.797 0.090 0.081 
196 OmyJC19ROGR    (0)    2 :  0.039 0.055 0.722 0.184 
197 OmyJC19ROGR    (0)    2 :  0.470 0.086 0.224 0.220 
198 OmyJC19ROGR    (0)    2 :  0.084 0.733 0.072 0.111 
199 OmyJC19ROGR    (0)    2 :  0.141 0.038 0.428 0.393 
200 OmyJC19ROGR    (0)    2 :  0.657 0.102 0.163 0.077 
201 OmyJC19ROGR    (0)    2 :  0.120 0.033 0.371 0.476 
202 OmyJC19ROGR    (0)    2 :  0.841 0.017 0.064 0.078 
203 OmyJC19ROGR    (0)    2 :  0.220 0.068 0.366 0.346 
204 OmyJC19ROGR    (0)    2 :  0.236 0.068 0.341 0.355 
205 OmyJC19ROGR    (0)    2 :  0.156 0.167 0.415 0.262 
206 OmyJC19ROGR    (0)    2 :  0.048 0.857 0.050 0.046 
207 OmyJC19ROGR    (0)    2 :  0.140 0.313 0.301 0.245 
208 OmyJC19ROGR    (0)    2 :  0.072 0.046 0.278 0.604 
209 OmyJC19ROGR    (0)    2 :  0.269 0.522 0.106 0.103 
210 OmyJC19ROGR    (0)    2 :  0.021 0.902 0.039 0.038 
211 OmyJC19ROGR    (0)    2 :  0.213 0.226 0.232 0.329 
212 OmyJC19ROGR    (1)    2 :  0.523 0.200 0.146 0.131 
213 OmyJC19ROGR    (1)    2 :  0.118 0.049 0.569 0.264 
214 OmyJC19ROGR    (0)    2 :  0.072 0.059 0.447 0.422 
215 OmyJC19ROGR    (0)    2 :  0.114 0.047 0.219 0.620 
216 OmyJC19ROGR    (0)    2 :  0.045 0.791 0.086 0.078 
217 OmyJC19ROGR    (0)    2 :  0.115 0.445 0.189 0.250 
218 OmyJC19ROGR    (0)    2 :  0.565 0.048 0.201 0.185 
219 OmyJC19ROGR    (0)    2 :  0.057 0.131 0.275 0.537 
220 OmyJC19ROGR    (0)    2 :  0.226 0.021 0.317 0.436 
221 OmyJC19ROGR    (0)    2 :  0.105 0.273 0.452 0.169 
222 OmyJC19ROGR    (0)    2 :  0.478 0.053 0.239 0.230 
223 OmyJC19ROGR    (0)    2 :  0.162 0.081 0.353 0.404 
224 OmyJC19ROGR    (0)    2 :  0.077 0.043 0.293 0.588 
225 OmyJC19ROGR    (0)    2 :  0.026 0.920 0.026 0.029 
226 OmyJC19ROGR    (0)    2 :  0.062 0.263 0.449 0.225 
227 OmyJC19ROGR    (1)    2 :  0.052 0.882 0.029 0.037 
228 OmyJC19ROGR    (0)    2 :  0.058 0.046 0.416 0.480 
229 OmyJC19ROGR    (1)    2 :  0.262 0.044 0.460 0.235 
230 OmyJC19ROGR    (0)    2 :  0.233 0.250 0.317 0.199 
231 OmyJC19ROGR    (0)    2 :  0.078 0.123 0.426 0.372 
232 OmyJC19ROGR    (1)    2 :  0.204 0.068 0.439 0.288 
233 OmyJC19ROGR    (0)    2 :  0.154 0.220 0.240 0.387 
234 OmyJC19ROGR    (0)    2 :  0.040 0.886 0.044 0.031 
235 OmyJC19ROGR    (0)    2 :  0.136 0.668 0.073 0.123 
236 OmyJC19ROGR    (1)    2 :  0.229 0.043 0.198 0.529 
237 OmyJC19ROGR    (0)    2 :  0.202 0.089 0.336 0.373 
238 OmyJC19ROGR    (0)    2 :  0.067 0.119 0.309 0.506 
239 OmyJC19ROGR    (0)    2 :  0.134 0.120 0.309 0.436 
240 OmyJC19ROGR    (0)    2 :  0.195 0.078 0.459 0.268 
241 OmyJC19ROGR    (0)    2 :  0.493 0.127 0.213 0.167 
242 OmyJC19ROGR    (0)    2 :  0.236 0.031 0.168 0.565 
243 OmyJC19ROGR    (0)    2 :  0.433 0.073 0.230 0.264 
244 OmyJC19ROGR    (0)    2 :  0.517 0.101 0.222 0.161 
245 OmyJC19ROGR    (0)    2 :  0.027 0.912 0.031 0.030 
246 OmyJC19ROGR    (0)    2 :  0.557 0.223 0.115 0.105 
247 OmyJC19ROGR    (0)    2 :  0.160 0.596 0.132 0.112 
248 OmyJC19ROGR    (0)    2 :  0.133 0.580 0.173 0.114 
249 OmyJC19ROGR    (0)    2 :  0.071 0.095 0.479 0.355 
250 OmyJC19ROGR    (0)    2 :  0.169 0.134 0.290 0.407 
251 OmyJC19ROGR    (0)    2 :  0.127 0.063 0.559 0.251 
252 OmyJC19ROGR    (0)    2 :  0.820 0.039 0.086 0.054 
253 OmyJC19ROGR    (0)    2 :  0.123 0.137 0.312 0.428 
254 OmyJC19ROGR    (0)    2 :  0.566 0.092 0.177 0.165 
255 OmyJC19ROGR    (0)    2 :  0.575 0.050 0.245 0.130 
256 OmyJC19ROGR    (0)    2 :  0.371 0.351 0.153 0.125 
257 OmyJC19ROGR    (0)    2 :  0.111 0.115 0.557 0.218 
258 OmyAC19ROGR    (0)    1 :  0.227 0.223 0.254 0.296 
259 OmyAC19ROGR    (1)    1 :  0.119 0.464 0.174 0.243 
260 OmyAC19ROGR    (0)    1 :  0.101 0.038 0.247 0.614 
261 OmyAC19ROGR    (0)    1 :  0.084 0.083 0.527 0.307 
262 OmyAC19ROGR    (0)    1 :  0.176 0.147 0.446 0.230 
263 OmyAC19ROGR    (0)    1 :  0.546 0.078 0.173 0.204 
264 OmyAC19ROGR    (0)    1 :  0.161 0.091 0.427 0.322 
265 OmyAC19ROGR    (0)    1 :  0.314 0.076 0.354 0.256 
266 OmyAC19ROGR    (0)    1 :  0.083 0.032 0.623 0.263 
267 OmyAC19ROGR    (0)    1 :  0.143 0.177 0.433 0.248 
268 OmyAC19ROGR    (1)    1 :  0.506 0.226 0.136 0.132 
269 OmyAC19ROGR    (1)    1 :  0.081 0.207 0.319 0.393 
270 OmyAC19ROGR    (0)    1 :  0.501 0.051 0.317 0.130 
271 OmyAC19ROGR    (0)    1 :  0.107 0.345 0.222 0.326 
272 OmyAC19ROGR    (0)    1 :  0.061 0.220 0.431 0.288 
273 OmyAC19ROGR    (0)    1 :  0.272 0.066 0.277 0.384 
274 OmyAC19ROGR    (0)    1 :  0.055 0.792 0.094 0.059 
275 OmyAC19ROGR    (0)    1 :  0.381 0.153 0.163 0.303 
276 OmyAC19ROGR    (0)    1 :  0.164 0.103 0.275 0.457 
277 OmyAC19ROGR    (0)    1 :  0.063 0.111 0.440 0.386 
278 OmyAC19ROGR    (0)    1 :  0.076 0.375 0.236 0.314 
279 OmyAC19ROGR    (0)    1 :  0.078 0.251 0.155 0.516 
280 OmyAC19ROGR    (0)    1 :  0.334 0.160 0.367 0.139 
281 OmyAC19ROGR    (0)    1 :  0.140 0.065 0.344 0.451 
282 OmyAC19ROGR    (0)    1 :  0.187 0.210 0.416 0.187 
283 OmyAC19ROGR    (0)    1 :  0.093 0.064 0.385 0.458 
284 OmyAC19ROGR    (0)    1 :  0.246 0.040 0.354 0.360 
285 OmyAC19ROGR    (0)    1 :  0.390 0.073 0.283 0.254 
286 OmyAC19ROGR    (0)    1 :  0.308 0.038 0.239 0.414 
287 OmyAC19ROGR    (0)    1 :  0.014 0.952 0.019 0.016 
288 OmyAC19ROGR    (0)    1 :  0.052 0.783 0.073 0.093 
289 OmyAC19ROGR    (0)    1 :  0.116 0.196 0.185 0.503 
290 OmyAC19ROGR    (1)    1 :  0.026 0.929 0.022 0.022 
291 OmyAC19ROGR    (0)    1 :  0.204 0.467 0.178 0.151 
292 OmyAC19ROGR    (1)    1 :  0.096 0.248 0.343 0.312 
293 OmyAC19ROGR    (0)    1 :  0.693 0.040 0.122 0.145 
294 OmyAC19ROGR    (0)    1 :  0.086 0.394 0.195 0.325 
295 OmyAC19ROGR    (0)    1 :  0.237 0.043 0.370 0.350 
296 OmyAC19ROGR    (0)    1 :  0.173 0.055 0.323 0.450 
297 OmyAC19ROGR    (0)    1 :  0.039 0.776 0.097 0.088 
298 OmyAC19ROGR    (0)    1 :  0.082 0.043 0.250 0.625 
299 OmyAC19ROGR    (0)    1 :  0.328 0.303 0.161 0.208 
300 OmyAC19ROGR    (0)    1 :  0.131 0.046 0.326 0.498 
301 OmyAC19ROGR    (0)    1 :  0.025 0.890 0.045 0.040 
302 OmyAC19ROGR    (0)    1 :  0.074 0.520 0.175 0.230 
303 OmyAC19ROGR    (0)    1 :  0.088 0.140 0.332 0.441 
304 OmyAC19ROGR    (0)    1 :  0.137 0.174 0.156 0.533 
305 OmyAC19ROGR    (0)    1 :  0.104 0.046 0.207 0.642 
306 OmyAC19ROGR    (0)    1 :  0.036 0.714 0.158 0.092 
307 OmyAC19ROGR    (1)    1 :  0.333 0.033 0.367 0.267 
308 OmyAC19ROGR    (0)    1 :  0.089 0.137 0.463 0.311 
309 OmyAC19ROGR    (1)    1 :  0.034 0.881 0.044 0.041 
310 OmyAC19ROGR    (0)    1 :  0.107 0.409 0.302 0.181 
311 OmyAC19ROGR    (0)    1 :  0.077 0.494 0.184 0.245 
312 OmyAC19ROGR    (0)    1 :  0.545 0.064 0.198 0.193 
313 OmyAC19ROGR    (0)    1 :  0.141 0.028 0.479 0.352 
314 OmyAC19ROGR    (0)    1 :  0.675 0.061 0.123 0.141 
315 OmyAC19ROGR    (0)    1 :  0.133 0.093 0.441 0.334 
316 OmyAC19ROGR    (0)    1 :  0.133 0.053 0.570 0.245 
317 OmyAC19ROGR    (0)    1 :  0.589 0.065 0.144 0.202 
318 OmyAC19ROGR    (0)    1 :  0.525 0.038 0.264 0.172 
319 OmyAC19ROGR    (1)    1 :  0.187 0.032 0.266 0.516 
320 OmyAC19ROGR    (0)    1 :  0.082 0.019 0.345 0.554 
321 OmyAC19ROGR    (0)    1 :  0.095 0.046 0.350 0.509 
322 OmyAC19ROGR    (0)    1 :  0.119 0.526 0.199 0.156 
323 OmyAC19ROGR    (0)    1 :  0.049 0.042 0.336 0.573 
324 OmyAC19ROGR    (0)    1 :  0.180 0.042 0.578 0.200 
325 OmyAC19ROGR    (0)    1 :  0.081 0.391 0.364 0.164 
326 OmyAC19ROGR    (0)    1 :  0.072 0.069 0.508 0.351 
327 OmyAC19ROGR    (0)    1 :  0.265 0.058 0.333 0.344 
328 OmyAC20ROGR    (1)    1 :  0.223 0.045 0.240 0.493 
329 OmyAC20ROGR    (0)    1 :  0.418 0.116 0.168 0.297 
330 OmyAC20ROGR    (0)    1 :  0.270 0.102 0.331 0.298 
331 OmyAC20ROGR    (0)    1 :  0.227 0.382 0.203 0.188 
332 OmyAC20ROGR    (0)    1 :  0.318 0.283 0.223 0.176 
333 OmyAC20ROGR    (0)    1 :  0.345 0.361 0.185 0.109 
334 OmyAC20ROGR    (0)    1 :  0.665 0.039 0.134 0.162 
335 OmyAC20ROGR    (0)    1 :  0.295 0.066 0.341 0.298 
336 OmyAC20ROGR    (0)    1 :  0.180 0.199 0.338 0.283 
337 OmyAC20ROGR    (0)    1 :  0.098 0.497 0.166 0.239 
338 OmyAC20ROGR    (0)    1 :  0.332 0.198 0.331 0.140 
339 OmyAC20ROGR    (0)    1 :  0.145 0.149 0.363 0.343 
340 OmyAC20ROGR    (0)    1 :  0.768 0.076 0.081 0.075 
341 OmyAC20ROGR    (0)    1 :  0.685 0.112 0.121 0.082 
342 OmyAC20ROGR    (0)    1 :  0.307 0.237 0.224 0.232 
343 OmyAC20ROGR    (0)    1 :  0.381 0.087 0.382 0.150 
344 OmyAC20ROGR    (0)    1 :  0.406 0.211 0.265 0.118 
345 OmyAC20ROGR    (1)    1 :  0.054 0.184 0.578 0.183 
346 OmyAC20ROGR    (0)    1 :  0.175 0.269 0.348 0.208 
347 OmyAC20ROGR    (0)    1 :  0.141 0.300 0.320 0.239 
348 OmyAC20ROGR    (0)    1 :  0.567 0.240 0.113 0.079 
349 OmyAC20ROGR    (0)    1 :  0.447 0.091 0.341 0.121 
350 OmyAC20ROGR    (0)    1 :  0.092 0.111 0.198 0.599 
351 OmyAC20ROGR    (0)    1 :  0.313 0.149 0.375 0.163 
352 OmyAC20ROGR    (0)    1 :  0.120 0.068 0.323 0.489 
353 OmyAC20ROGR    (0)    1 :  0.160 0.044 0.544 0.252 
354 OmyAC20ROGR    (0)    1 :  0.425 0.333 0.129 0.114 
355 OmyAC20ROGR    (0)    1 :  0.460 0.101 0.208 0.230 
356 OmyAC20ROGR    (0)    1 :  0.198 0.062 0.297 0.444 
357 OmyAC20ROGR    (0)    1 :  0.086 0.128 0.328 0.459 
358 OmyAC20ROGR    (0)    1 :  0.147 0.064 0.311 0.478 
359 OmyAC20ROGR    (0)    1 :  0.039 0.250 0.125 0.587 
360 OmyAC20ROGR    (0)    1 :  0.184 0.281 0.298 0.237 
361 OmyAC20ROGR    (0)    1 :  0.069 0.053 0.349 0.529 
362 OmyAC20ROGR    (0)    1 :  0.068 0.067 0.387 0.478 
363 OmyAC20ROGR    (0)    1 :  0.373 0.182 0.290 0.154 
364 OmyAC20ROGR    (1)    1 :  0.549 0.048 0.124 0.280 
365 OmyAC20ROGR    (0)    1 :  0.127 0.030 0.567 0.276 
366 OmyAC20ROGR    (0)    1 :  0.338 0.044 0.458 0.159 
367 OmyAC20ROGR    (0)    1 :  0.130 0.154 0.532 0.184 
368 OmyAC20ROGR    (1)    1 :  0.063 0.134 0.275 0.528 
369 OmyAC20ROGR    (0)    1 :  0.265 0.375 0.180 0.180 
370 OmyAC20ROGR    (0)    1 :  0.094 0.734 0.091 0.082 
371 OmyAC20ROGR    (0)    1 :  0.047 0.819 0.066 0.068 
372 OmyAC20ROGR    (2)    1 :  0.027 0.907 0.031 0.035 
373 OmyAC20ROGR    (0)    1 :  0.058 0.481 0.285 0.176 
374 OmyAC20ROGR    (0)    1 :  0.280 0.039 0.356 0.325 
375 OmyAC20ROGR    (0)    1 :  0.121 0.119 0.414 0.346 
376 OmyAC20ROGR    (0)    1 :  0.110 0.555 0.161 0.174 
377 OmyAC20ROGR    (0)    1 :  0.459 0.038 0.297 0.206 
378 OmyAC20ROGR    (0)    1 :  0.270 0.039 0.364 0.327 
379 OmyAC20ROGR    (0)    1 :  0.172 0.466 0.205 0.157 
380 OmyAC20ROGR    (1)    1 :  0.101 0.036 0.603 0.260 
381 OmyAC20ROGR    (0)    1 :  0.069 0.148 0.427 0.356 
382 OmyAC20ROGR    (0)    1 :  0.026 0.876 0.053 0.046 
383 OmyAC20ROGR    (0)    1 :  0.040 0.209 0.500 0.251 
384 OmyAC20ROGR    (0)    1 :  0.228 0.388 0.191 0.193 
385 OmyAC20ROGR    (0)    1 :  0.041 0.306 0.214 0.439 
386 OmyAC20ROGR    (0)    1 :  0.129 0.194 0.497 0.181 
387 OmyAC20ROGR    (0)    1 :  0.060 0.379 0.240 0.321 
388 OmyAC20ROGR    (0)    1 :  0.348 0.321 0.179 0.152 
389 OmyAC20ROGR    (0)    1 :  0.069 0.050 0.317 0.564 
390 OmyAC20ROGR    (0)    1 :  0.151 0.038 0.377 0.434 
391 OmyAC20ROGR    (0)    1 :  0.255 0.447 0.149 0.149 
392 OmyAC20ROGR    (0)    1 :  0.217 0.349 0.245 0.189 
393 OmyAC20ROGR    (0)    1 :  0.320 0.099 0.367 0.214 
394 OmyAC20ROGR    (1)    1 :  0.078 0.128 0.245 0.549 
395 OmyAC20ROGR    (0)    1 :  0.255 0.090 0.422 0.233 
396 OmyAC20ROGR    (0)    1 :  0.107 0.057 0.280 0.556 
397 OmyAC20ROGR    (0)    1 :  0.086 0.332 0.286 0.297 
398 OmyAC20ROGR    (0)    1 :  0.134 0.715 0.077 0.074 
399 OmyAC20ROGR    (0)    1 :  0.158 0.256 0.387 0.198 
400 OmyAC20ROGR    (0)    1 :  0.151 0.158 0.420 0.272 
401 OmyAC20ROGR    (1)    1 :  0.065 0.867 0.037 0.031 
402 OmyAC20ROGR    (0)    1 :  0.606 0.033 0.192 0.169 
403 OmyAC20ROGR    (0)    1 :  0.361 0.201 0.195 0.244 
404 OmyAC20ROGR    (0)    1 :  0.380 0.038 0.306 0.275 
405 OmyAC20ROGR    (0)    1 :  0.055 0.363 0.351 0.232 
406 OmyAC20ROGR    (0)    1 :  0.358 0.104 0.250 0.288 
407 OmyAC20ROGR    (0)    1 :  0.048 0.080 0.562 0.310 
408 OmyAC20ROGR    (0)    1 :  0.333 0.116 0.313 0.238 
409 OmyAC20ROGR    (0)    1 :  0.053 0.081 0.384 0.482 
410 OmyAC20ROGR    (0)    1 :  0.024 0.893 0.042 0.041 
411 OmyAC20ROGR    (0)    1 :  0.081 0.615 0.123 0.180 
412 OmyAC20ROGR    (0)    1 :  0.393 0.155 0.216 0.236 
413 OmyAC20ROGR    (0)    1 :  0.045 0.064 0.373 0.518 
414 OmyAC20ROGR    (0)    1 :  0.333 0.384 0.146 0.137 
415 OmyAC20ROGR    (0)    1 :  0.246 0.044 0.429 0.282 
416 OmyAC20ROGR    (0)    1 :  0.245 0.112 0.363 0.280 
417 OmyAC20ROGR    (0)    1 :  0.185 0.040 0.278 0.497 
418 OmyAC20ROGR    (0)    1 :  0.108 0.210 0.382 0.299 
419 OmyAC20ROGR    (0)    1 :  0.054 0.422 0.175 0.349 
420 OmyAC20ROGR    (0)    1 :  0.319 0.047 0.279 0.355 
421 OmyAC20ROGR    (0)    1 :  0.335 0.143 0.232 0.290 
422 OmyAC20ROGR    (0)    1 :  0.041 0.895 0.032 0.032 
423 OmyAC20ROGR    (0)    1 :  0.037 0.047 0.533 0.384 
424 OmyAC20ROGR    (0)    1 :  0.080 0.040 0.370 0.510 
425 OmyAC20ROGR    (0)    1 :  0.102 0.840 0.027 0.031 
426 OmyAC20ROGR    (0)    1 :  0.114 0.136 0.422 0.328 
427 OmyAC20ROGR    (0)    1 :  0.119 0.249 0.342 0.290 
428 OmyAC20ROGR    (0)    1 :  0.026 0.921 0.030 0.023 
429 OmyAC20ROGR    (0)    1 :  0.103 0.035 0.221 0.640 
430 OmyAC20ROGR    (0)    1 :  0.042 0.131 0.391 0.437 
431 OmyAC20ROGR    (0)    1 :  0.125 0.530 0.238 0.107 
432 OmyAC20ROGR    (0)    1 :  0.049 0.857 0.051 0.043 
433 OmyAC20ROGR    (0)    1 :  0.041 0.876 0.033 0.051 
434 OmyAC20ROGR    (0)    1 :  0.047 0.247 0.299 0.407 
435 OmyAC20ROGR    (0)    1 :  0.186 0.029 0.646 0.139 
436 OmyAC20ROGR    (0)    1 :  0.041 0.055 0.538 0.366 
437 OmyAC20ROGR    (0)    1 :  0.061 0.659 0.098 0.182 
438 OmyAC20ROGR    (0)    1 :  0.098 0.416 0.187 0.298 
439 OmyAC20ROGR    (0)    1 :  0.095 0.087 0.471 0.347 
440 OmyAC20ROGR    (0)    1 :  0.067 0.774 0.087 0.071 
441 OmyAC20ROGR    (0)    1 :  0.142 0.035 0.361 0.463 
442 OmyAC20ROGR    (0)    1 :  0.086 0.081 0.435 0.399 
443 OmyAC20ROGR    (0)    1 :  0.638 0.032 0.157 0.172 
444 OmyAC20ROGR    (0)    1 :  0.051 0.128 0.491 0.331 
445 OmyAC20ROGR    (0)    1 :  0.057 0.131 0.356 0.457 
446 OmyJC18ROGR    (0)    2 :  0.565 0.071 0.203 0.161 
447 OmyJC18ROGR    (0)    2 :  0.112 0.071 0.482 0.336 
448 OmyJC18ROGR    (0)    2 :  0.050 0.081 0.593 0.276 
449 OmyJC18ROGR    (0)    2 :  0.105 0.685 0.099 0.111 
450 OmyJC18ROGR    (0)    2 :  0.101 0.705 0.098 0.095 
451 OmyJC18ROGR    (0)    2 :  0.033 0.875 0.043 0.048 
452 OmyJC18ROGR    (0)    2 :  0.276 0.314 0.278 0.132 
453 OmyJC18ROGR    (0)    2 :  0.602 0.050 0.153 0.195 
454 OmyJC18ROGR    (0)    2 :  0.038 0.858 0.053 0.051 
455 OmyJC18ROGR    (0)    2 :  0.075 0.042 0.212 0.671 
456 OmyJC18ROGR    (0)    2 :  0.024 0.863 0.061 0.052 
457 OmyJC18ROGR    (0)    2 :  0.074 0.079 0.467 0.381 
458 OmyJC18ROGR    (0)    2 :  0.498 0.177 0.163 0.162 
459 OmyJC18ROGR    (0)    2 :  0.446 0.031 0.240 0.283 
460 OmyJC18ROGR    (2)    2 :  0.107 0.474 0.200 0.219 
461 OmyJC18ROGR    (1)    2 :  0.272 0.347 0.207 0.174 
462 OmyJC18ROGR    (3)    2 :  0.162 0.474 0.165 0.199 
463 OmyJC18ROGR    (1)    2 :  0.088 0.715 0.107 0.090 
464 OmyJC18ROGR    (3)    2 :  0.052 0.040 0.622 0.285 
465 OmyJC18ROGR    (3)    2 :  0.083 0.081 0.282 0.554 
466 OmyJC18ROGR    (0)    2 :  0.119 0.233 0.417 0.231 
467 OmyJC18ROGR    (1)    2 :  0.104 0.057 0.392 0.446 
468 OmyJC18ROGR    (0)    2 :  0.061 0.071 0.241 0.627 
469 OmyJC18ROGR    (0)    2 :  0.056 0.764 0.085 0.094 
470 OmyJC18ROGR    (3)    2 :  0.113 0.568 0.117 0.202 
471 OmyJC18ROGR    (1)    2 :  0.217 0.347 0.276 0.160 
472 OmyJC18ROGR    (1)    2 :  0.100 0.128 0.470 0.303 
473 OmyJC18ROGR    (2)    2 :  0.116 0.044 0.561 0.279 
474 OmyJC18ROGR    (0)    2 :  0.625 0.051 0.185 0.139 
475 OmyJC18ROGR    (1)    2 :  0.201 0.704 0.045 0.050 
476 OmyJC18ROGR    (2)    2 :  0.451 0.026 0.287 0.235 
477 OmyJC18ROGR    (3)    2 :  0.141 0.145 0.298 0.416 
478 OmyJC18ROGR    (0)    2 :  0.485 0.069 0.275 0.171 
479 OmyJC18ROGR    (0)    2 :  0.099 0.034 0.503 0.363 
480 OmyJC18ROGR    (0)    2 :  0.115 0.203 0.388 0.294 
481 OmyJC18ROGR    (2)    2 :  0.279 0.324 0.226 0.171 
482 OmyJC18ROGR    (3)    2 :  0.095 0.033 0.254 0.618 
483 OmyJC18ROGR    (3)    2 :  0.047 0.071 0.386 0.497 
484 OmyJC18ROGR    (3)    2 :  0.278 0.074 0.351 0.297 
485 OmyJC18ROGR    (2)    2 :  0.074 0.677 0.125 0.123 
486 OmyJC18ROGR    (2)    2 :  0.081 0.489 0.156 0.273 
487 OmyJC18ROGR    (1)    2 :  0.409 0.142 0.293 0.156 
488 OmyJC18ROGR    (3)    2 :  0.167 0.087 0.462 0.284 
489 OmyJC18ROGR    (0)    2 :  0.224 0.049 0.421 0.306 
490 OmyJC18ROGR    (2)    2 :  0.192 0.121 0.348 0.340 
491 OmyJC18ROGR    (4)    2 :  0.622 0.164 0.107 0.107 
492 OmyJC18ROGR    (4)    2 :  0.784 0.030 0.073 0.114 
493 OmyJC18ROGR    (3)    2 :  0.071 0.162 0.372 0.394 
494 OmyJC18ROGR    (3)    2 :  0.031 0.886 0.039 0.045 
495 OmyJC18ROGR    (3)    2 :  0.567 0.189 0.120 0.123 
496 OmyJC18ROGR    (0)    2 :  0.326 0.111 0.248 0.314 
497 OmyJC18ROGR    (5)    2 :  0.274 0.146 0.271 0.309 
498 OmyJC18ROGR    (3)    2 :  0.235 0.265 0.360 0.140 
499 OmyJC18ROGR    (1)    2 :  0.252 0.070 0.280 0.398 
500 OmyJC18ROGR    (1)    2 :  0.166 0.041 0.340 0.453 
501 OmyJC18ROGR    (3)    2 :  0.130 0.514 0.204 0.152 
502 OmyJC18ROGR    (1)    2 :  0.051 0.256 0.178 0.515 
503 OmyJC18ROGR    (4)    2 :  0.044 0.068 0.513 0.376 
504 OmyJC18ROGR    (1)    2 :  0.045 0.372 0.150 0.433 
505 OmyJC18ROGR    (0)    2 :  0.354 0.305 0.146 0.195 
506 OmyJC18ROGR    (6)    2 :  0.403 0.091 0.231 0.275 
507 OmyJC18ROGR    (0)    2 :  0.114 0.204 0.323 0.359 
508 OmyJC18ROGR    (0)    2 :  0.104 0.108 0.195 0.592 
509 OmyJC18ROGR    (2)    2 :  0.048 0.879 0.037 0.036 
510 OmyJC18ROGR    (1)    2 :  0.186 0.045 0.424 0.344 
511 OmyJC18ROGR    (3)    2 :  0.705 0.155 0.069 0.071 
512 OmyJC18ROGR    (2)    2 :  0.032 0.769 0.114 0.084 
513 OmyJC18ROGR    (7)    2 :  0.523 0.232 0.118 0.127 
514 OmyJC18ROGR    (3)    2 :  0.212 0.595 0.085 0.108 
515 OmyJC18ROGR    (0)    2 :  0.189 0.105 0.396 0.310 
516 OmyJC18ROGR    (2)    2 :  0.199 0.249 0.323 0.229 
517 OmyJC18ROGR    (2)    2 :  0.355 0.318 0.212 0.115 
518 OmyJC18ROGR    (0)    2 :  0.105 0.061 0.374 0.459 
519 OmyJC18ROGR    (7)    2 :  0.755 0.087 0.091 0.067 
520 OmyJC18ROGR    (4)    2 :  0.482 0.239 0.190 0.088 
521 OmyJC18ROGR    (1)    2 :  0.380 0.230 0.211 0.180 
522 OmyJC18ROGR    (1)    2 :  0.060 0.160 0.369 0.411 
523 OmyJC18ROGR    (3)    2 :  0.140 0.056 0.275 0.528 
524 OmyJC18ROGR    (1)    2 :  0.060 0.054 0.291 0.595 
525 OmyJC18ROGR    (2)    2 :  0.375 0.202 0.134 0.288 
526 OmyJC18ROGR    (1)    2 :  0.383 0.109 0.192 0.316 
527 OmyJC18ROGR    (0)    2 :  0.406 0.050 0.333 0.211 
528 OmyJC18ROGR    (0)    2 :  0.117 0.053 0.429 0.401 
529 OmyJC18ROGR    (1)    2 :  0.152 0.046 0.560 0.242 
530 OmyJC18ROGR    (0)    2 :  0.046 0.045 0.195 0.714 
531 OmyJC18ROGR    (0)    2 :  0.047 0.064 0.567 0.321 
532 OmyJC18ROGR    (1)    2 :  0.082 0.035 0.315 0.567 
533 OmyJC18ROGR    (2)    2 :  0.285 0.028 0.527 0.159 
534 OmyJC18ROGR    (2)    2 :  0.106 0.090 0.423 0.381 
535 OmyJC18ROGR    (0)    2 :  0.420 0.072 0.308 0.200 
536 OmyJC18ROGR    (0)    2 :  0.767 0.044 0.126 0.063 
537 OmyJC18ROGR    (0)    2 :  0.435 0.049 0.248 0.268 
538 OmyJC18ROGR    (0)    2 :  0.051 0.057 0.595 0.297 
539 OmyJC18ROGR    (1)    2 :  0.121 0.083 0.316 0.480 
540 OmyJC18ROGR    (6)    2 :  0.181 0.073 0.503 0.243 
541 OmyJC18ROGR    (1)    2 :  0.184 0.077 0.538 0.200 
542 OmyJC18ROGR    (1)    2 :  0.184 0.220 0.426 0.169 
543 OmyJC18ROGR    (0)    2 :  0.105 0.281 0.356 0.258 
544 OmyJC18ROGR    (2)    2 :  0.286 0.056 0.483 0.175 
545 OmyJC18ROGR    (1)    2 :  0.029 0.623 0.092 0.255 
546 OmyJC18ROGR    (6)    2 :  0.085 0.027 0.549 0.339 
547 OmyJC18ROGR    (0)    2 :  0.042 0.163 0.326 0.470 
548 OmyJC18ROGR    (1)    2 :  0.227 0.224 0.344 0.205 
549 OmyJC18ROGR    (0)    2 :  0.081 0.066 0.531 0.321 
550 OmyJC18ROGR    (1)    2 :  0.064 0.800 0.069 0.067 
551 OmyJC18ROGR    (1)    2 :  0.683 0.078 0.123 0.115 
552 OmyJC18ROGR    (2)    2 :  0.113 0.136 0.403 0.349 
553 OmyJC18ROGR    (7)    2 :  0.167 0.099 0.447 0.287 
554 OmyJC18ROGR    (2)    2 :  0.150 0.053 0.539 0.258 
555 OmyJC18ROGR    (3)    2 :  0.295 0.054 0.392 0.259 
556 OmyJC18ROGR    (0)    2 :  0.759 0.087 0.103 0.051 
557 OmyJC18ROGR    (1)    2 :  0.124 0.592 0.164 0.120 
558 OmyJC18ROGR    (0)    2 :  0.694 0.170 0.079 0.057 
559 OmyJC18ROGR    (0)    2 :  0.065 0.033 0.305 0.597 
560 OmyJC18ROGR    (5)    2 :  0.269 0.145 0.259 0.327 
561 OmyJC18ROGR    (0)    2 :  0.055 0.036 0.213 0.695 
562 OmyJC18ROGR    (6)    2 :  0.430 0.067 0.338 0.165 
563 OmyJC18ROGR    (2)    2 :  0.241 0.097 0.414 0.247 
564 OmyJC18ROGR    (3)    2 :  0.460 0.294 0.148 0.097 
565 OmyJC18ROGR    (3)    2 :  0.198 0.133 0.307 0.363 
566 OmyJC18ROGR    (1)    2 :  0.096 0.092 0.304 0.508 
567 OmyJC18ROGR    (0)    2 :  0.092 0.042 0.250 0.616 
568 OmyJC18ROGR    (3)    2 :  0.385 0.160 0.347 0.108 
569 OmyJC18ROGR    (2)    2 :  0.149 0.068 0.376 0.407 
570 OmyJC18ROGR    (0)    2 :  0.062 0.104 0.353 0.481 
571 OmyJC18ROGR    (1)    2 :  0.041 0.034 0.577 0.348 
572 OmyJC18ROGR    (4)    2 :  0.523 0.071 0.150 0.255 
573 OmyJC18ROGR    (3)    2 :  0.210 0.477 0.125 0.188 
574 OmyJC18ROGR    (5)    2 :  0.185 0.238 0.413 0.164 
575 OmyJC18ROGR    (3)    2 :  0.528 0.047 0.282 0.143 
576 OmyJC18ROGR    (0)    2 :  0.251 0.085 0.395 0.269 
577 OmyJC18ROGR    (0)    2 :  0.030 0.862 0.052 0.056 
578 OmyJC18ROGR    (1)    2 :  0.061 0.050 0.455 0.433 
579 OmyJC18ROGR    (0)    2 :  0.102 0.767 0.059 0.071 
580 OmyJC18ROGR    (0)    2 :  0.309 0.027 0.280 0.384 
581 OmyJC18ROGR    (3)    2 :  0.113 0.088 0.327 0.472 
582 OmyJC18ROGR    (6)    2 :  0.271 0.044 0.385 0.300 
583 OmyJC18ROGR    (3)    2 :  0.473 0.047 0.274 0.206 
584 OmyJC18ROGR    (3)    2 :  0.314 0.100 0.250 0.336 
585 OmyJC18ROGR    (1)    2 :  0.109 0.105 0.460 0.326 
586 OmyJC18ROGR    (1)    2 :  0.103 0.031 0.545 0.321 
587 OmyJC18ROGR    (0)    2 :  0.026 0.914 0.031 0.030 
588 OmyJC18ROGR    (0)    2 :  0.513 0.249 0.123 0.114 
589 OmyJC18ROGR    (1)    2 :  0.231 0.102 0.417 0.250 
590 OmyJC18ROGR    (2)    2 :  0.040 0.016 0.599 0.345 
591 OmyJC18ROGR    (0)    2 :  0.179 0.085 0.346 0.390 
592 OmyJC18ROGR    (3)    2 :  0.103 0.079 0.490 0.327 
593 OmyJC18ROGR    (0)    2 :  0.407 0.153 0.253 0.186 
594 OmyJC18ROGR    (1)    2 :  0.132 0.052 0.451 0.364 
595 OmyJC18ROGR    (0)    2 :  0.520 0.129 0.219 0.132 
596 OmyJC18ROGR    (1)    2 :  0.185 0.135 0.331 0.349 
597 OmyJC18ROGR    (0)    2 :  0.255 0.095 0.392 0.258 
598 OmyJC18ROGR    (1)    2 :  0.089 0.094 0.324 0.494 
599 OmyJC18ROGR    (0)    2 :  0.086 0.084 0.518 0.312 
600 OmyJC18ROGR    (0)    2 :  0.536 0.053 0.286 0.125 
601 OmyJC18ROGR    (0)    2 :  0.297 0.051 0.340 0.312 
602 OmyJC18ROGR    (0)    2 :  0.080 0.102 0.194 0.624 
603 OmyJC18ROGR    (0)    2 :  0.472 0.047 0.254 0.227 
604 OmyJC18ROGR    (0)    2 :  0.237 0.071 0.345 0.348 
605 OmyJC18ROGR    (0)    2 :  0.754 0.039 0.094 0.113 
606 OmyJC18ROGR    (0)    2 :  0.418 0.099 0.315 0.167 
607 OmyJC18ROGR    (0)    2 :  0.101 0.080 0.309 0.509 
608 OmyJC18ROGR    (0)    2 :  0.050 0.029 0.376 0.545 
609 OmyJC18ROGR    (0)    2 :  0.653 0.072 0.120 0.155 
610 OmyJC18ROGR    (4)    2 :  0.086 0.829 0.043 0.042 
611 OmyJC18ROGR    (0)    2 :  0.301 0.310 0.239 0.150 
612 OmyJC18ROGR    (2)    2 :  0.205 0.065 0.412 0.319 
613 OmyJC18ROGR    (0)    2 :  0.236 0.114 0.468 0.182 
614 OmyJC18ROGR    (0)    2 :  0.047 0.177 0.449 0.327 
615 OmyJC18ROGR    (0)    2 :  0.255 0.024 0.465 0.256 
616 OmyJC18ROGR    (0)    2 :  0.310 0.166 0.198 0.326 
617 OmyJC18ROGR    (0)    2 :  0.278 0.066 0.386 0.271 
618 OmyJC18ROGR    (0)    2 :  0.055 0.146 0.535 0.265 
619 OmyJC18ROGR    (0)    2 :  0.464 0.048 0.309 0.179 
620 OmyJC18ROGR    (0)    2 :  0.500 0.197 0.164 0.139 
621 OmyJC18ROGR    (1)    2 :  0.289 0.126 0.227 0.358 
622 OmyJC18ROGR    (2)    2 :  0.572 0.082 0.177 0.170 
623 OmyJC18ROGR    (1)    2 :  0.097 0.095 0.437 0.371 
624 OmyJC18ROGR    (2)    2 :  0.137 0.072 0.580 0.211 
625 OmyJC18ROGR    (0)    2 :  0.055 0.134 0.521 0.291 
626 OmyJC18ROGR    (6)    2 :  0.201 0.053 0.494 0.252 
627 OmyJC18ROGR    (0)    2 :  0.354 0.205 0.269 0.173 
628 OmyJC18ROGR    (0)    2 :  0.020 0.936 0.020 0.024 
629 OmyJC18ROGR    (1)    2 :  0.540 0.164 0.166 0.131 
630 OmyJC18ROGR    (1)    2 :  0.620 0.039 0.144 0.197 
631 OmyJC18ROGR    (3)    2 :  0.079 0.051 0.630 0.240 
632 OmyJC18ROGR    (0)    2 :  0.850 0.036 0.053 0.062 
633 OmyJC18ROGR    (4)    2 :  0.156 0.050 0.486 0.308 
634 OmyJC18ROGR    (2)    2 :  0.432 0.408 0.095 0.065 
635 OmyJC18ROGR    (0)    2 :  0.350 0.025 0.212 0.413 
636 OmyJC18ROGR    (0)    2 :  0.212 0.551 0.125 0.112 
637 OmyJC18ROGR    (0)    2 :  0.316 0.132 0.374 0.178 
638 OmyJC18ROGR    (0)    2 :  0.218 0.063 0.164 0.555 
639 OmyJC18ROGR    (1)    2 :  0.144 0.141 0.569 0.146 
640 OmyJC18ROGR    (1)    2 :  0.097 0.402 0.347 0.154 
641 OmyJC18ROGR    (0)    2 :  0.360 0.345 0.153 0.142 
642 OmyJC18ROGR    (3)    2 :  0.154 0.143 0.456 0.248 
643 OmyJC18ROGR    (1)    2 :  0.352 0.059 0.223 0.366 
644 OmyJC18ROGR    (7)    2 :  0.086 0.026 0.543 0.345 
645 OmyJC18ROGR    (4)    2 :  0.134 0.133 0.384 0.349 
646 OmyJC18ROGR    (0)    2 :  0.316 0.040 0.292 0.352 
647 OmyJC18ROGR    (1)    2 :  0.062 0.034 0.499 0.404 
648 OmyJC18ROGR    (1)    2 :  0.453 0.102 0.265 0.181 
649 OmyJC18ROGR    (0)    2 :  0.141 0.055 0.215 0.589 
650 OmyJC18ROGR    (1)    2 :  0.155 0.024 0.375 0.446 
651 OmyJC18ROGR    (5)    2 :  0.058 0.852 0.046 0.045 
652 OmyJC18ROGR    (1)    2 :  0.298 0.170 0.250 0.282 
653 OmyJC18ROGR    (3)    2 :  0.406 0.099 0.267 0.228 
654 OmyJC18ROGR    (1)    2 :  0.092 0.125 0.342 0.441 
655 OmyJC18ROGR    (2)    2 :  0.140 0.301 0.252 0.307 
656 OmyJC18ROGR    (0)    2 :  0.107 0.038 0.618 0.236 
657 OmyJC18ROGR    (0)    2 :  0.383 0.064 0.268 0.285 
658 OmyJC18ROGR    (0)    2 :  0.169 0.075 0.358 0.398 
659 OmyJC18ROGR    (5)    2 :  0.378 0.022 0.310 0.290 
660 OmyJC18ROGR    (3)    2 :  0.157 0.161 0.310 0.372 
661 OmyJC18ROGR    (2)    2 :  0.440 0.028 0.296 0.236 
662 OmyJC18ROGR    (1)    2 :  0.477 0.107 0.301 0.114 
663 OmyJC18ROGR    (2)    2 :  0.221 0.318 0.194 0.268 
664 OmyJC18ROGR    (0)    2 :  0.444 0.057 0.241 0.257 
665 OmyJC18ROGR    (0)    2 :  0.497 0.121 0.222 0.160 
666 OmyJC18ROGR    (0)    2 :  0.041 0.798 0.075 0.085 
667 OmyJC18ROGR    (0)    2 :  0.255 0.389 0.144 0.212 
668 OmyJC18ROGR    (2)    2 :  0.100 0.274 0.258 0.369 
669 OmyJC18ROGR    (4)    2 :  0.082 0.145 0.246 0.527 
670 OmyJC18ROGR    (6)    2 :  0.037 0.054 0.273 0.636 
671 OmyJC18ROGR    (3)    2 :  0.833 0.040 0.079 0.048 
672 OmyJC18ROGR    (0)    2 :  0.600 0.029 0.215 0.156 
673 OmyJC18ROGR    (4)    2 :  0.350 0.035 0.217 0.398 
674 OmyJC18ROGR    (0)    2 :  0.303 0.143 0.235 0.319 
675 OmyJC18ROGR    (0)    2 :  0.263 0.057 0.433 0.246 
