

----------------------------------------------------
STRUCTURE by Pritchard, Stephens and Donnelly (2000)
     and Falush, Stephens and Pritchard (2003)
       Code by Pritchard, Falush and Hubisz
             Version 2.3.4 (Jul 2012)
----------------------------------------------------



Command line arguments:   bin/structure -m "/Users/ddayan/FRA/premature_migration/Rogue_Half-Pounder/half-pounder/structure/halfpounder_2021/10k_20k_adm_corr/mainparams" -e "/Users/ddayan/FRA/premature_migration/Rogue_Half-Pounder/half-pounder/structure/halfpounder_2021/10k_20k_adm_corr/extraparams" 
Input File:    /Users/ddayan/FRA/premature_migration/Rogue_Half-Pounder/half-pounder/structure/halfpounder_2021/project_data

Run parameters:
   1000 individuals
   328 loci
   3 populations assumed
   10000 Burn-in period
   20000 Reps


--------------------------------------------
Proportion of membership of each pre-defined
 population in each of the 3 clusters

Given    Inferred Clusters       Number of
 Pop       1      2      3      Individuals

  1:     0.372  0.321  0.308      275
  2:     0.370  0.338  0.292      643
  3:     0.127  0.760  0.113       42
  4:     0.597  0.251  0.152       40
--------------------------------------------

Allele-freq. divergence among pops (Net nucleotide distance),
computed using point estimates of P.

      1       2       3      
 1      -    0.0032  0.0089  
 2   0.0032     -    0.0106  
 3   0.0089  0.0106     -    

Average distances (expected heterozygosity) between individuals in same cluster:
cluster  1  : 0.2952 
cluster  2  : 0.2899 
cluster  3  : 0.2634 

--------------------------------------------
Estimated Ln Prob of Data   = -285226.1
Mean value of ln likelihood = -284311.7
Variance of ln likelihood   = 1828.8
Mean value of alpha         = 0.5612

Mean value of Fst_1         = 0.0064
Mean value of Fst_2         = 0.0242
Mean value of Fst_3         = 0.0755


Inferred ancestry of individuals:
        Label (%Miss) Pop:  Inferred clusters
  1 OmyAC19ROGR    (0)    1 :  0.426 0.518 0.056 
  2 OmyAC19ROGR    (0)    1 :  0.180 0.607 0.213 
  3 OmyAC19ROGR    (0)    1 :  0.213 0.583 0.204 
  4 OmyAC19ROGR    (0)    1 :  0.498 0.425 0.077 
  5 OmyAC19ROGR    (1)    1 :  0.037 0.030 0.933 
  6 OmyAC19ROGR    (0)    1 :  0.411 0.214 0.375 
  7 OmyAC19ROGR    (0)    1 :  0.357 0.289 0.355 
  8 OmyAC19ROGR    (0)    1 :  0.448 0.495 0.057 
  9 OmyAC19ROGR    (0)    1 :  0.208 0.374 0.418 
 10 OmyAC19ROGR    (0)    1 :  0.154 0.296 0.551 
 11 OmyAC19ROGR    (0)    1 :  0.506 0.319 0.175 
 12 OmyAC19ROGR    (0)    1 :  0.610 0.149 0.240 
 13 OmyAC19ROGR    (0)    1 :  0.510 0.391 0.099 
 14 OmyAC19ROGR    (0)    1 :  0.353 0.080 0.566 
 15 OmyAC19ROGR    (0)    1 :  0.385 0.093 0.522 
 16 OmyAC19ROGR    (0)    1 :  0.425 0.342 0.233 
 17 OmyAC19ROGR    (0)    1 :  0.706 0.080 0.213 
 18 OmyAC19ROGR    (2)    1 :  0.261 0.659 0.080 
 19 OmyAC19ROGR    (1)    1 :  0.415 0.426 0.159 
 20 OmyAC19ROGR    (0)    1 :  0.490 0.139 0.371 
 21 OmyAC19ROGR    (1)    1 :  0.273 0.314 0.412 
 22 OmyAC19ROGR    (0)    1 :  0.184 0.628 0.189 
 23 OmyAC19ROGR    (0)    1 :  0.236 0.304 0.460 
 24 OmyAC19ROGR    (0)    1 :  0.120 0.829 0.051 
 25 OmyAC19ROGR    (0)    1 :  0.401 0.212 0.388 
 26 OmyAC19ROGR    (0)    1 :  0.224 0.517 0.259 
 27 OmyAC19ROGR    (1)    1 :  0.707 0.140 0.154 
 28 OmyAC19ROGR    (0)    1 :  0.081 0.833 0.085 
 29 OmyAC19ROGR    (0)    1 :  0.418 0.380 0.201 
 30 OmyAC19ROGR    (0)    1 :  0.106 0.140 0.755 
 31 OmyAC19ROGR    (0)    1 :  0.483 0.386 0.131 
 32 OmyAC19ROGR    (0)    1 :  0.250 0.454 0.297 
 33 OmyAC19ROGR    (1)    1 :  0.257 0.527 0.216 
 34 OmyAC19ROGR    (0)    1 :  0.232 0.169 0.598 
 35 OmyAC19ROGR    (0)    1 :  0.228 0.607 0.164 
 36 OmyAC19ROGR    (0)    1 :  0.380 0.270 0.350 
 37 OmyAC19ROGR    (0)    1 :  0.132 0.614 0.254 
 38 OmyAC19ROGR    (0)    1 :  0.110 0.369 0.521 
 39 OmyAC19ROGR    (0)    1 :  0.501 0.239 0.260 
 40 OmyAC19ROGR    (0)    1 :  0.403 0.131 0.466 
 41 OmyAC19ROGR    (1)    1 :  0.662 0.215 0.123 
 42 OmyAC19ROGR    (0)    1 :  0.107 0.055 0.838 
 43 OmyAC19ROGR    (0)    1 :  0.430 0.430 0.139 
 44 OmyAC19ROGR    (6)    1 :  0.476 0.392 0.132 
 45 OmyAC19ROGR    (1)    1 :  0.159 0.388 0.453 
 46 OmyAC19ROGR    (0)    1 :  0.186 0.622 0.191 
 47 OmyAC19ROGR    (0)    1 :  0.143 0.695 0.161 
 48 OmyAC19ROGR    (0)    1 :  0.512 0.349 0.140 
 49 OmyAC19ROGR    (0)    1 :  0.375 0.533 0.092 
 50 OmyAC19ROGR    (0)    1 :  0.824 0.102 0.074 
 51 OmyAC19ROGR    (2)    1 :  0.127 0.098 0.775 
 52 OmyAC19ROGR    (0)    1 :  0.075 0.078 0.848 
 53 OmyAC19ROGR    (1)    1 :  0.127 0.776 0.097 
 54 OmyAC19ROGR    (0)    1 :  0.201 0.614 0.185 
 55 OmyAC19ROGR    (3)    1 :  0.600 0.182 0.218 
 56 OmyAC19ROGR    (0)    1 :  0.135 0.666 0.199 
 57 OmyAC19ROGR    (0)    1 :  0.170 0.769 0.061 
 58 OmyAC19ROGR    (0)    1 :  0.137 0.120 0.743 
 59 OmyAC19ROGR    (0)    1 :  0.223 0.711 0.066 
 60 OmyAC19ROGR    (1)    1 :  0.450 0.247 0.303 
 61 OmyAC19ROGR    (0)    1 :  0.229 0.628 0.142 
 62 OmyAC19ROGR    (0)    1 :  0.551 0.332 0.117 
 63 OmyAC19ROGR    (0)    1 :  0.160 0.468 0.373 
 64 OmyAC19ROGR    (2)    1 :  0.556 0.249 0.195 
 65 OmyAC19ROGR    (0)    1 :  0.530 0.345 0.125 
 66 OmyAC19ROGR    (3)    1 :  0.395 0.138 0.467 
 67 OmyAC19ROGR    (0)    1 :  0.216 0.687 0.097 
 68 OmyAC19ROGR    (1)    1 :  0.218 0.605 0.176 
 69 OmyAC19ROGR    (2)    1 :  0.101 0.556 0.343 
 70 OmyAC19ROGR    (0)    1 :  0.356 0.533 0.111 
 71 OmyAC19ROGR    (0)    1 :  0.474 0.403 0.123 
 72 OmyAC19ROGR    (4)    1 :  0.634 0.277 0.088 
 73 OmyAC19ROGR    (0)    1 :  0.176 0.472 0.351 
 74 OmyAC19ROGR    (0)    1 :  0.808 0.104 0.087 
 75 OmyAC19ROGR    (0)    1 :  0.305 0.417 0.278 
 76 OmyAC19ROGR    (0)    1 :  0.105 0.764 0.131 
 77 OmyAC19ROGR    (1)    1 :  0.050 0.039 0.911 
 78 OmyAC19ROGR    (0)    1 :  0.564 0.302 0.134 
 79 OmyAC19ROGR    (2)    1 :  0.334 0.491 0.174 
 80 OmyAC19ROGR    (1)    1 :  0.133 0.139 0.729 
 81 OmyAC19ROGR    (2)    1 :  0.232 0.199 0.569 
 82 OmyAC19ROGR    (1)    1 :  0.155 0.792 0.053 
 83 OmyAC19ROGR    (0)    1 :  0.238 0.612 0.150 
 84 OmyAC19ROGR    (0)    1 :  0.413 0.236 0.351 
 85 OmyAC19ROGR    (5)    1 :  0.362 0.527 0.111 
 86 OmyAC19ROGR    (0)    1 :  0.672 0.081 0.248 
 87 OmyAC19ROGR    (1)    1 :  0.230 0.642 0.128 
 88 OmyJC19ROGR    (0)    2 :  0.080 0.056 0.864 
 89 OmyJC19ROGR    (0)    2 :  0.499 0.276 0.225 
 90 OmyJC19ROGR    (0)    2 :  0.058 0.046 0.896 
 91 OmyJC19ROGR    (1)    2 :  0.478 0.481 0.041 
 92 OmyJC19ROGR    (0)    2 :  0.126 0.731 0.143 
 93 OmyJC19ROGR    (0)    2 :  0.114 0.837 0.050 
 94 OmyJC19ROGR    (0)    2 :  0.529 0.141 0.330 
 95 OmyJC19ROGR    (0)    2 :  0.498 0.184 0.318 
 96 OmyJC19ROGR    (0)    2 :  0.601 0.191 0.208 
 97 OmyJC19ROGR    (0)    2 :  0.079 0.669 0.251 
 98 OmyJC19ROGR    (0)    2 :  0.545 0.347 0.108 
 99 OmyJC19ROGR    (0)    2 :  0.173 0.638 0.189 
100 OmyJC19ROGR    (1)    2 :  0.501 0.344 0.155 
101 OmyJC19ROGR    (0)    2 :  0.134 0.293 0.574 
102 OmyJC19ROGR    (0)    2 :  0.574 0.207 0.219 
103 OmyJC19ROGR    (0)    2 :  0.270 0.411 0.319 
104 OmyJC19ROGR    (0)    2 :  0.187 0.721 0.091 
105 OmyJC19ROGR    (0)    2 :  0.166 0.567 0.267 
106 OmyJC19ROGR    (0)    2 :  0.037 0.060 0.903 
107 OmyJC19ROGR    (1)    2 :  0.472 0.283 0.245 
108 OmyJC19ROGR    (0)    2 :  0.314 0.522 0.164 
109 OmyJC19ROGR    (0)    2 :  0.535 0.100 0.365 
110 OmyJC19ROGR    (0)    2 :  0.104 0.485 0.411 
111 OmyJC19ROGR    (1)    2 :  0.132 0.665 0.203 
112 OmyJC19ROGR    (2)    2 :  0.587 0.149 0.264 
113 OmyJC19ROGR    (0)    2 :  0.166 0.129 0.705 
114 OmyJC19ROGR    (3)    2 :  0.420 0.416 0.164 
115 OmyJC19ROGR    (1)    2 :  0.180 0.666 0.154 
116 OmyJC19ROGR    (0)    2 :  0.478 0.268 0.255 
117 OmyJC19ROGR    (0)    2 :  0.432 0.213 0.355 
118 OmyJC19ROGR    (0)    2 :  0.426 0.495 0.079 
119 OmyJC19ROGR    (2)    2 :  0.629 0.220 0.151 
120 OmyJC19ROGR    (0)    2 :  0.127 0.822 0.051 
121 OmyJC19ROGR    (0)    2 :  0.691 0.178 0.131 
122 OmyJC19ROGR    (0)    2 :  0.390 0.430 0.179 
123 OmyJC19ROGR    (0)    2 :  0.515 0.411 0.074 
124 OmyJC19ROGR    (0)    2 :  0.486 0.214 0.300 
125 OmyJC19ROGR    (0)    2 :  0.177 0.590 0.233 
126 OmyJC19ROGR    (1)    2 :  0.163 0.096 0.741 
127 OmyJC19ROGR    (0)    2 :  0.691 0.191 0.118 
128 OmyJC19ROGR    (1)    2 :  0.138 0.730 0.133 
129 OmyJC19ROGR    (0)    2 :  0.177 0.363 0.459 
130 OmyJC19ROGR    (2)    2 :  0.760 0.104 0.136 
131 OmyJC19ROGR    (0)    2 :  0.250 0.523 0.227 
132 OmyJC19ROGR    (1)    2 :  0.196 0.683 0.121 
133 OmyJC19ROGR    (0)    2 :  0.466 0.437 0.097 
134 OmyJC19ROGR    (0)    2 :  0.450 0.339 0.211 
135 OmyJC19ROGR    (1)    2 :  0.071 0.860 0.070 
136 OmyJC19ROGR    (3)    2 :  0.499 0.381 0.119 
137 OmyJC19ROGR    (0)    2 :  0.541 0.129 0.330 
138 OmyJC19ROGR    (0)    2 :  0.154 0.076 0.770 
139 OmyJC19ROGR    (2)    2 :  0.595 0.325 0.080 
140 OmyJC19ROGR    (2)    2 :  0.516 0.242 0.242 
141 OmyJC19ROGR    (0)    2 :  0.269 0.281 0.450 
142 OmyJC19ROGR    (0)    2 :  0.273 0.298 0.429 
143 OmyJC19ROGR    (0)    2 :  0.101 0.761 0.138 
144 OmyJC19ROGR    (0)    2 :  0.607 0.335 0.057 
145 OmyJC19ROGR    (0)    2 :  0.736 0.158 0.106 
146 OmyJC19ROGR    (1)    2 :  0.133 0.699 0.167 
147 OmyJC19ROGR    (0)    2 :  0.468 0.342 0.190 
148 OmyJC19ROGR    (0)    2 :  0.520 0.411 0.069 
149 OmyJC19ROGR    (1)    2 :  0.192 0.625 0.183 
150 OmyJC19ROGR    (1)    2 :  0.213 0.634 0.153 
151 OmyJC19ROGR    (0)    2 :  0.354 0.372 0.273 
152 OmyJC19ROGR    (0)    2 :  0.553 0.306 0.142 
153 OmyJC19ROGR    (0)    2 :  0.078 0.816 0.106 
154 OmyJC19ROGR    (1)    2 :  0.657 0.168 0.175 
155 OmyJC19ROGR    (0)    2 :  0.318 0.452 0.230 
156 OmyJC19ROGR    (1)    2 :  0.405 0.362 0.233 
157 OmyJC19ROGR    (0)    2 :  0.328 0.476 0.196 
158 OmyJC19ROGR    (0)    2 :  0.432 0.504 0.063 
159 OmyJC19ROGR    (0)    2 :  0.728 0.134 0.138 
160 OmyJC19ROGR    (0)    2 :  0.343 0.496 0.161 
161 OmyJC19ROGR    (0)    2 :  0.367 0.557 0.076 
162 OmyJC19ROGR    (0)    2 :  0.502 0.335 0.162 
163 OmyJC19ROGR    (0)    2 :  0.177 0.715 0.108 
164 OmyJC19ROGR    (0)    2 :  0.675 0.238 0.087 
165 OmyJC19ROGR    (0)    2 :  0.541 0.389 0.071 
166 OmyJC19ROGR    (0)    2 :  0.644 0.207 0.148 
167 OmyJC19ROGR    (1)    2 :  0.241 0.539 0.221 
168 OmyJC19ROGR    (0)    2 :  0.535 0.281 0.184 
169 OmyJC19ROGR    (0)    2 :  0.055 0.033 0.912 
170 OmyJC19ROGR    (0)    2 :  0.111 0.747 0.142 
171 OmyJC19ROGR    (0)    2 :  0.693 0.221 0.086 
172 OmyJC19ROGR    (0)    2 :  0.140 0.399 0.461 
173 OmyJC19ROGR    (0)    2 :  0.063 0.061 0.876 
174 OmyJC19ROGR    (0)    2 :  0.451 0.432 0.116 
175 OmyJC19ROGR    (0)    2 :  0.633 0.268 0.099 
176 OmyJC19ROGR    (0)    2 :  0.170 0.616 0.214 
177 OmyJC19ROGR    (0)    2 :  0.122 0.841 0.037 
178 OmyJC19ROGR    (0)    2 :  0.817 0.061 0.122 
179 OmyJC19ROGR    (0)    2 :  0.237 0.703 0.060 
180 OmyJC19ROGR    (0)    2 :  0.061 0.085 0.854 
181 OmyJC19ROGR    (0)    2 :  0.542 0.279 0.178 
182 OmyJC19ROGR    (0)    2 :  0.428 0.251 0.322 
183 OmyJC19ROGR    (0)    2 :  0.633 0.266 0.101 
184 OmyJC19ROGR    (0)    2 :  0.140 0.174 0.686 
185 OmyJC19ROGR    (1)    2 :  0.522 0.432 0.046 
186 OmyJC19ROGR    (0)    2 :  0.125 0.687 0.189 
187 OmyJC19ROGR    (0)    2 :  0.714 0.203 0.083 
188 OmyJC19ROGR    (0)    2 :  0.536 0.352 0.112 
189 OmyJC19ROGR    (0)    2 :  0.184 0.505 0.311 
190 OmyJC19ROGR    (0)    2 :  0.125 0.757 0.118 
191 OmyJC19ROGR    (0)    2 :  0.189 0.707 0.104 
192 OmyJC19ROGR    (0)    2 :  0.785 0.092 0.124 
193 OmyJC19ROGR    (1)    2 :  0.401 0.322 0.277 
194 OmyJC19ROGR    (0)    2 :  0.792 0.147 0.062 
195 OmyJC19ROGR    (0)    2 :  0.134 0.063 0.802 
196 OmyJC19ROGR    (0)    2 :  0.740 0.135 0.125 
197 OmyJC19ROGR    (0)    2 :  0.242 0.592 0.165 
198 OmyJC19ROGR    (0)    2 :  0.114 0.113 0.773 
199 OmyJC19ROGR    (0)    2 :  0.613 0.301 0.087 
200 OmyJC19ROGR    (0)    2 :  0.150 0.667 0.183 
201 OmyJC19ROGR    (0)    2 :  0.689 0.240 0.071 
202 OmyJC19ROGR    (0)    2 :  0.137 0.824 0.039 
203 OmyJC19ROGR    (0)    2 :  0.443 0.422 0.135 
204 OmyJC19ROGR    (0)    2 :  0.542 0.322 0.136 
205 OmyJC19ROGR    (0)    2 :  0.450 0.275 0.276 
206 OmyJC19ROGR    (0)    2 :  0.069 0.076 0.855 
207 OmyJC19ROGR    (0)    2 :  0.403 0.195 0.402 
208 OmyJC19ROGR    (0)    2 :  0.759 0.135 0.106 
209 OmyJC19ROGR    (0)    2 :  0.113 0.318 0.569 
210 OmyJC19ROGR    (0)    2 :  0.071 0.044 0.885 
211 OmyJC19ROGR    (0)    2 :  0.280 0.366 0.355 
212 OmyJC19ROGR    (1)    2 :  0.164 0.567 0.269 
213 OmyJC19ROGR    (1)    2 :  0.564 0.327 0.109 
214 OmyJC19ROGR    (0)    2 :  0.698 0.163 0.139 
215 OmyJC19ROGR    (0)    2 :  0.652 0.259 0.089 
216 OmyJC19ROGR    (0)    2 :  0.121 0.062 0.817 
217 OmyJC19ROGR    (0)    2 :  0.285 0.188 0.527 
218 OmyJC19ROGR    (0)    2 :  0.256 0.650 0.095 
219 OmyJC19ROGR    (0)    2 :  0.659 0.111 0.230 
220 OmyJC19ROGR    (0)    2 :  0.487 0.469 0.045 
221 OmyJC19ROGR    (0)    2 :  0.341 0.236 0.423 
222 OmyJC19ROGR    (0)    2 :  0.280 0.605 0.115 
223 OmyJC19ROGR    (0)    2 :  0.560 0.288 0.152 
224 OmyJC19ROGR    (0)    2 :  0.770 0.150 0.080 
225 OmyJC19ROGR    (0)    2 :  0.045 0.037 0.919 
226 OmyJC19ROGR    (0)    2 :  0.463 0.142 0.395 
227 OmyJC19ROGR    (1)    2 :  0.054 0.073 0.874 
228 OmyJC19ROGR    (0)    2 :  0.796 0.106 0.098 
229 OmyJC19ROGR    (1)    2 :  0.407 0.490 0.103 
230 OmyJC19ROGR    (0)    2 :  0.239 0.391 0.370 
231 OmyJC19ROGR    (0)    2 :  0.597 0.166 0.237 
232 OmyJC19ROGR    (1)    2 :  0.456 0.390 0.155 
233 OmyJC19ROGR    (0)    2 :  0.399 0.282 0.318 
234 OmyJC19ROGR    (0)    2 :  0.044 0.063 0.893 
235 OmyJC19ROGR    (0)    2 :  0.126 0.185 0.689 
236 OmyJC19ROGR    (1)    2 :  0.554 0.346 0.100 
237 OmyJC19ROGR    (0)    2 :  0.537 0.312 0.152 
238 OmyJC19ROGR    (0)    2 :  0.629 0.143 0.228 
239 OmyJC19ROGR    (0)    2 :  0.512 0.250 0.238 
240 OmyJC19ROGR    (0)    2 :  0.491 0.365 0.144 
241 OmyJC19ROGR    (0)    2 :  0.199 0.576 0.225 
242 OmyJC19ROGR    (0)    2 :  0.494 0.428 0.078 
243 OmyJC19ROGR    (0)    2 :  0.289 0.583 0.128 
244 OmyJC19ROGR    (0)    2 :  0.244 0.575 0.181 
245 OmyJC19ROGR    (0)    2 :  0.049 0.044 0.907 
246 OmyJC19ROGR    (0)    2 :  0.152 0.512 0.336 
247 OmyJC19ROGR    (0)    2 :  0.162 0.198 0.639 
248 OmyJC19ROGR    (0)    2 :  0.158 0.220 0.622 
249 OmyJC19ROGR    (0)    2 :  0.600 0.188 0.211 
250 OmyJC19ROGR    (0)    2 :  0.485 0.304 0.211 
251 OmyJC19ROGR    (0)    2 :  0.582 0.275 0.144 
252 OmyJC19ROGR    (0)    2 :  0.098 0.808 0.094 
253 OmyJC19ROGR    (0)    2 :  0.452 0.278 0.271 
254 OmyJC19ROGR    (0)    2 :  0.264 0.566 0.170 
255 OmyJC19ROGR    (0)    2 :  0.191 0.711 0.098 
256 OmyJC19ROGR    (0)    2 :  0.173 0.391 0.436 
257 OmyJC19ROGR    (0)    2 :  0.482 0.269 0.249 
258 OmyAC19ROGR    (0)    1 :  0.368 0.315 0.317 
259 OmyAC19ROGR    (1)    1 :  0.269 0.169 0.563 
260 OmyAC19ROGR    (0)    1 :  0.729 0.185 0.086 
261 OmyAC19ROGR    (0)    1 :  0.645 0.183 0.173 
262 OmyAC19ROGR    (0)    1 :  0.435 0.304 0.261 
263 OmyAC19ROGR    (0)    1 :  0.227 0.633 0.140 
264 OmyAC19ROGR    (0)    1 :  0.508 0.308 0.184 
265 OmyAC19ROGR    (0)    1 :  0.421 0.446 0.133 
266 OmyAC19ROGR    (0)    1 :  0.751 0.173 0.076 
267 OmyAC19ROGR    (0)    1 :  0.387 0.296 0.317 
268 OmyAC19ROGR    (1)    1 :  0.164 0.536 0.301 
269 OmyAC19ROGR    (1)    1 :  0.483 0.178 0.339 
270 OmyAC19ROGR    (0)    1 :  0.240 0.654 0.107 
271 OmyAC19ROGR    (0)    1 :  0.348 0.186 0.467 
272 OmyAC19ROGR    (0)    1 :  0.510 0.150 0.339 
273 OmyAC19ROGR    (0)    1 :  0.391 0.489 0.120 
274 OmyAC19ROGR    (0)    1 :  0.101 0.092 0.807 
275 OmyAC19ROGR    (0)    1 :  0.268 0.482 0.250 
276 OmyAC19ROGR    (0)    1 :  0.492 0.302 0.206 
277 OmyAC19ROGR    (0)    1 :  0.661 0.124 0.215 
278 OmyAC19ROGR    (0)    1 :  0.377 0.151 0.473 
279 OmyAC19ROGR    (0)    1 :  0.480 0.146 0.374 
280 OmyAC19ROGR    (0)    1 :  0.257 0.488 0.254 
281 OmyAC19ROGR    (0)    1 :  0.584 0.260 0.155 
282 OmyAC19ROGR    (0)    1 :  0.297 0.373 0.330 
283 OmyAC19ROGR    (0)    1 :  0.691 0.181 0.128 
284 OmyAC19ROGR    (0)    1 :  0.556 0.363 0.081 
285 OmyAC19ROGR    (0)    1 :  0.386 0.484 0.131 
286 OmyAC19ROGR    (0)    1 :  0.529 0.403 0.068 
287 OmyAC19ROGR    (0)    1 :  0.030 0.025 0.945 
288 OmyAC19ROGR    (0)    1 :  0.116 0.076 0.808 
289 OmyAC19ROGR    (0)    1 :  0.480 0.216 0.304 
290 OmyAC19ROGR    (1)    1 :  0.038 0.041 0.922 
291 OmyAC19ROGR    (0)    1 :  0.178 0.308 0.514 
292 OmyAC19ROGR    (1)    1 :  0.462 0.190 0.349 
293 OmyAC19ROGR    (0)    1 :  0.153 0.777 0.071 
294 OmyAC19ROGR    (0)    1 :  0.349 0.145 0.505 
295 OmyAC19ROGR    (0)    1 :  0.541 0.367 0.092 
296 OmyAC19ROGR    (0)    1 :  0.609 0.280 0.112 
297 OmyAC19ROGR    (0)    1 :  0.127 0.070 0.803 
298 OmyAC19ROGR    (0)    1 :  0.777 0.134 0.090 
299 OmyAC19ROGR    (0)    1 :  0.203 0.402 0.395 
300 OmyAC19ROGR    (0)    1 :  0.586 0.293 0.121 
301 OmyAC19ROGR    (0)    1 :  0.066 0.050 0.885 
302 OmyAC19ROGR    (0)    1 :  0.316 0.113 0.571 
303 OmyAC19ROGR    (0)    1 :  0.522 0.204 0.274 
304 OmyAC19ROGR    (0)    1 :  0.454 0.222 0.324 
305 OmyAC19ROGR    (0)    1 :  0.624 0.267 0.109 
306 OmyAC19ROGR    (0)    1 :  0.195 0.053 0.752 
307 OmyAC19ROGR    (1)    1 :  0.428 0.493 0.078 
308 OmyAC19ROGR    (0)    1 :  0.594 0.171 0.235 
309 OmyAC19ROGR    (1)    1 :  0.064 0.062 0.875 
310 OmyAC19ROGR    (0)    1 :  0.266 0.207 0.527 
311 OmyAC19ROGR    (0)    1 :  0.263 0.137 0.600 
312 OmyAC19ROGR    (0)    1 :  0.305 0.580 0.115 
313 OmyAC19ROGR    (0)    1 :  0.622 0.317 0.061 
314 OmyAC19ROGR    (0)    1 :  0.166 0.721 0.113 
315 OmyAC19ROGR    (0)    1 :  0.518 0.291 0.192 
316 OmyAC19ROGR    (0)    1 :  0.607 0.276 0.117 
317 OmyAC19ROGR    (0)    1 :  0.192 0.682 0.126 
318 OmyAC19ROGR    (0)    1 :  0.237 0.692 0.071 
319 OmyAC19ROGR    (1)    1 :  0.557 0.386 0.057 
320 OmyAC19ROGR    (0)    1 :  0.792 0.170 0.038 
321 OmyAC19ROGR    (0)    1 :  0.677 0.221 0.102 
322 OmyAC19ROGR    (0)    1 :  0.218 0.197 0.586 
323 OmyAC19ROGR    (0)    1 :  0.816 0.102 0.082 
324 OmyAC19ROGR    (0)    1 :  0.530 0.369 0.101 
325 OmyAC19ROGR    (0)    1 :  0.307 0.173 0.520 
326 OmyAC19ROGR    (0)    1 :  0.685 0.162 0.152 
327 OmyAC19ROGR    (0)    1 :  0.564 0.323 0.113 
328 OmyAC20ROGR    (1)    1 :  0.558 0.358 0.084 
329 OmyAC20ROGR    (0)    1 :  0.285 0.519 0.195 
330 OmyAC20ROGR    (0)    1 :  0.422 0.389 0.189 
331 OmyAC20ROGR    (0)    1 :  0.252 0.277 0.471 
332 OmyAC20ROGR    (0)    1 :  0.212 0.443 0.345 
333 OmyAC20ROGR    (0)    1 :  0.187 0.380 0.433 
334 OmyAC20ROGR    (0)    1 :  0.214 0.712 0.073 
335 OmyAC20ROGR    (0)    1 :  0.424 0.442 0.134 
336 OmyAC20ROGR    (0)    1 :  0.329 0.345 0.326 
337 OmyAC20ROGR    (0)    1 :  0.256 0.179 0.566 
338 OmyAC20ROGR    (0)    1 :  0.246 0.462 0.292 
339 OmyAC20ROGR    (0)    1 :  0.488 0.256 0.257 
340 OmyAC20ROGR    (0)    1 :  0.123 0.737 0.139 
341 OmyAC20ROGR    (0)    1 :  0.146 0.667 0.187 
342 OmyAC20ROGR    (0)    1 :  0.286 0.380 0.334 
343 OmyAC20ROGR    (0)    1 :  0.227 0.594 0.179 
344 OmyAC20ROGR    (0)    1 :  0.202 0.483 0.315 
345 OmyAC20ROGR    (1)    1 :  0.518 0.157 0.325 
346 OmyAC20ROGR    (0)    1 :  0.304 0.315 0.381 
347 OmyAC20ROGR    (0)    1 :  0.373 0.240 0.387 
348 OmyAC20ROGR    (0)    1 :  0.163 0.501 0.337 
349 OmyAC20ROGR    (0)    1 :  0.214 0.617 0.169 
350 OmyAC20ROGR    (0)    1 :  0.512 0.265 0.223 
351 OmyAC20ROGR    (0)    1 :  0.275 0.440 0.285 
352 OmyAC20ROGR    (0)    1 :  0.616 0.234 0.150 
353 OmyAC20ROGR    (0)    1 :  0.488 0.404 0.108 
354 OmyAC20ROGR    (0)    1 :  0.122 0.461 0.417 
355 OmyAC20ROGR    (0)    1 :  0.293 0.526 0.181 
356 OmyAC20ROGR    (0)    1 :  0.568 0.306 0.126 
357 OmyAC20ROGR    (0)    1 :  0.576 0.162 0.262 
358 OmyAC20ROGR    (0)    1 :  0.688 0.178 0.134 
359 OmyAC20ROGR    (0)    1 :  0.576 0.066 0.358 
360 OmyAC20ROGR    (0)    1 :  0.306 0.302 0.391 
361 OmyAC20ROGR    (0)    1 :  0.747 0.132 0.122 
362 OmyAC20ROGR    (0)    1 :  0.693 0.170 0.137 
363 OmyAC20ROGR    (0)    1 :  0.237 0.473 0.290 
364 OmyAC20ROGR    (1)    1 :  0.254 0.633 0.112 
365 OmyAC20ROGR    (0)    1 :  0.665 0.264 0.071 
366 OmyAC20ROGR    (0)    1 :  0.360 0.535 0.104 
367 OmyAC20ROGR    (0)    1 :  0.451 0.281 0.268 
368 OmyAC20ROGR    (1)    1 :  0.626 0.128 0.246 
369 OmyAC20ROGR    (0)    1 :  0.216 0.327 0.458 
370 OmyAC20ROGR    (0)    1 :  0.127 0.127 0.746 
371 OmyAC20ROGR    (0)    1 :  0.101 0.079 0.820 
372 OmyAC20ROGR    (2)    1 :  0.059 0.047 0.893 
373 OmyAC20ROGR    (0)    1 :  0.320 0.117 0.563 
374 OmyAC20ROGR    (0)    1 :  0.478 0.431 0.091 
375 OmyAC20ROGR    (0)    1 :  0.540 0.248 0.211 
376 OmyAC20ROGR    (0)    1 :  0.187 0.195 0.617 
377 OmyAC20ROGR    (0)    1 :  0.284 0.648 0.068 
378 OmyAC20ROGR    (0)    1 :  0.381 0.539 0.080 
379 OmyAC20ROGR    (0)    1 :  0.184 0.267 0.549 
380 OmyAC20ROGR    (1)    1 :  0.592 0.332 0.076 
381 OmyAC20ROGR    (0)    1 :  0.590 0.146 0.265 
382 OmyAC20ROGR    (0)    1 :  0.079 0.042 0.879 
383 OmyAC20ROGR    (0)    1 :  0.537 0.102 0.361 
384 OmyAC20ROGR    (0)    1 :  0.221 0.302 0.477 
385 OmyAC20ROGR    (0)    1 :  0.505 0.086 0.409 
386 OmyAC20ROGR    (0)    1 :  0.362 0.341 0.297 
387 OmyAC20ROGR    (0)    1 :  0.411 0.123 0.466 
388 OmyAC20ROGR    (0)    1 :  0.177 0.396 0.428 
389 OmyAC20ROGR    (0)    1 :  0.751 0.152 0.097 
390 OmyAC20ROGR    (0)    1 :  0.658 0.267 0.074 
391 OmyAC20ROGR    (0)    1 :  0.198 0.285 0.517 
392 OmyAC20ROGR    (0)    1 :  0.249 0.322 0.428 
393 OmyAC20ROGR    (0)    1 :  0.352 0.435 0.213 
394 OmyAC20ROGR    (1)    1 :  0.579 0.192 0.229 
395 OmyAC20ROGR    (0)    1 :  0.402 0.412 0.185 
396 OmyAC20ROGR    (0)    1 :  0.637 0.234 0.130 
397 OmyAC20ROGR    (0)    1 :  0.409 0.156 0.435 
398 OmyAC20ROGR    (0)    1 :  0.097 0.185 0.718 
399 OmyAC20ROGR    (0)    1 :  0.367 0.272 0.361 
400 OmyAC20ROGR    (0)    1 :  0.412 0.308 0.280 
401 OmyAC20ROGR    (1)    1 :  0.053 0.070 0.878 
402 OmyAC20ROGR    (0)    1 :  0.237 0.686 0.077 
403 OmyAC20ROGR    (0)    1 :  0.241 0.457 0.302 
404 OmyAC20ROGR    (0)    1 :  0.267 0.651 0.082 
405 OmyAC20ROGR    (0)    1 :  0.431 0.111 0.458 
406 OmyAC20ROGR    (0)    1 :  0.282 0.494 0.224 
407 OmyAC20ROGR    (0)    1 :  0.729 0.114 0.157 
408 OmyAC20ROGR    (0)    1 :  0.350 0.445 0.205 
409 OmyAC20ROGR    (0)    1 :  0.724 0.111 0.165 
410 OmyAC20ROGR    (0)    1 :  0.067 0.036 0.897 
411 OmyAC20ROGR    (0)    1 :  0.205 0.146 0.649 
412 OmyAC20ROGR    (0)    1 :  0.272 0.473 0.255 
413 OmyAC20ROGR    (0)    1 :  0.779 0.097 0.124 
414 OmyAC20ROGR    (0)    1 :  0.166 0.352 0.482 
415 OmyAC20ROGR    (0)    1 :  0.489 0.419 0.092 
416 OmyAC20ROGR    (0)    1 :  0.398 0.404 0.199 
417 OmyAC20ROGR    (0)    1 :  0.626 0.284 0.090 
418 OmyAC20ROGR    (0)    1 :  0.441 0.229 0.330 
419 OmyAC20ROGR    (0)    1 :  0.381 0.115 0.503 
420 OmyAC20ROGR    (0)    1 :  0.418 0.482 0.100 
421 OmyAC20ROGR    (0)    1 :  0.294 0.459 0.247 
422 OmyAC20ROGR    (0)    1 :  0.047 0.060 0.893 
423 OmyAC20ROGR    (0)    1 :  0.805 0.095 0.100 
424 OmyAC20ROGR    (0)    1 :  0.772 0.149 0.079 
425 OmyAC20ROGR    (0)    1 :  0.048 0.108 0.844 
426 OmyAC20ROGR    (0)    1 :  0.545 0.230 0.225 
427 OmyAC20ROGR    (0)    1 :  0.375 0.226 0.399 
428 OmyAC20ROGR    (0)    1 :  0.044 0.052 0.903 
429 OmyAC20ROGR    (0)    1 :  0.722 0.198 0.081 
430 OmyAC20ROGR    (0)    1 :  0.681 0.097 0.222 
431 OmyAC20ROGR    (0)    1 :  0.169 0.232 0.599 
432 OmyAC20ROGR    (0)    1 :  0.068 0.072 0.860 
433 OmyAC20ROGR    (0)    1 :  0.052 0.079 0.869 
434 OmyAC20ROGR    (0)    1 :  0.516 0.091 0.394 
435 OmyAC20ROGR    (0)    1 :  0.324 0.602 0.074 
436 OmyAC20ROGR    (0)    1 :  0.783 0.100 0.117 
437 OmyAC20ROGR    (0)    1 :  0.205 0.111 0.684 
438 OmyAC20ROGR    (0)    1 :  0.285 0.176 0.539 
439 OmyAC20ROGR    (0)    1 :  0.637 0.172 0.190 
440 OmyAC20ROGR    (0)    1 :  0.113 0.098 0.789 
441 OmyAC20ROGR    (0)    1 :  0.681 0.247 0.072 
442 OmyAC20ROGR    (0)    1 :  0.602 0.222 0.176 
443 OmyAC20ROGR    (0)    1 :  0.290 0.646 0.064 
444 OmyAC20ROGR    (0)    1 :  0.634 0.122 0.244 
445 OmyAC20ROGR    (0)    1 :  0.594 0.155 0.252 
446 OmyJC18ROGR    (0)    2 :  0.259 0.613 0.129 
447 OmyJC18ROGR    (0)    2 :  0.594 0.237 0.168 
448 OmyJC18ROGR    (0)    2 :  0.722 0.106 0.173 
449 OmyJC18ROGR    (0)    2 :  0.151 0.128 0.721 
450 OmyJC18ROGR    (0)    2 :  0.118 0.148 0.734 
451 OmyJC18ROGR    (0)    2 :  0.075 0.061 0.864 
452 OmyJC18ROGR    (0)    2 :  0.244 0.365 0.391 
453 OmyJC18ROGR    (0)    2 :  0.183 0.730 0.087 
454 OmyJC18ROGR    (0)    2 :  0.064 0.059 0.877 
455 OmyJC18ROGR    (0)    2 :  0.706 0.174 0.121 
456 OmyJC18ROGR    (0)    2 :  0.078 0.047 0.875 
457 OmyJC18ROGR    (0)    2 :  0.619 0.218 0.162 
458 OmyJC18ROGR    (0)    2 :  0.206 0.514 0.280 
459 OmyJC18ROGR    (0)    2 :  0.312 0.625 0.063 
460 OmyJC18ROGR    (2)    2 :  0.250 0.197 0.553 
461 OmyJC18ROGR    (1)    2 :  0.171 0.406 0.422 
462 OmyJC18ROGR    (3)    2 :  0.218 0.269 0.513 
463 OmyJC18ROGR    (1)    2 :  0.117 0.131 0.753 
464 OmyJC18ROGR    (3)    2 :  0.792 0.129 0.079 
465 OmyJC18ROGR    (3)    2 :  0.692 0.151 0.156 
466 OmyJC18ROGR    (0)    2 :  0.379 0.248 0.372 
467 OmyJC18ROGR    (1)    2 :  0.649 0.231 0.120 
468 OmyJC18ROGR    (0)    2 :  0.675 0.146 0.179 
469 OmyJC18ROGR    (0)    2 :  0.150 0.079 0.772 
470 OmyJC18ROGR    (3)    2 :  0.205 0.155 0.639 
471 OmyJC18ROGR    (1)    2 :  0.260 0.302 0.438 
472 OmyJC18ROGR    (1)    2 :  0.515 0.238 0.247 
473 OmyJC18ROGR    (2)    2 :  0.589 0.309 0.101 
474 OmyJC18ROGR    (0)    2 :  0.254 0.647 0.099 
475 OmyJC18ROGR    (1)    2 :  0.073 0.229 0.698 
476 OmyJC18ROGR    (2)    2 :  0.338 0.597 0.065 
477 OmyJC18ROGR    (3)    2 :  0.463 0.275 0.263 
478 OmyJC18ROGR    (0)    2 :  0.219 0.634 0.147 
479 OmyJC18ROGR    (0)    2 :  0.757 0.173 0.071 
480 OmyJC18ROGR    (0)    2 :  0.479 0.210 0.311 
481 OmyJC18ROGR    (2)    2 :  0.245 0.382 0.373 
482 OmyJC18ROGR    (3)    2 :  0.736 0.205 0.059 
483 OmyJC18ROGR    (3)    2 :  0.751 0.109 0.140 
484 OmyJC18ROGR    (3)    2 :  0.473 0.379 0.148 
485 OmyJC18ROGR    (2)    2 :  0.164 0.114 0.722 
486 OmyJC18ROGR    (2)    2 :  0.321 0.127 0.552 
487 OmyJC18ROGR    (1)    2 :  0.190 0.564 0.246 
488 OmyJC18ROGR    (3)    2 :  0.419 0.391 0.190 
489 OmyJC18ROGR    (0)    2 :  0.428 0.456 0.116 
490 OmyJC18ROGR    (2)    2 :  0.489 0.298 0.213 
491 OmyJC18ROGR    (4)    2 :  0.148 0.604 0.247 
492 OmyJC18ROGR    (4)    2 :  0.157 0.779 0.064 
493 OmyJC18ROGR    (3)    2 :  0.544 0.166 0.290 
494 OmyJC18ROGR    (3)    2 :  0.062 0.047 0.891 
495 OmyJC18ROGR    (3)    2 :  0.148 0.575 0.277 
496 OmyJC18ROGR    (0)    2 :  0.328 0.469 0.203 
497 OmyJC18ROGR    (5)    2 :  0.366 0.375 0.259 
498 OmyJC18ROGR    (3)    2 :  0.218 0.394 0.388 
499 OmyJC18ROGR    (1)    2 :  0.422 0.434 0.144 
500 OmyJC18ROGR    (1)    2 :  0.548 0.365 0.088 
501 OmyJC18ROGR    (3)    2 :  0.230 0.200 0.570 
502 OmyJC18ROGR    (1)    2 :  0.552 0.091 0.357 
503 OmyJC18ROGR    (4)    2 :  0.770 0.087 0.143 
504 OmyJC18ROGR    (1)    2 :  0.466 0.084 0.450 
505 OmyJC18ROGR    (0)    2 :  0.220 0.402 0.377 
506 OmyJC18ROGR    (6)    2 :  0.270 0.563 0.167 
507 OmyJC18ROGR    (0)    2 :  0.464 0.218 0.318 
508 OmyJC18ROGR    (0)    2 :  0.603 0.198 0.198 
509 OmyJC18ROGR    (2)    2 :  0.057 0.072 0.871 
510 OmyJC18ROGR    (1)    2 :  0.609 0.301 0.090 
511 OmyJC18ROGR    (3)    2 :  0.102 0.645 0.252 
512 OmyJC18ROGR    (2)    2 :  0.149 0.059 0.792 
513 OmyJC18ROGR    (7)    2 :  0.132 0.542 0.326 
514 OmyJC18ROGR    (3)    2 :  0.130 0.261 0.609 
515 OmyJC18ROGR    (0)    2 :  0.504 0.303 0.193 
516 OmyJC18ROGR    (2)    2 :  0.330 0.314 0.355 
517 OmyJC18ROGR    (2)    2 :  0.201 0.385 0.413 
518 OmyJC18ROGR    (0)    2 :  0.618 0.234 0.149 
519 OmyJC18ROGR    (7)    2 :  0.089 0.746 0.165 
520 OmyJC18ROGR    (4)    2 :  0.120 0.531 0.349 
521 OmyJC18ROGR    (1)    2 :  0.216 0.463 0.321 
522 OmyJC18ROGR    (1)    2 :  0.587 0.124 0.289 
523 OmyJC18ROGR    (3)    2 :  0.631 0.239 0.130 
524 OmyJC18ROGR    (1)    2 :  0.773 0.129 0.098 
525 OmyJC18ROGR    (2)    2 :  0.245 0.460 0.295 
526 OmyJC18ROGR    (1)    2 :  0.311 0.485 0.204 
527 OmyJC18ROGR    (0)    2 :  0.317 0.569 0.114 
528 OmyJC18ROGR    (0)    2 :  0.634 0.247 0.119 
529 OmyJC18ROGR    (1)    2 :  0.548 0.345 0.107 
530 OmyJC18ROGR    (0)    2 :  0.827 0.094 0.079 
531 OmyJC18ROGR    (0)    2 :  0.784 0.102 0.114 
532 OmyJC18ROGR    (1)    2 :  0.746 0.174 0.080 
533 OmyJC18ROGR    (2)    2 :  0.351 0.580 0.069 
534 OmyJC18ROGR    (2)    2 :  0.590 0.226 0.185 
535 OmyJC18ROGR    (0)    2 :  0.315 0.533 0.152 
536 OmyJC18ROGR    (0)    2 :  0.108 0.801 0.091 
537 OmyJC18ROGR    (0)    2 :  0.278 0.631 0.091 
538 OmyJC18ROGR    (0)    2 :  0.736 0.140 0.124 
539 OmyJC18ROGR    (1)    2 :  0.646 0.192 0.163 
540 OmyJC18ROGR    (6)    2 :  0.349 0.490 0.161 
541 OmyJC18ROGR    (1)    2 :  0.459 0.380 0.161 
542 OmyJC18ROGR    (1)    2 :  0.353 0.312 0.334 
543 OmyJC18ROGR    (0)    2 :  0.368 0.224 0.409 
544 OmyJC18ROGR    (2)    2 :  0.416 0.446 0.138 
545 OmyJC18ROGR    (1)    2 :  0.261 0.070 0.669 
546 OmyJC18ROGR    (6)    2 :  0.774 0.170 0.057 
547 OmyJC18ROGR    (0)    2 :  0.624 0.095 0.281 
548 OmyJC18ROGR    (1)    2 :  0.239 0.439 0.322 
549 OmyJC18ROGR    (0)    2 :  0.676 0.187 0.137 
550 OmyJC18ROGR    (1)    2 :  0.088 0.118 0.794 
551 OmyJC18ROGR    (1)    2 :  0.137 0.719 0.144 
552 OmyJC18ROGR    (2)    2 :  0.454 0.264 0.282 
553 OmyJC18ROGR    (7)    2 :  0.510 0.306 0.184 
554 OmyJC18ROGR    (2)    2 :  0.577 0.327 0.096 
555 OmyJC18ROGR    (3)    2 :  0.397 0.486 0.117 
556 OmyJC18ROGR    (0)    2 :  0.078 0.768 0.154 
557 OmyJC18ROGR    (1)    2 :  0.210 0.176 0.614 
558 OmyJC18ROGR    (0)    2 :  0.079 0.652 0.269 
559 OmyJC18ROGR    (0)    2 :  0.767 0.150 0.083 
560 OmyJC18ROGR    (5)    2 :  0.311 0.440 0.248 
561 OmyJC18ROGR    (0)    2 :  0.820 0.103 0.078 
562 OmyJC18ROGR    (6)    2 :  0.258 0.620 0.122 
563 OmyJC18ROGR    (2)    2 :  0.359 0.462 0.179 
564 OmyJC18ROGR    (3)    2 :  0.122 0.486 0.392 
565 OmyJC18ROGR    (3)    2 :  0.459 0.306 0.235 
566 OmyJC18ROGR    (1)    2 :  0.587 0.208 0.206 
567 OmyJC18ROGR    (0)    2 :  0.751 0.153 0.095 
568 OmyJC18ROGR    (3)    2 :  0.201 0.533 0.266 
569 OmyJC18ROGR    (2)    2 :  0.621 0.230 0.149 
570 OmyJC18ROGR    (0)    2 :  0.698 0.115 0.187 
571 OmyJC18ROGR    (1)    2 :  0.824 0.103 0.073 
572 OmyJC18ROGR    (4)    2 :  0.267 0.601 0.132 
573 OmyJC18ROGR    (3)    2 :  0.187 0.257 0.556 
574 OmyJC18ROGR    (5)    2 :  0.343 0.303 0.354 
575 OmyJC18ROGR    (3)    2 :  0.209 0.709 0.081 
576 OmyJC18ROGR    (0)    2 :  0.439 0.382 0.179 
577 OmyJC18ROGR    (0)    2 :  0.076 0.051 0.873 
578 OmyJC18ROGR    (1)    2 :  0.730 0.160 0.110 
579 OmyJC18ROGR    (0)    2 :  0.084 0.144 0.771 
580 OmyJC18ROGR    (0)    2 :  0.388 0.566 0.046 
581 OmyJC18ROGR    (3)    2 :  0.620 0.217 0.163 
582 OmyJC18ROGR    (6)    2 :  0.481 0.432 0.087 
583 OmyJC18ROGR    (3)    2 :  0.285 0.621 0.094 
584 OmyJC18ROGR    (3)    2 :  0.381 0.448 0.172 
585 OmyJC18ROGR    (1)    2 :  0.430 0.333 0.237 
586 OmyJC18ROGR    (1)    2 :  0.702 0.244 0.054 
587 OmyJC18ROGR    (0)    2 :  0.050 0.040 0.911 
588 OmyJC18ROGR    (0)    2 :  0.160 0.495 0.345 
589 OmyJC18ROGR    (1)    2 :  0.366 0.431 0.204 
590 OmyJC18ROGR    (2)    2 :  0.885 0.087 0.028 
591 OmyJC18ROGR    (0)    2 :  0.531 0.304 0.165 
592 OmyJC18ROGR    (3)    2 :  0.616 0.208 0.175 
593 OmyJC18ROGR    (0)    2 :  0.229 0.507 0.264 
594 OmyJC18ROGR    (1)    2 :  0.612 0.272 0.116 
595 OmyJC18ROGR    (0)    2 :  0.191 0.616 0.194 
596 OmyJC18ROGR    (1)    2 :  0.454 0.293 0.252 
597 OmyJC18ROGR    (0)    2 :  0.399 0.414 0.187 
598 OmyJC18ROGR    (1)    2 :  0.585 0.226 0.188 
599 OmyJC18ROGR    (0)    2 :  0.626 0.211 0.164 
600 OmyJC18ROGR    (0)    2 :  0.224 0.658 0.117 
601 OmyJC18ROGR    (0)    2 :  0.415 0.486 0.099 
602 OmyJC18ROGR    (0)    2 :  0.603 0.190 0.207 
603 OmyJC18ROGR    (0)    2 :  0.279 0.635 0.085 
604 OmyJC18ROGR    (0)    2 :  0.442 0.417 0.141 
605 OmyJC18ROGR    (0)    2 :  0.110 0.807 0.083 
606 OmyJC18ROGR    (0)    2 :  0.245 0.571 0.183 
607 OmyJC18ROGR    (0)    2 :  0.646 0.197 0.157 
608 OmyJC18ROGR    (0)    2 :  0.809 0.114 0.077 
609 OmyJC18ROGR    (0)    2 :  0.176 0.684 0.140 
610 OmyJC18ROGR    (4)    2 :  0.062 0.127 0.810 
611 OmyJC18ROGR    (0)    2 :  0.170 0.413 0.417 
612 OmyJC18ROGR    (2)    2 :  0.525 0.348 0.127 
613 OmyJC18ROGR    (0)    2 :  0.268 0.531 0.201 
614 OmyJC18ROGR    (0)    2 :  0.542 0.135 0.322 
615 OmyJC18ROGR    (0)    2 :  0.409 0.541 0.050 
616 OmyJC18ROGR    (0)    2 :  0.334 0.395 0.271 
617 OmyJC18ROGR    (0)    2 :  0.456 0.414 0.130 
618 OmyJC18ROGR    (0)    2 :  0.648 0.110 0.242 
619 OmyJC18ROGR    (0)    2 :  0.233 0.671 0.096 
620 OmyJC18ROGR    (0)    2 :  0.148 0.576 0.276 
621 OmyJC18ROGR    (1)    2 :  0.321 0.463 0.215 
622 OmyJC18ROGR    (2)    2 :  0.183 0.660 0.157 
623 OmyJC18ROGR    (1)    2 :  0.652 0.165 0.183 
624 OmyJC18ROGR    (2)    2 :  0.532 0.302 0.166 
625 OmyJC18ROGR    (0)    2 :  0.586 0.142 0.272 
626 OmyJC18ROGR    (6)    2 :  0.511 0.370 0.120 
627 OmyJC18ROGR    (0)    2 :  0.263 0.439 0.297 
628 OmyJC18ROGR    (0)    2 :  0.036 0.037 0.927 
629 OmyJC18ROGR    (1)    2 :  0.174 0.554 0.272 
630 OmyJC18ROGR    (1)    2 :  0.199 0.714 0.087 
631 OmyJC18ROGR    (3)    2 :  0.607 0.284 0.109 
632 OmyJC18ROGR    (0)    2 :  0.128 0.796 0.076 
633 OmyJC18ROGR    (4)    2 :  0.555 0.330 0.115 
634 OmyJC18ROGR    (2)    2 :  0.102 0.448 0.450 
635 OmyJC18ROGR    (0)    2 :  0.410 0.530 0.059 
636 OmyJC18ROGR    (0)    2 :  0.172 0.225 0.602 
637 OmyJC18ROGR    (0)    2 :  0.266 0.491 0.244 
638 OmyJC18ROGR    (0)    2 :  0.476 0.385 0.139 
639 OmyJC18ROGR    (1)    2 :  0.360 0.356 0.284 
640 OmyJC18ROGR    (1)    2 :  0.294 0.181 0.525 
641 OmyJC18ROGR    (0)    2 :  0.143 0.431 0.426 
642 OmyJC18ROGR    (3)    2 :  0.460 0.268 0.273 
643 OmyJC18ROGR    (1)    2 :  0.277 0.591 0.132 
644 OmyJC18ROGR    (7)    2 :  0.766 0.177 0.056 
645 OmyJC18ROGR    (4)    2 :  0.600 0.177 0.223 
646 OmyJC18ROGR    (0)    2 :  0.533 0.392 0.074 
647 OmyJC18ROGR    (1)    2 :  0.793 0.120 0.087 
648 OmyJC18ROGR    (1)    2 :  0.225 0.595 0.180 
649 OmyJC18ROGR    (0)    2 :  0.600 0.272 0.127 
650 OmyJC18ROGR    (1)    2 :  0.661 0.289 0.049 
651 OmyJC18ROGR    (5)    2 :  0.061 0.093 0.846 
652 OmyJC18ROGR    (1)    2 :  0.325 0.400 0.274 
653 OmyJC18ROGR    (3)    2 :  0.270 0.541 0.190 
654 OmyJC18ROGR    (1)    2 :  0.567 0.202 0.231 
655 OmyJC18ROGR    (2)    2 :  0.316 0.244 0.440 
656 OmyJC18ROGR    (0)    2 :  0.645 0.273 0.082 
657 OmyJC18ROGR    (0)    2 :  0.398 0.475 0.127 
658 OmyJC18ROGR    (0)    2 :  0.571 0.285 0.144 
659 OmyJC18ROGR    (5)    2 :  0.432 0.526 0.042 
660 OmyJC18ROGR    (3)    2 :  0.371 0.343 0.286 
661 OmyJC18ROGR    (2)    2 :  0.328 0.614 0.058 
662 OmyJC18ROGR    (1)    2 :  0.180 0.635 0.185 
663 OmyJC18ROGR    (2)    2 :  0.226 0.331 0.444 
664 OmyJC18ROGR    (0)    2 :  0.274 0.612 0.114 
665 OmyJC18ROGR    (0)    2 :  0.181 0.608 0.211 
666 OmyJC18ROGR    (0)    2 :  0.088 0.071 0.841 
667 OmyJC18ROGR    (0)    2 :  0.198 0.326 0.476 
668 OmyJC18ROGR    (2)    2 :  0.413 0.197 0.390 
669 OmyJC18ROGR    (4)    2 :  0.601 0.144 0.254 
670 OmyJC18ROGR    (6)    2 :  0.805 0.091 0.105 
671 OmyJC18ROGR    (3)    2 :  0.080 0.832 0.088 
672 OmyJC18ROGR    (0)    2 :  0.197 0.739 0.064 
673 OmyJC18ROGR    (4)    2 :  0.378 0.541 0.081 
674 OmyJC18ROGR    (0)    2 :  0.332 0.431 0.238 
675 OmyJC18ROGR    (0)    2 :  0.350 0.534 0.116 
676 OmyJC18ROGR    (1)    2 :  0.361 0.508 0.131 
677 OmyJC18ROGR    (3)    2 :  0.407 0.189 0.404 
678 OmyJC18ROGR    (6)    2 :  0.260 0.650 0.090 
679 OmyJC18ROGR    (1)    2 :  0.553 0.098 0.349 
680 OmyJC18ROGR    (1)    2 :  0.214 0.661 0.125 
681 OmyJC18ROGR    (1)    2 :  0.179 0.372 0.448 
682 OmyJC18ROGR    (1)    2 :  0.221 0.271 0.508 
683 OmyJC18ROGR    (0)    2 :  0.673 0.132 0.195 
684 OmyJC18ROGR    (0)    2 :  0.700 0.208 0.092 
685 OmyJC18ROGR    (0)    2 :  0.749 0.142 0.109 
686 OmyJC18ROGR    (0)    2 :  0.741 0.184 0.075 
687 OmyJC18ROGR    (3)    2 :  0.604 0.288 0.108 
688 OmyJC18ROGR    (1)    2 :  0.169 0.410 0.421 
689 OmyJC18ROGR    (1)    2 :  0.170 0.216 0.614 
690 OmyJC18ROGR    (5)    2 :  0.093 0.680 0.228 
691 OmyJC18ROGR    (5)    2 :  0.302 0.314 0.384 
692 OmyJC18ROGR    (0)    2 :  0.438 0.156 0.406 
693 OmyJC18ROGR    (2)    2 :  0.378 0.530 0.091 
694 OmyJC18ROGR    (0)    2 :  0.134 0.802 0.065 
695 OmyJC18ROGR    (0)    2 :  0.352 0.173 0.475 
696 OmyJC18ROGR    (0)    2 :  0.859 0.071 0.070 
697 OmyJC18ROGR    (2)    2 :  0.150 0.673 0.177 
698 OmyJC18ROGR    (0)    2 :  0.309 0.643 0.048 
699 OmyJC18ROGR    (1)    2 :  0.118 0.685 0.197 
700 OmyJC18ROGR    (0)    2 :  0.639 0.126 0.235 
701 OmyJC18ROGR    (0)    2 :  0.288 0.538 0.174 
702 OmyJC18ROGR    (1)    2 :  0.226 0.302 0.472 
703 OmyJC18ROGR    (1)    2 :  0.570 0.071 0.359 
704 OmyJC18ROGR    (0)    2 :  0.183 0.167 0.650 
705 OmyJC18ROGR    (0)    2 :  0.458 0.440 0.102 
706 OmyJC18ROGR    (0)    2 :  0.202 0.293 0.505 
707 OmyJC18ROGR    (1)    2 :  0.084 0.813 0.103 
708 OmyJC18ROGR    (1)    2 :  0.268 0.421 0.311 
709 OmyJC18ROGR    (0)    2 :  0.260 0.248 0.492 
710 OmyJC18ROGR    (0)    2 :  0.373 0.425 0.202 
711 OmyJC18ROGR    (0)    2 :  0.546 0.113 0.341 
712 OmyJC18ROGR    (1)    2 :  0.571 0.282 0.147 
713 OmyJC18ROGR    (0)    2 :  0.571 0.219 0.210 
714 OmyJC18ROGR    (0)    2 :  0.611 0.189 0.200 
715 OmyJC18ROGR    (0)    2 :  0.617 0.127 0.256 
716 OmyJC18ROGR    (0)    2 :  0.194 0.178 0.628 
717 OmyJC18ROGR    (1)    2 :  0.170 0.655 0.175 
718 OmyJC18ROGR    (1)    2 :  0.192 0.701 0.106 
719 OmyJC18ROGR    (7)    2 :  0.179 0.778 0.042 
720 OmyJC18ROGR    (2)    2 :  0.671 0.158 0.170 
721 OmyJC18ROGR    (1)    2 :  0.319 0.550 0.131 
722 OmyJC18ROGR    (0)    2 :  0.480 0.379 0.141 
723 OmyJC18ROGR    (1)    2 :  0.277 0.603 0.120 
724 OmyJC18ROGR    (0)    2 :  0.339 0.100 0.560 
725 OmyJC18ROGR    (0)    2 :  0.440 0.413 0.147 
726 OmyJC18ROGR    (0)    2 :  0.463 0.420 0.117 
727 OmyJC18ROGR    (1)    2 :  0.094 0.748 0.158 
728 OmyJC18ROGR    (0)    2 :  0.230 0.407 0.363 
729 OmyJC18ROGR    (1)    2 :  0.310 0.541 0.149 
730 OmyJC18ROGR    (0)    2 :  0.557 0.182 0.261 
731 OmyJC18ROGR    (2)    2 :  0.132 0.148 0.720 
732 OmyJC18ROGR    (1)    2 :  0.085 0.551 0.365 
733 OmyJC18ROGR    (0)    2 :  0.635 0.265 0.100 
734 OmyJC18ROGR    (0)    2 :  0.671 0.228 0.102 
735 OmyJC18ROGR    (0)    2 :  0.393 0.512 0.095 
736 OmyJC18ROGR    (0)    2 :  0.564 0.144 0.292 
737 OmyJC18ROGR    (0)    2 :  0.593 0.170 0.237 
738 OmyJC18ROGR    (0)    2 :  0.340 0.270 0.390 
739 OmyJC18ROGR    (0)    2 :  0.236 0.510 0.254 
740 OmyJC18ROGR    (0)    2 :  0.338 0.619 0.044 
741 OmyJC18ROGR    (0)    2 :  0.418 0.173 0.409 
742 OmyJC18ROGR    (0)    2 :  0.389 0.408 0.204 
743 OmyJC18ROGR    (0)    2 :  0.793 0.080 0.127 
744 OmyJC18ROGR    (0)    2 :  0.661 0.269 0.070 
745 OmyJC18ROGR    (0)    2 :  0.632 0.268 0.100 
746 OmyJC18ROGR    (0)    2 :  0.307 0.126 0.567 
747 OmyJC18ROGR    (0)    2 :  0.070 0.039 0.891 
748 OmyJC18ROGR    (2)    2 :  0.711 0.076 0.212 
749 OmyJC18ROGR    (5)    2 :  0.113 0.512 0.375 
750 OmyJC18ROGR    (1)    2 :  0.525 0.276 0.200 
751 OmyJC18ROGR    (0)    2 :  0.485 0.091 0.424 
752 OmyJC18ROGR    (3)    2 :  0.604 0.335 0.061 
753 OmyJC18ROGR    (0)    2 :  0.877 0.067 0.056 
754 OmyJC18ROGR    (0)    2 :  0.578 0.294 0.128 
755 OmyJC18ROGR    (0)    2 :  0.063 0.860 0.077 
756 OmyJC18ROGR    (0)    2 :  0.561 0.118 0.321 
757 OmyJC18ROGR    (0)    2 :  0.211 0.638 0.151 
758 OmyJC18ROGR    (1)    2 :  0.418 0.280 0.302 
759 OmyJC18ROGR    (0)    2 :  0.465 0.320 0.215 
