

----------------------------------------------------
STRUCTURE by Pritchard, Stephens and Donnelly (2000)
     and Falush, Stephens and Pritchard (2003)
       Code by Pritchard, Falush and Hubisz
             Version 2.3.4 (Jul 2012)
----------------------------------------------------



Command line arguments:   bin/structure -m "/Users/ddayan/FRA/premature_migration/Rogue_Half-Pounder/half-pounder/structure/halfpounder_2021/10k_20k_adm_corr/mainparams" -e "/Users/ddayan/FRA/premature_migration/Rogue_Half-Pounder/half-pounder/structure/halfpounder_2021/10k_20k_adm_corr/extraparams" 
Input File:    /Users/ddayan/FRA/premature_migration/Rogue_Half-Pounder/half-pounder/structure/halfpounder_2021/project_data

Run parameters:
   1000 individuals
   328 loci
   5 populations assumed
   10000 Burn-in period
   20000 Reps


--------------------------------------------
Proportion of membership of each pre-defined
 population in each of the 5 clusters

Given    Inferred Clusters                     Number of
 Pop       1      2      3      4      5      Individuals

  1:     0.213  0.203  0.169  0.216  0.199      275
  2:     0.201  0.193  0.189  0.209  0.208      643
  3:     0.108  0.046  0.700  0.071  0.074       42
  4:     0.260  0.054  0.082  0.284  0.320       40
--------------------------------------------

Allele-freq. divergence among pops (Net nucleotide distance),
computed using point estimates of P.

      1       2       3       4       5      
 1      -    0.0081  0.0028  0.0009  0.0008  
 2   0.0081     -    0.0110  0.0087  0.0085  
 3   0.0028  0.0110     -    0.0036  0.0038  
 4   0.0009  0.0087  0.0036     -    0.0012  
 5   0.0008  0.0085  0.0038  0.0012     -    

Average distances (expected heterozygosity) between individuals in same cluster:
cluster  1  : 0.2927 
cluster  2  : 0.2604 
cluster  3  : 0.2870 
cluster  4  : 0.2916 
cluster  5  : 0.2923 

--------------------------------------------
Estimated Ln Prob of Data   = -286090.9
Mean value of ln likelihood = -283627.4
Variance of ln likelihood   = 4927.0
Mean value of alpha         = 0.1971

Mean value of Fst_1         = 0.0092
Mean value of Fst_2         = 0.0724
Mean value of Fst_3         = 0.0248
Mean value of Fst_4         = 0.0114
Mean value of Fst_5         = 0.0129


Inferred ancestry of individuals:
        Label (%Miss) Pop:  Inferred clusters
  1 OmyAC19ROGR    (0)    1 :  0.262 0.016 0.244 0.351 0.126 
  2 OmyAC19ROGR    (0)    1 :  0.439 0.079 0.211 0.208 0.063 
  3 OmyAC19ROGR    (0)    1 :  0.360 0.068 0.221 0.270 0.080 
  4 OmyAC19ROGR    (0)    1 :  0.192 0.020 0.125 0.296 0.367 
  5 OmyAC19ROGR    (1)    1 :  0.017 0.941 0.014 0.015 0.013 
  6 OmyAC19ROGR    (0)    1 :  0.124 0.157 0.055 0.591 0.072 
  7 OmyAC19ROGR    (0)    1 :  0.124 0.187 0.145 0.148 0.396 
  8 OmyAC19ROGR    (0)    1 :  0.460 0.014 0.138 0.078 0.310 
  9 OmyAC19ROGR    (0)    1 :  0.177 0.258 0.171 0.318 0.075 
 10 OmyAC19ROGR    (0)    1 :  0.217 0.468 0.143 0.074 0.098 
 11 OmyAC19ROGR    (0)    1 :  0.068 0.063 0.175 0.425 0.269 
 12 OmyAC19ROGR    (0)    1 :  0.124 0.108 0.057 0.588 0.124 
 13 OmyAC19ROGR    (0)    1 :  0.288 0.025 0.117 0.059 0.512 
 14 OmyAC19ROGR    (0)    1 :  0.102 0.435 0.034 0.090 0.339 
 15 OmyAC19ROGR    (0)    1 :  0.071 0.429 0.036 0.064 0.400 
 16 OmyAC19ROGR    (0)    1 :  0.186 0.085 0.139 0.253 0.338 
 17 OmyAC19ROGR    (0)    1 :  0.470 0.076 0.020 0.219 0.215 
 18 OmyAC19ROGR    (2)    1 :  0.467 0.022 0.221 0.099 0.191 
 19 OmyAC19ROGR    (1)    1 :  0.317 0.047 0.132 0.071 0.433 
 20 OmyAC19ROGR    (0)    1 :  0.138 0.255 0.029 0.393 0.184 
 21 OmyAC19ROGR    (1)    1 :  0.356 0.225 0.111 0.103 0.205 
 22 OmyAC19ROGR    (0)    1 :  0.252 0.074 0.309 0.158 0.208 
 23 OmyAC19ROGR    (0)    1 :  0.361 0.271 0.107 0.146 0.114 
 24 OmyAC19ROGR    (0)    1 :  0.050 0.015 0.801 0.087 0.048 
 25 OmyAC19ROGR    (0)    1 :  0.221 0.244 0.084 0.113 0.338 
 26 OmyAC19ROGR    (0)    1 :  0.433 0.103 0.270 0.130 0.063 
 27 OmyAC19ROGR    (1)    1 :  0.122 0.055 0.056 0.289 0.478 
 28 OmyAC19ROGR    (0)    1 :  0.034 0.027 0.874 0.040 0.025 
 29 OmyAC19ROGR    (0)    1 :  0.360 0.061 0.106 0.216 0.257 
 30 OmyAC19ROGR    (0)    1 :  0.139 0.693 0.051 0.076 0.041 
 31 OmyAC19ROGR    (0)    1 :  0.295 0.043 0.117 0.332 0.213 
 32 OmyAC19ROGR    (0)    1 :  0.331 0.128 0.216 0.129 0.196 
 33 OmyAC19ROGR    (1)    1 :  0.209 0.091 0.317 0.288 0.095 
 34 OmyAC19ROGR    (0)    1 :  0.111 0.500 0.071 0.063 0.256 
 35 OmyAC19ROGR    (0)    1 :  0.351 0.068 0.307 0.152 0.122 
 36 OmyAC19ROGR    (0)    1 :  0.323 0.144 0.112 0.207 0.214 
 37 OmyAC19ROGR    (0)    1 :  0.079 0.084 0.685 0.067 0.085 
 38 OmyAC19ROGR    (0)    1 :  0.083 0.426 0.379 0.043 0.069 
 39 OmyAC19ROGR    (0)    1 :  0.705 0.054 0.042 0.068 0.131 
 40 OmyAC19ROGR    (0)    1 :  0.128 0.332 0.045 0.309 0.186 
 41 OmyAC19ROGR    (1)    1 :  0.154 0.038 0.094 0.272 0.442 
 42 OmyAC19ROGR    (0)    1 :  0.041 0.844 0.027 0.042 0.045 
 43 OmyAC19ROGR    (0)    1 :  0.304 0.038 0.176 0.402 0.080 
 44 OmyAC19ROGR    (6)    1 :  0.300 0.036 0.106 0.486 0.073 
 45 OmyAC19ROGR    (1)    1 :  0.107 0.342 0.290 0.199 0.062 
 46 OmyAC19ROGR    (0)    1 :  0.268 0.075 0.422 0.120 0.116 
 47 OmyAC19ROGR    (0)    1 :  0.063 0.049 0.733 0.083 0.072 
 48 OmyAC19ROGR    (0)    1 :  0.302 0.050 0.139 0.400 0.109 
 49 OmyAC19ROGR    (0)    1 :  0.176 0.032 0.327 0.314 0.150 
 50 OmyAC19ROGR    (0)    1 :  0.292 0.024 0.029 0.222 0.433 
 51 OmyAC19ROGR    (2)    1 :  0.048 0.750 0.044 0.084 0.074 
 52 OmyAC19ROGR    (0)    1 :  0.051 0.855 0.035 0.034 0.025 
 53 OmyAC19ROGR    (1)    1 :  0.070 0.032 0.722 0.122 0.053 
 54 OmyAC19ROGR    (0)    1 :  0.150 0.068 0.551 0.110 0.120 
 55 OmyAC19ROGR    (3)    1 :  0.416 0.078 0.057 0.202 0.246 
 56 OmyAC19ROGR    (0)    1 :  0.074 0.092 0.616 0.074 0.145 
 57 OmyAC19ROGR    (0)    1 :  0.183 0.019 0.626 0.066 0.107 
 58 OmyAC19ROGR    (0)    1 :  0.109 0.711 0.047 0.076 0.057 
 59 OmyAC19ROGR    (0)    1 :  0.189 0.017 0.509 0.160 0.124 
 60 OmyAC19ROGR    (1)    1 :  0.163 0.115 0.099 0.167 0.457 
 61 OmyAC19ROGR    (0)    1 :  0.231 0.060 0.432 0.149 0.128 
 62 OmyAC19ROGR    (0)    1 :  0.365 0.034 0.077 0.400 0.123 
 63 OmyAC19ROGR    (0)    1 :  0.083 0.256 0.446 0.149 0.067 
 64 OmyAC19ROGR    (2)    1 :  0.156 0.092 0.120 0.427 0.205 
 65 OmyAC19ROGR    (0)    1 :  0.359 0.059 0.112 0.173 0.298 
 66 OmyAC19ROGR    (3)    1 :  0.156 0.288 0.044 0.092 0.420 
 67 OmyAC19ROGR    (0)    1 :  0.113 0.035 0.541 0.107 0.204 
 68 OmyAC19ROGR    (1)    1 :  0.374 0.062 0.331 0.146 0.087 
 69 OmyAC19ROGR    (2)    1 :  0.124 0.209 0.540 0.053 0.075 
 70 OmyAC19ROGR    (0)    1 :  0.311 0.034 0.240 0.278 0.136 
 71 OmyAC19ROGR    (0)    1 :  0.392 0.038 0.135 0.173 0.263 
 72 OmyAC19ROGR    (4)    1 :  0.236 0.027 0.121 0.450 0.167 
 73 OmyAC19ROGR    (0)    1 :  0.355 0.194 0.243 0.157 0.052 
 74 OmyAC19ROGR    (0)    1 :  0.088 0.033 0.040 0.714 0.125 
 75 OmyAC19ROGR    (0)    1 :  0.251 0.127 0.251 0.105 0.266 
 76 OmyAC19ROGR    (0)    1 :  0.112 0.057 0.714 0.075 0.042 
 77 OmyAC19ROGR    (1)    1 :  0.019 0.922 0.019 0.024 0.016 
 78 OmyAC19ROGR    (0)    1 :  0.530 0.049 0.087 0.190 0.145 
 79 OmyAC19ROGR    (2)    1 :  0.496 0.058 0.145 0.166 0.136 
 80 OmyAC19ROGR    (1)    1 :  0.060 0.715 0.068 0.073 0.084 
 81 OmyAC19ROGR    (2)    1 :  0.141 0.434 0.090 0.218 0.116 
 82 OmyAC19ROGR    (1)    1 :  0.133 0.021 0.656 0.123 0.067 
 83 OmyAC19ROGR    (0)    1 :  0.235 0.051 0.348 0.108 0.259 
 84 OmyAC19ROGR    (0)    1 :  0.427 0.136 0.062 0.176 0.199 
 85 OmyAC19ROGR    (5)    1 :  0.431 0.033 0.155 0.128 0.253 
 86 OmyAC19ROGR    (0)    1 :  0.112 0.119 0.026 0.241 0.502 
 87 OmyAC19ROGR    (1)    1 :  0.243 0.044 0.414 0.169 0.130 
 88 OmyJC19ROGR    (0)    2 :  0.059 0.831 0.030 0.038 0.041 
 89 OmyJC19ROGR    (0)    2 :  0.457 0.071 0.081 0.173 0.219 
 90 OmyJC19ROGR    (0)    2 :  0.021 0.918 0.017 0.016 0.028 
 91 OmyJC19ROGR    (1)    2 :  0.227 0.015 0.372 0.145 0.241 
 92 OmyJC19ROGR    (0)    2 :  0.138 0.052 0.641 0.077 0.091 
 93 OmyJC19ROGR    (0)    2 :  0.070 0.019 0.790 0.063 0.058 
 94 OmyJC19ROGR    (0)    2 :  0.346 0.142 0.033 0.341 0.138 
 95 OmyJC19ROGR    (0)    2 :  0.457 0.115 0.027 0.308 0.093 
 96 OmyJC19ROGR    (0)    2 :  0.210 0.081 0.068 0.129 0.512 
 97 OmyJC19ROGR    (0)    2 :  0.045 0.136 0.749 0.045 0.024 
 98 OmyJC19ROGR    (0)    2 :  0.279 0.037 0.122 0.342 0.220 
 99 OmyJC19ROGR    (0)    2 :  0.104 0.080 0.527 0.119 0.171 
100 OmyJC19ROGR    (1)    2 :  0.540 0.042 0.073 0.160 0.185 
101 OmyJC19ROGR    (0)    2 :  0.154 0.505 0.160 0.091 0.091 
102 OmyJC19ROGR    (0)    2 :  0.303 0.088 0.059 0.160 0.390 
103 OmyJC19ROGR    (0)    2 :  0.378 0.153 0.145 0.167 0.157 
104 OmyJC19ROGR    (0)    2 :  0.322 0.029 0.441 0.114 0.094 
105 OmyJC19ROGR    (0)    2 :  0.039 0.135 0.509 0.260 0.057 
106 OmyJC19ROGR    (0)    2 :  0.017 0.924 0.032 0.014 0.013 
107 OmyJC19ROGR    (1)    2 :  0.112 0.113 0.148 0.154 0.474 
108 OmyJC19ROGR    (0)    2 :  0.214 0.064 0.267 0.205 0.250 
109 OmyJC19ROGR    (0)    2 :  0.170 0.161 0.029 0.173 0.467 
110 OmyJC19ROGR    (0)    2 :  0.065 0.281 0.518 0.079 0.056 
111 OmyJC19ROGR    (1)    2 :  0.155 0.082 0.508 0.090 0.165 
112 OmyJC19ROGR    (2)    2 :  0.218 0.119 0.069 0.360 0.234 
113 OmyJC19ROGR    (0)    2 :  0.116 0.627 0.045 0.076 0.136 
114 OmyJC19ROGR    (3)    2 :  0.581 0.039 0.065 0.120 0.196 
115 OmyJC19ROGR    (1)    2 :  0.101 0.044 0.296 0.533 0.027 
116 OmyJC19ROGR    (0)    2 :  0.558 0.081 0.067 0.145 0.148 
117 OmyJC19ROGR    (0)    2 :  0.396 0.144 0.059 0.231 0.170 
118 OmyJC19ROGR    (0)    2 :  0.467 0.031 0.147 0.206 0.149 
119 OmyJC19ROGR    (2)    2 :  0.166 0.045 0.053 0.214 0.521 
120 OmyJC19ROGR    (0)    2 :  0.058 0.016 0.835 0.050 0.042 
121 OmyJC19ROGR    (0)    2 :  0.344 0.039 0.040 0.286 0.291 
122 OmyJC19ROGR    (0)    2 :  0.300 0.067 0.171 0.212 0.251 
123 OmyJC19ROGR    (0)    2 :  0.187 0.020 0.175 0.199 0.418 
124 OmyJC19ROGR    (0)    2 :  0.120 0.124 0.056 0.615 0.084 
125 OmyJC19ROGR    (0)    2 :  0.240 0.117 0.410 0.174 0.059 
126 OmyJC19ROGR    (1)    2 :  0.069 0.701 0.041 0.126 0.063 
127 OmyJC19ROGR    (0)    2 :  0.080 0.039 0.057 0.066 0.760 
128 OmyJC19ROGR    (1)    2 :  0.149 0.045 0.584 0.065 0.157 
129 OmyJC19ROGR    (0)    2 :  0.370 0.290 0.153 0.087 0.101 
130 OmyJC19ROGR    (2)    2 :  0.179 0.057 0.029 0.687 0.049 
131 OmyJC19ROGR    (0)    2 :  0.400 0.075 0.154 0.271 0.100 
132 OmyJC19ROGR    (1)    2 :  0.136 0.041 0.487 0.165 0.172 
133 OmyJC19ROGR    (0)    2 :  0.469 0.025 0.093 0.236 0.177 
134 OmyJC19ROGR    (0)    2 :  0.269 0.074 0.096 0.114 0.446 
135 OmyJC19ROGR    (1)    2 :  0.030 0.027 0.873 0.040 0.029 
136 OmyJC19ROGR    (3)    2 :  0.398 0.040 0.137 0.238 0.187 
137 OmyJC19ROGR    (0)    2 :  0.067 0.175 0.051 0.263 0.444 
138 OmyJC19ROGR    (0)    2 :  0.095 0.734 0.031 0.079 0.061 
139 OmyJC19ROGR    (2)    2 :  0.546 0.024 0.061 0.191 0.178 
140 OmyJC19ROGR    (2)    2 :  0.374 0.092 0.063 0.166 0.305 
141 OmyJC19ROGR    (0)    2 :  0.247 0.295 0.135 0.095 0.228 
142 OmyJC19ROGR    (0)    2 :  0.191 0.306 0.191 0.137 0.175 
143 OmyJC19ROGR    (0)    2 :  0.084 0.042 0.661 0.170 0.043 
144 OmyJC19ROGR    (0)    2 :  0.561 0.015 0.047 0.123 0.253 
145 OmyJC19ROGR    (0)    2 :  0.152 0.031 0.036 0.573 0.209 
146 OmyJC19ROGR    (1)    2 :  0.186 0.075 0.599 0.065 0.075 
147 OmyJC19ROGR    (0)    2 :  0.154 0.058 0.134 0.155 0.498 
148 OmyJC19ROGR    (0)    2 :  0.131 0.023 0.176 0.305 0.366 
149 OmyJC19ROGR    (1)    2 :  0.204 0.065 0.456 0.107 0.168 
150 OmyJC19ROGR    (1)    2 :  0.194 0.053 0.458 0.086 0.210 
151 OmyJC19ROGR    (0)    2 :  0.480 0.095 0.122 0.073 0.230 
152 OmyJC19ROGR    (0)    2 :  0.074 0.042 0.116 0.509 0.259 
153 OmyJC19ROGR    (0)    2 :  0.040 0.034 0.847 0.037 0.042 
154 OmyJC19ROGR    (1)    2 :  0.264 0.052 0.045 0.332 0.307 
155 OmyJC19ROGR    (0)    2 :  0.248 0.085 0.245 0.244 0.178 
156 OmyJC19ROGR    (1)    2 :  0.142 0.110 0.236 0.193 0.320 
157 OmyJC19ROGR    (0)    2 :  0.211 0.067 0.261 0.335 0.125 
158 OmyJC19ROGR    (0)    2 :  0.389 0.019 0.139 0.210 0.242 
159 OmyJC19ROGR    (0)    2 :  0.197 0.040 0.036 0.404 0.323 
160 OmyJC19ROGR    (0)    2 :  0.116 0.053 0.241 0.224 0.367 
161 OmyJC19ROGR    (0)    2 :  0.169 0.028 0.291 0.319 0.193 
162 OmyJC19ROGR    (0)    2 :  0.144 0.055 0.136 0.242 0.423 
163 OmyJC19ROGR    (0)    2 :  0.078 0.041 0.595 0.114 0.174 
164 OmyJC19ROGR    (0)    2 :  0.331 0.024 0.081 0.292 0.272 
165 OmyJC19ROGR    (0)    2 :  0.283 0.026 0.165 0.289 0.238 
166 OmyJC19ROGR    (0)    2 :  0.209 0.049 0.068 0.473 0.201 
167 OmyJC19ROGR    (1)    2 :  0.220 0.084 0.338 0.143 0.216 
168 OmyJC19ROGR    (0)    2 :  0.613 0.055 0.080 0.115 0.137 
169 OmyJC19ROGR    (0)    2 :  0.020 0.911 0.016 0.026 0.028 
170 OmyJC19ROGR    (0)    2 :  0.073 0.063 0.694 0.101 0.069 
171 OmyJC19ROGR    (0)    2 :  0.307 0.029 0.090 0.354 0.219 
172 OmyJC19ROGR    (0)    2 :  0.154 0.306 0.356 0.060 0.125 
173 OmyJC19ROGR    (0)    2 :  0.022 0.881 0.024 0.038 0.034 
174 OmyJC19ROGR    (0)    2 :  0.182 0.033 0.135 0.566 0.084 
175 OmyJC19ROGR    (0)    2 :  0.473 0.030 0.050 0.329 0.118 
176 OmyJC19ROGR    (0)    2 :  0.169 0.074 0.548 0.062 0.146 
177 OmyJC19ROGR    (0)    2 :  0.046 0.017 0.788 0.114 0.036 
178 OmyJC19ROGR    (0)    2 :  0.097 0.045 0.025 0.381 0.452 
179 OmyJC19ROGR    (0)    2 :  0.178 0.022 0.418 0.186 0.197 
180 OmyJC19ROGR    (0)    2 :  0.034 0.865 0.038 0.030 0.033 
181 OmyJC19ROGR    (0)    2 :  0.181 0.047 0.074 0.464 0.233 
182 OmyJC19ROGR    (0)    2 :  0.467 0.123 0.077 0.108 0.226 
183 OmyJC19ROGR    (0)    2 :  0.186 0.031 0.078 0.342 0.363 
184 OmyJC19ROGR    (0)    2 :  0.144 0.602 0.112 0.041 0.101 
185 OmyJC19ROGR    (1)    2 :  0.873 0.011 0.045 0.028 0.044 
186 OmyJC19ROGR    (0)    2 :  0.203 0.096 0.526 0.119 0.056 
187 OmyJC19ROGR    (0)    2 :  0.060 0.022 0.050 0.823 0.045 
188 OmyJC19ROGR    (0)    2 :  0.333 0.034 0.122 0.378 0.132 
189 OmyJC19ROGR    (0)    2 :  0.242 0.172 0.278 0.136 0.172 
190 OmyJC19ROGR    (0)    2 :  0.101 0.043 0.725 0.062 0.068 
191 OmyJC19ROGR    (0)    2 :  0.102 0.038 0.428 0.367 0.065 
192 OmyJC19ROGR    (0)    2 :  0.185 0.031 0.028 0.095 0.660 
193 OmyJC19ROGR    (1)    2 :  0.181 0.098 0.127 0.339 0.255 
194 OmyJC19ROGR    (0)    2 :  0.098 0.018 0.052 0.070 0.762 
195 OmyJC19ROGR    (0)    2 :  0.064 0.806 0.021 0.053 0.055 
196 OmyJC19ROGR    (0)    2 :  0.099 0.036 0.028 0.785 0.051 
197 OmyJC19ROGR    (0)    2 :  0.178 0.054 0.410 0.149 0.209 
198 OmyJC19ROGR    (0)    2 :  0.064 0.738 0.063 0.047 0.088 
199 OmyJC19ROGR    (0)    2 :  0.565 0.022 0.086 0.136 0.192 
200 OmyJC19ROGR    (0)    2 :  0.124 0.074 0.659 0.088 0.054 
201 OmyJC19ROGR    (0)    2 :  0.170 0.022 0.084 0.433 0.290 
202 OmyJC19ROGR    (0)    2 :  0.041 0.016 0.834 0.047 0.062 
203 OmyJC19ROGR    (0)    2 :  0.132 0.046 0.143 0.447 0.233 
204 OmyJC19ROGR    (0)    2 :  0.168 0.042 0.174 0.333 0.283 
205 OmyJC19ROGR    (0)    2 :  0.154 0.123 0.069 0.570 0.084 
206 OmyJC19ROGR    (0)    2 :  0.048 0.856 0.032 0.030 0.033 
207 OmyJC19ROGR    (0)    2 :  0.132 0.258 0.100 0.338 0.172 
208 OmyJC19ROGR    (0)    2 :  0.210 0.034 0.053 0.241 0.463 
209 OmyJC19ROGR    (0)    2 :  0.200 0.482 0.185 0.068 0.065 
210 OmyJC19ROGR    (0)    2 :  0.025 0.874 0.023 0.048 0.031 
211 OmyJC19ROGR    (0)    2 :  0.459 0.135 0.072 0.112 0.221 
212 OmyJC19ROGR    (1)    2 :  0.090 0.169 0.424 0.132 0.184 
213 OmyJC19ROGR    (1)    2 :  0.276 0.037 0.097 0.431 0.159 
214 OmyJC19ROGR    (0)    2 :  0.072 0.039 0.049 0.670 0.171 
215 OmyJC19ROGR    (0)    2 :  0.143 0.023 0.069 0.068 0.698 
216 OmyJC19ROGR    (0)    2 :  0.050 0.800 0.030 0.064 0.057 
217 OmyJC19ROGR    (0)    2 :  0.128 0.376 0.064 0.186 0.246 
218 OmyJC19ROGR    (0)    2 :  0.104 0.028 0.464 0.315 0.089 
219 OmyJC19ROGR    (0)    2 :  0.218 0.098 0.037 0.126 0.521 
220 OmyJC19ROGR    (0)    2 :  0.281 0.014 0.144 0.229 0.332 
221 OmyJC19ROGR    (0)    2 :  0.183 0.203 0.064 0.461 0.089 
222 OmyJC19ROGR    (0)    2 :  0.208 0.039 0.346 0.252 0.154 
223 OmyJC19ROGR    (0)    2 :  0.113 0.052 0.078 0.423 0.334 
224 OmyJC19ROGR    (0)    2 :  0.187 0.027 0.065 0.205 0.516 
225 OmyJC19ROGR    (0)    2 :  0.019 0.915 0.021 0.019 0.026 
226 OmyJC19ROGR    (0)    2 :  0.461 0.175 0.042 0.166 0.156 
227 OmyJC19ROGR    (1)    2 :  0.027 0.877 0.037 0.033 0.025 
228 OmyJC19ROGR    (0)    2 :  0.189 0.039 0.037 0.451 0.285 
229 OmyJC19ROGR    (1)    2 :  0.296 0.036 0.185 0.366 0.116 
230 OmyJC19ROGR    (0)    2 :  0.135 0.167 0.147 0.442 0.109 
231 OmyJC19ROGR    (0)    2 :  0.246 0.075 0.060 0.386 0.233 
232 OmyJC19ROGR    (1)    2 :  0.447 0.048 0.141 0.170 0.194 
233 OmyJC19ROGR    (0)    2 :  0.149 0.138 0.097 0.335 0.281 
234 OmyJC19ROGR    (0)    2 :  0.021 0.908 0.032 0.016 0.024 
235 OmyJC19ROGR    (0)    2 :  0.091 0.613 0.109 0.044 0.143 
236 OmyJC19ROGR    (1)    2 :  0.088 0.027 0.178 0.129 0.577 
237 OmyJC19ROGR    (0)    2 :  0.202 0.060 0.170 0.221 0.348 
238 OmyJC19ROGR    (0)    2 :  0.121 0.090 0.052 0.354 0.384 
239 OmyJC19ROGR    (0)    2 :  0.343 0.075 0.077 0.054 0.450 
240 OmyJC19ROGR    (0)    2 :  0.309 0.059 0.115 0.387 0.130 
241 OmyJC19ROGR    (0)    2 :  0.229 0.085 0.419 0.131 0.136 
242 OmyJC19ROGR    (0)    2 :  0.157 0.017 0.131 0.045 0.650 
243 OmyJC19ROGR    (0)    2 :  0.232 0.047 0.320 0.221 0.179 
244 OmyJC19ROGR    (0)    2 :  0.117 0.084 0.393 0.295 0.111 
245 OmyJC19ROGR    (0)    2 :  0.032 0.907 0.018 0.020 0.023 
246 OmyJC19ROGR    (0)    2 :  0.093 0.184 0.502 0.131 0.089 
247 OmyJC19ROGR    (0)    2 :  0.069 0.597 0.149 0.106 0.079 
248 OmyJC19ROGR    (0)    2 :  0.259 0.519 0.056 0.067 0.099 
249 OmyJC19ROGR    (0)    2 :  0.151 0.067 0.047 0.606 0.128 
250 OmyJC19ROGR    (0)    2 :  0.277 0.077 0.110 0.205 0.331 
251 OmyJC19ROGR    (0)    2 :  0.188 0.045 0.079 0.540 0.148 
252 OmyJC19ROGR    (0)    2 :  0.062 0.032 0.795 0.067 0.044 
253 OmyJC19ROGR    (0)    2 :  0.495 0.088 0.067 0.093 0.256 
254 OmyJC19ROGR    (0)    2 :  0.148 0.055 0.416 0.278 0.102 
255 OmyJC19ROGR    (0)    2 :  0.141 0.031 0.472 0.289 0.067 
256 OmyJC19ROGR    (0)    2 :  0.084 0.318 0.281 0.225 0.092 
257 OmyJC19ROGR    (0)    2 :  0.133 0.078 0.051 0.678 0.059 
258 OmyAC19ROGR    (0)    1 :  0.238 0.178 0.139 0.134 0.312 
259 OmyAC19ROGR    (1)    1 :  0.212 0.370 0.077 0.106 0.235 
260 OmyAC19ROGR    (0)    1 :  0.173 0.021 0.068 0.110 0.628 
261 OmyAC19ROGR    (0)    1 :  0.563 0.048 0.041 0.234 0.114 
262 OmyAC19ROGR    (0)    1 :  0.445 0.097 0.123 0.199 0.135 
263 OmyAC19ROGR    (0)    1 :  0.085 0.060 0.480 0.235 0.139 
264 OmyAC19ROGR    (0)    1 :  0.211 0.051 0.089 0.464 0.186 
265 OmyAC19ROGR    (0)    1 :  0.189 0.043 0.231 0.395 0.141 
266 OmyAC19ROGR    (0)    1 :  0.136 0.019 0.040 0.732 0.073 
267 OmyAC19ROGR    (0)    1 :  0.383 0.143 0.097 0.220 0.158 
268 OmyAC19ROGR    (1)    1 :  0.221 0.175 0.364 0.116 0.123 
269 OmyAC19ROGR    (1)    1 :  0.403 0.133 0.047 0.114 0.303 
270 OmyAC19ROGR    (0)    1 :  0.148 0.028 0.372 0.397 0.055 
271 OmyAC19ROGR    (0)    1 :  0.300 0.241 0.076 0.087 0.295 
272 OmyAC19ROGR    (0)    1 :  0.154 0.142 0.041 0.498 0.165 
273 OmyAC19ROGR    (0)    1 :  0.366 0.034 0.129 0.148 0.323 
274 OmyAC19ROGR    (0)    1 :  0.099 0.743 0.037 0.075 0.046 
275 OmyAC19ROGR    (0)    1 :  0.202 0.095 0.291 0.106 0.305 
276 OmyAC19ROGR    (0)    1 :  0.307 0.067 0.095 0.159 0.372 
277 OmyAC19ROGR    (0)    1 :  0.323 0.068 0.037 0.153 0.419 
278 OmyAC19ROGR    (0)    1 :  0.154 0.350 0.047 0.260 0.189 
279 OmyAC19ROGR    (0)    1 :  0.144 0.175 0.048 0.092 0.540 
280 OmyAC19ROGR    (0)    1 :  0.291 0.109 0.260 0.272 0.068 
281 OmyAC19ROGR    (0)    1 :  0.489 0.050 0.071 0.114 0.276 
282 OmyAC19ROGR    (0)    1 :  0.374 0.171 0.109 0.228 0.118 
283 OmyAC19ROGR    (0)    1 :  0.259 0.048 0.077 0.324 0.292 
284 OmyAC19ROGR    (0)    1 :  0.130 0.027 0.148 0.520 0.175 
285 OmyAC19ROGR    (0)    1 :  0.161 0.052 0.281 0.240 0.265 
286 OmyAC19ROGR    (0)    1 :  0.235 0.022 0.241 0.271 0.230 
287 OmyAC19ROGR    (0)    1 :  0.015 0.948 0.012 0.014 0.012 
288 OmyAC19ROGR    (0)    1 :  0.056 0.769 0.046 0.047 0.081 
289 OmyAC19ROGR    (0)    1 :  0.235 0.130 0.076 0.123 0.436 
290 OmyAC19ROGR    (1)    1 :  0.021 0.925 0.018 0.019 0.016 
291 OmyAC19ROGR    (0)    1 :  0.126 0.427 0.156 0.154 0.137 
292 OmyAC19ROGR    (1)    1 :  0.362 0.176 0.069 0.169 0.223 
293 OmyAC19ROGR    (0)    1 :  0.120 0.027 0.632 0.091 0.129 
294 OmyAC19ROGR    (0)    1 :  0.142 0.361 0.056 0.168 0.273 
295 OmyAC19ROGR    (0)    1 :  0.252 0.027 0.146 0.295 0.281 
296 OmyAC19ROGR    (0)    1 :  0.242 0.046 0.156 0.137 0.419 
297 OmyAC19ROGR    (0)    1 :  0.092 0.759 0.028 0.070 0.051 
298 OmyAC19ROGR    (0)    1 :  0.091 0.025 0.058 0.225 0.600 
299 OmyAC19ROGR    (0)    1 :  0.131 0.235 0.258 0.119 0.257 
300 OmyAC19ROGR    (0)    1 :  0.379 0.032 0.089 0.166 0.334 
301 OmyAC19ROGR    (0)    1 :  0.031 0.886 0.019 0.035 0.029 
302 OmyAC19ROGR    (0)    1 :  0.105 0.466 0.052 0.131 0.246 
303 OmyAC19ROGR    (0)    1 :  0.421 0.108 0.045 0.137 0.290 
304 OmyAC19ROGR    (0)    1 :  0.129 0.137 0.078 0.076 0.580 
305 OmyAC19ROGR    (0)    1 :  0.227 0.027 0.081 0.140 0.525 
306 OmyAC19ROGR    (0)    1 :  0.094 0.671 0.021 0.161 0.053 
307 OmyAC19ROGR    (1)    1 :  0.290 0.026 0.237 0.301 0.146 
308 OmyAC19ROGR    (0)    1 :  0.236 0.085 0.045 0.450 0.184 
309 OmyAC19ROGR    (1)    1 :  0.033 0.874 0.033 0.028 0.032 
310 OmyAC19ROGR    (0)    1 :  0.252 0.381 0.070 0.179 0.119 
311 OmyAC19ROGR    (0)    1 :  0.117 0.466 0.038 0.095 0.285 
312 OmyAC19ROGR    (0)    1 :  0.154 0.037 0.487 0.147 0.175 
313 OmyAC19ROGR    (0)    1 :  0.188 0.020 0.088 0.358 0.345 
314 OmyAC19ROGR    (0)    1 :  0.104 0.041 0.645 0.089 0.122 
315 OmyAC19ROGR    (0)    1 :  0.223 0.059 0.100 0.364 0.254 
316 OmyAC19ROGR    (0)    1 :  0.266 0.033 0.072 0.473 0.156 
317 OmyAC19ROGR    (0)    1 :  0.370 0.034 0.365 0.046 0.185 
318 OmyAC19ROGR    (0)    1 :  0.244 0.026 0.420 0.206 0.104 
319 OmyAC19ROGR    (1)    1 :  0.232 0.021 0.096 0.233 0.418 
320 OmyAC19ROGR    (0)    1 :  0.058 0.016 0.063 0.632 0.231 
321 OmyAC19ROGR    (0)    1 :  0.261 0.030 0.072 0.320 0.317 
322 OmyAC19ROGR    (0)    1 :  0.276 0.452 0.063 0.113 0.095 
323 OmyAC19ROGR    (0)    1 :  0.174 0.030 0.034 0.404 0.358 
324 OmyAC19ROGR    (0)    1 :  0.085 0.027 0.104 0.715 0.068 
325 OmyAC19ROGR    (0)    1 :  0.398 0.292 0.042 0.170 0.097 
326 OmyAC19ROGR    (0)    1 :  0.216 0.055 0.041 0.530 0.157 
327 OmyAC19ROGR    (0)    1 :  0.050 0.033 0.107 0.604 0.205 
328 OmyAC20ROGR    (1)    1 :  0.164 0.033 0.172 0.161 0.470 
329 OmyAC20ROGR    (0)    1 :  0.145 0.076 0.299 0.123 0.358 
330 OmyAC20ROGR    (0)    1 :  0.334 0.066 0.174 0.283 0.143 
331 OmyAC20ROGR    (0)    1 :  0.111 0.291 0.127 0.339 0.132 
332 OmyAC20ROGR    (0)    1 :  0.236 0.230 0.204 0.228 0.103 
333 OmyAC20ROGR    (0)    1 :  0.071 0.302 0.332 0.231 0.064 
334 OmyAC20ROGR    (0)    1 :  0.366 0.026 0.426 0.064 0.118 
335 OmyAC20ROGR    (0)    1 :  0.228 0.046 0.196 0.317 0.214 
336 OmyAC20ROGR    (0)    1 :  0.411 0.117 0.071 0.135 0.266 
337 OmyAC20ROGR    (0)    1 :  0.147 0.451 0.071 0.122 0.209 
338 OmyAC20ROGR    (0)    1 :  0.268 0.138 0.289 0.172 0.134 
339 OmyAC20ROGR    (0)    1 :  0.249 0.100 0.096 0.287 0.268 
340 OmyAC20ROGR    (0)    1 :  0.073 0.055 0.742 0.081 0.049 
341 OmyAC20ROGR    (0)    1 :  0.083 0.079 0.677 0.096 0.065 
342 OmyAC20ROGR    (0)    1 :  0.136 0.170 0.307 0.188 0.199 
343 OmyAC20ROGR    (0)    1 :  0.277 0.051 0.262 0.326 0.084 
344 OmyAC20ROGR    (0)    1 :  0.138 0.164 0.321 0.292 0.085 
345 OmyAC20ROGR    (1)    1 :  0.457 0.133 0.037 0.258 0.114 
346 OmyAC20ROGR    (0)    1 :  0.165 0.211 0.124 0.414 0.086 
347 OmyAC20ROGR    (0)    1 :  0.313 0.238 0.082 0.231 0.137 
348 OmyAC20ROGR    (0)    1 :  0.057 0.222 0.563 0.101 0.056 
349 OmyAC20ROGR    (0)    1 :  0.259 0.060 0.335 0.258 0.087 
350 OmyAC20ROGR    (0)    1 :  0.206 0.075 0.060 0.130 0.529 
351 OmyAC20ROGR    (0)    1 :  0.201 0.118 0.267 0.290 0.125 
352 OmyAC20ROGR    (0)    1 :  0.184 0.048 0.108 0.196 0.465 
353 OmyAC20ROGR    (0)    1 :  0.148 0.024 0.097 0.579 0.152 
354 OmyAC20ROGR    (0)    1 :  0.313 0.240 0.286 0.067 0.094 
355 OmyAC20ROGR    (0)    1 :  0.422 0.069 0.305 0.066 0.137 
356 OmyAC20ROGR    (0)    1 :  0.243 0.039 0.161 0.167 0.390 
357 OmyAC20ROGR    (0)    1 :  0.173 0.096 0.056 0.333 0.342 
358 OmyAC20ROGR    (0)    1 :  0.148 0.035 0.104 0.384 0.329 
359 OmyAC20ROGR    (0)    1 :  0.081 0.200 0.023 0.047 0.648 
360 OmyAC20ROGR    (0)    1 :  0.228 0.208 0.122 0.283 0.159 
361 OmyAC20ROGR    (0)    1 :  0.085 0.046 0.046 0.506 0.316 
362 OmyAC20ROGR    (0)    1 :  0.335 0.040 0.043 0.235 0.347 
363 OmyAC20ROGR    (0)    1 :  0.157 0.127 0.342 0.247 0.128 
364 OmyAC20ROGR    (1)    1 :  0.154 0.028 0.435 0.091 0.291 
365 OmyAC20ROGR    (0)    1 :  0.153 0.020 0.076 0.561 0.190 
366 OmyAC20ROGR    (0)    1 :  0.223 0.028 0.216 0.457 0.076 
367 OmyAC20ROGR    (0)    1 :  0.233 0.104 0.073 0.483 0.108 
368 OmyAC20ROGR    (1)    1 :  0.243 0.095 0.057 0.097 0.508 
369 OmyAC20ROGR    (0)    1 :  0.231 0.317 0.214 0.108 0.130 
370 OmyAC20ROGR    (0)    1 :  0.072 0.733 0.052 0.079 0.064 
371 OmyAC20ROGR    (0)    1 :  0.047 0.808 0.036 0.041 0.068 
372 OmyAC20ROGR    (2)    1 :  0.021 0.915 0.015 0.028 0.021 
373 OmyAC20ROGR    (0)    1 :  0.134 0.470 0.041 0.259 0.097 
374 OmyAC20ROGR    (0)    1 :  0.259 0.028 0.161 0.296 0.256 
375 OmyAC20ROGR    (0)    1 :  0.160 0.076 0.069 0.484 0.211 
376 OmyAC20ROGR    (0)    1 :  0.257 0.505 0.054 0.078 0.106 
377 OmyAC20ROGR    (0)    1 :  0.198 0.020 0.353 0.328 0.100 
378 OmyAC20ROGR    (0)    1 :  0.402 0.022 0.187 0.110 0.279 
379 OmyAC20ROGR    (0)    1 :  0.174 0.421 0.143 0.146 0.116 
380 OmyAC20ROGR    (1)    1 :  0.232 0.023 0.054 0.615 0.076 
381 OmyAC20ROGR    (0)    1 :  0.220 0.106 0.056 0.365 0.252 
382 OmyAC20ROGR    (0)    1 :  0.037 0.863 0.017 0.047 0.036 
383 OmyAC20ROGR    (0)    1 :  0.433 0.119 0.022 0.337 0.089 
384 OmyAC20ROGR    (0)    1 :  0.294 0.335 0.140 0.107 0.124 
385 OmyAC20ROGR    (0)    1 :  0.170 0.234 0.030 0.192 0.374 
386 OmyAC20ROGR    (0)    1 :  0.201 0.134 0.070 0.504 0.091 
387 OmyAC20ROGR    (0)    1 :  0.077 0.338 0.036 0.369 0.181 
388 OmyAC20ROGR    (0)    1 :  0.126 0.280 0.292 0.168 0.133 
389 OmyAC20ROGR    (0)    1 :  0.093 0.025 0.042 0.259 0.581 
390 OmyAC20ROGR    (0)    1 :  0.296 0.023 0.114 0.252 0.315 
391 OmyAC20ROGR    (0)    1 :  0.115 0.446 0.221 0.115 0.102 
392 OmyAC20ROGR    (0)    1 :  0.204 0.282 0.165 0.182 0.167 
393 OmyAC20ROGR    (0)    1 :  0.157 0.066 0.157 0.499 0.121 
394 OmyAC20ROGR    (1)    1 :  0.175 0.068 0.045 0.080 0.632 
395 OmyAC20ROGR    (0)    1 :  0.437 0.063 0.216 0.160 0.124 
396 OmyAC20ROGR    (0)    1 :  0.141 0.041 0.074 0.259 0.484 
397 OmyAC20ROGR    (0)    1 :  0.200 0.281 0.040 0.257 0.222 
398 OmyAC20ROGR    (0)    1 :  0.071 0.698 0.105 0.061 0.065 
399 OmyAC20ROGR    (0)    1 :  0.235 0.199 0.122 0.263 0.182 
400 OmyAC20ROGR    (0)    1 :  0.319 0.126 0.104 0.269 0.182 
401 OmyAC20ROGR    (1)    1 :  0.040 0.853 0.046 0.022 0.039 
402 OmyAC20ROGR    (0)    1 :  0.216 0.028 0.518 0.134 0.104 
403 OmyAC20ROGR    (0)    1 :  0.306 0.144 0.265 0.088 0.198 
404 OmyAC20ROGR    (0)    1 :  0.361 0.025 0.227 0.202 0.185 
405 OmyAC20ROGR    (0)    1 :  0.157 0.315 0.034 0.391 0.102 
406 OmyAC20ROGR    (0)    1 :  0.365 0.074 0.209 0.141 0.212 
407 OmyAC20ROGR    (0)    1 :  0.162 0.057 0.033 0.494 0.254 
408 OmyAC20ROGR    (0)    1 :  0.332 0.073 0.232 0.225 0.139 
409 OmyAC20ROGR    (0)    1 :  0.129 0.062 0.027 0.520 0.262 
410 OmyAC20ROGR    (0)    1 :  0.028 0.894 0.015 0.024 0.040 
411 OmyAC20ROGR    (0)    1 :  0.111 0.597 0.046 0.072 0.174 
412 OmyAC20ROGR    (0)    1 :  0.110 0.119 0.389 0.206 0.175 
413 OmyAC20ROGR    (0)    1 :  0.120 0.050 0.034 0.362 0.433 
414 OmyAC20ROGR    (0)    1 :  0.172 0.352 0.260 0.077 0.139 
415 OmyAC20ROGR    (0)    1 :  0.395 0.027 0.174 0.209 0.195 
416 OmyAC20ROGR    (0)    1 :  0.262 0.080 0.197 0.300 0.161 
417 OmyAC20ROGR    (0)    1 :  0.090 0.022 0.148 0.367 0.371 
418 OmyAC20ROGR    (0)    1 :  0.234 0.143 0.080 0.294 0.248 
419 OmyAC20ROGR    (0)    1 :  0.135 0.417 0.041 0.194 0.213 
420 OmyAC20ROGR    (0)    1 :  0.223 0.031 0.225 0.194 0.328 
421 OmyAC20ROGR    (0)    1 :  0.239 0.112 0.217 0.243 0.189 
422 OmyAC20ROGR    (0)    1 :  0.032 0.889 0.025 0.026 0.028 
423 OmyAC20ROGR    (0)    1 :  0.080 0.031 0.026 0.748 0.114 
424 OmyAC20ROGR    (0)    1 :  0.447 0.025 0.051 0.125 0.352 
425 OmyAC20ROGR    (0)    1 :  0.028 0.845 0.087 0.021 0.019 
426 OmyAC20ROGR    (0)    1 :  0.397 0.094 0.057 0.257 0.194 
427 OmyAC20ROGR    (0)    1 :  0.187 0.182 0.073 0.371 0.186 
428 OmyAC20ROGR    (0)    1 :  0.025 0.908 0.022 0.026 0.019 
429 OmyAC20ROGR    (0)    1 :  0.123 0.025 0.063 0.222 0.567 
430 OmyAC20ROGR    (0)    1 :  0.329 0.089 0.030 0.194 0.358 
431 OmyAC20ROGR    (0)    1 :  0.177 0.487 0.103 0.124 0.109 
432 OmyAC20ROGR    (0)    1 :  0.054 0.844 0.038 0.033 0.031 
433 OmyAC20ROGR    (0)    1 :  0.023 0.887 0.037 0.019 0.033 
434 OmyAC20ROGR    (0)    1 :  0.359 0.191 0.022 0.095 0.334 
435 OmyAC20ROGR    (0)    1 :  0.488 0.019 0.108 0.330 0.054 
436 OmyAC20ROGR    (0)    1 :  0.115 0.035 0.022 0.725 0.102 
437 OmyAC20ROGR    (0)    1 :  0.068 0.649 0.051 0.101 0.131 
438 OmyAC20ROGR    (0)    1 :  0.392 0.281 0.051 0.059 0.217 
439 OmyAC20ROGR    (0)    1 :  0.338 0.054 0.064 0.253 0.290 
440 OmyAC20ROGR    (0)    1 :  0.054 0.760 0.046 0.085 0.055 
441 OmyAC20ROGR    (0)    1 :  0.231 0.024 0.109 0.245 0.392 
442 OmyAC20ROGR    (0)    1 :  0.376 0.051 0.066 0.210 0.297 
443 OmyAC20ROGR    (0)    1 :  0.349 0.017 0.449 0.038 0.147 
444 OmyAC20ROGR    (0)    1 :  0.139 0.103 0.048 0.495 0.215 
445 OmyAC20ROGR    (0)    1 :  0.251 0.092 0.044 0.176 0.437 
446 OmyJC18ROGR    (0)    2 :  0.095 0.053 0.529 0.212 0.112 
447 OmyJC18ROGR    (0)    2 :  0.306 0.052 0.067 0.351 0.224 
448 OmyJC18ROGR    (0)    2 :  0.184 0.061 0.034 0.628 0.093 
449 OmyJC18ROGR    (0)    2 :  0.074 0.658 0.064 0.082 0.122 
450 OmyJC18ROGR    (0)    2 :  0.091 0.682 0.060 0.075 0.092 
451 OmyJC18ROGR    (0)    2 :  0.053 0.853 0.024 0.032 0.039 
452 OmyJC18ROGR    (0)    2 :  0.174 0.261 0.237 0.246 0.082 
453 OmyJC18ROGR    (0)    2 :  0.190 0.031 0.551 0.085 0.143 
454 OmyJC18ROGR    (0)    2 :  0.048 0.866 0.025 0.031 0.031 
455 OmyJC18ROGR    (0)    2 :  0.195 0.029 0.039 0.159 0.578 
456 OmyJC18ROGR    (0)    2 :  0.041 0.859 0.017 0.034 0.048 
457 OmyJC18ROGR    (0)    2 :  0.460 0.050 0.038 0.277 0.175 
458 OmyJC18ROGR    (0)    2 :  0.102 0.153 0.478 0.120 0.147 
459 OmyJC18ROGR    (0)    2 :  0.180 0.019 0.259 0.191 0.350 
460 OmyJC18ROGR    (2)    2 :  0.181 0.409 0.081 0.081 0.248 
461 OmyJC18ROGR    (1)    2 :  0.244 0.300 0.175 0.140 0.141 
462 OmyJC18ROGR    (3)    2 :  0.267 0.370 0.099 0.080 0.185 
463 OmyJC18ROGR    (1)    2 :  0.074 0.688 0.069 0.087 0.082 
464 OmyJC18ROGR    (3)    2 :  0.144 0.024 0.027 0.748 0.057 
465 OmyJC18ROGR    (3)    2 :  0.182 0.038 0.047 0.189 0.544 
466 OmyJC18ROGR    (0)    2 :  0.546 0.141 0.059 0.117 0.136 
467 OmyJC18ROGR    (1)    2 :  0.315 0.041 0.073 0.211 0.360 
468 OmyJC18ROGR    (0)    2 :  0.120 0.044 0.035 0.146 0.655 
469 OmyJC18ROGR    (0)    2 :  0.080 0.766 0.032 0.039 0.083 
470 OmyJC18ROGR    (3)    2 :  0.074 0.521 0.058 0.145 0.202 
471 OmyJC18ROGR    (1)    2 :  0.196 0.287 0.159 0.215 0.143 
472 OmyJC18ROGR    (1)    2 :  0.428 0.071 0.052 0.326 0.123 
473 OmyJC18ROGR    (2)    2 :  0.291 0.031 0.073 0.508 0.098 
474 OmyJC18ROGR    (0)    2 :  0.122 0.041 0.550 0.176 0.110 
475 OmyJC18ROGR    (1)    2 :  0.051 0.650 0.217 0.041 0.041 
476 OmyJC18ROGR    (2)    2 :  0.215 0.020 0.326 0.232 0.208 
477 OmyJC18ROGR    (3)    2 :  0.346 0.091 0.069 0.075 0.419 
478 OmyJC18ROGR    (0)    2 :  0.334 0.056 0.306 0.202 0.102 
479 OmyJC18ROGR    (0)    2 :  0.077 0.021 0.043 0.715 0.144 
480 OmyJC18ROGR    (0)    2 :  0.194 0.174 0.077 0.395 0.160 
481 OmyJC18ROGR    (2)    2 :  0.259 0.225 0.217 0.185 0.114 
482 OmyJC18ROGR    (3)    2 :  0.190 0.020 0.056 0.182 0.551 
483 OmyJC18ROGR    (3)    2 :  0.278 0.049 0.029 0.256 0.389 
484 OmyJC18ROGR    (3)    2 :  0.295 0.041 0.167 0.153 0.344 
485 OmyJC18ROGR    (2)    2 :  0.100 0.647 0.045 0.142 0.066 
486 OmyJC18ROGR    (2)    2 :  0.167 0.432 0.049 0.126 0.227 
487 OmyJC18ROGR    (1)    2 :  0.410 0.104 0.284 0.112 0.091 
488 OmyJC18ROGR    (3)    2 :  0.515 0.050 0.076 0.229 0.130 
489 OmyJC18ROGR    (0)    2 :  0.457 0.033 0.124 0.164 0.222 
490 OmyJC18ROGR    (2)    2 :  0.284 0.083 0.106 0.241 0.286 
491 OmyJC18ROGR    (4)    2 :  0.093 0.127 0.544 0.134 0.102 
492 OmyJC18ROGR    (4)    2 :  0.084 0.019 0.750 0.048 0.099 
493 OmyJC18ROGR    (3)    2 :  0.456 0.104 0.048 0.193 0.200 
494 OmyJC18ROGR    (3)    2 :  0.032 0.885 0.023 0.026 0.034 
495 OmyJC18ROGR    (3)    2 :  0.132 0.168 0.410 0.192 0.097 
496 OmyJC18ROGR    (0)    2 :  0.291 0.062 0.271 0.108 0.268 
497 OmyJC18ROGR    (5)    2 :  0.168 0.096 0.184 0.228 0.324 
498 OmyJC18ROGR    (3)    2 :  0.361 0.198 0.135 0.187 0.120 
499 OmyJC18ROGR    (1)    2 :  0.385 0.047 0.128 0.154 0.285 
500 OmyJC18ROGR    (1)    2 :  0.283 0.022 0.102 0.184 0.410 
501 OmyJC18ROGR    (3)    2 :  0.225 0.423 0.059 0.171 0.121 
502 OmyJC18ROGR    (1)    2 :  0.058 0.192 0.041 0.201 0.508 
503 OmyJC18ROGR    (4)    2 :  0.137 0.048 0.032 0.483 0.300 
504 OmyJC18ROGR    (1)    2 :  0.122 0.312 0.030 0.087 0.450 
505 OmyJC18ROGR    (0)    2 :  0.161 0.239 0.273 0.111 0.215 
506 OmyJC18ROGR    (6)    2 :  0.433 0.055 0.264 0.098 0.149 
507 OmyJC18ROGR    (0)    2 :  0.329 0.130 0.069 0.214 0.258 
508 OmyJC18ROGR    (0)    2 :  0.159 0.079 0.062 0.130 0.569 
509 OmyJC18ROGR    (2)    2 :  0.035 0.887 0.026 0.026 0.027 
510 OmyJC18ROGR    (1)    2 :  0.328 0.028 0.157 0.213 0.273 
511 OmyJC18ROGR    (3)    2 :  0.073 0.120 0.675 0.067 0.064 
512 OmyJC18ROGR    (2)    2 :  0.062 0.754 0.024 0.100 0.060 
513 OmyJC18ROGR    (7)    2 :  0.217 0.165 0.437 0.072 0.109 
514 OmyJC18ROGR    (3)    2 :  0.060 0.597 0.182 0.090 0.070 
515 OmyJC18ROGR    (0)    2 :  0.314 0.068 0.101 0.324 0.193 
516 OmyJC18ROGR    (2)    2 :  0.163 0.209 0.105 0.404 0.119 
517 OmyJC18ROGR    (2)    2 :  0.302 0.246 0.278 0.093 0.081 
518 OmyJC18ROGR    (0)    2 :  0.166 0.051 0.097 0.298 0.388 
519 OmyJC18ROGR    (7)    2 :  0.087 0.065 0.697 0.114 0.037 
520 OmyJC18ROGR    (4)    2 :  0.206 0.213 0.369 0.149 0.062 
521 OmyJC18ROGR    (1)    2 :  0.287 0.178 0.252 0.160 0.123 
522 OmyJC18ROGR    (1)    2 :  0.411 0.105 0.042 0.146 0.296 
523 OmyJC18ROGR    (3)    2 :  0.180 0.042 0.079 0.195 0.504 
524 OmyJC18ROGR    (1)    2 :  0.260 0.039 0.042 0.211 0.447 
525 OmyJC18ROGR    (2)    2 :  0.087 0.139 0.317 0.095 0.362 
526 OmyJC18ROGR    (1)    2 :  0.132 0.075 0.299 0.153 0.341 
527 OmyJC18ROGR    (0)    2 :  0.261 0.034 0.281 0.280 0.144 
528 OmyJC18ROGR    (0)    2 :  0.135 0.035 0.063 0.523 0.243 
529 OmyJC18ROGR    (1)    2 :  0.351 0.026 0.061 0.482 0.080 
530 OmyJC18ROGR    (0)    2 :  0.121 0.028 0.033 0.200 0.618 
531 OmyJC18ROGR    (0)    2 :  0.057 0.032 0.028 0.794 0.089 
532 OmyJC18ROGR    (1)    2 :  0.362 0.026 0.063 0.144 0.406 
533 OmyJC18ROGR    (2)    2 :  0.296 0.017 0.158 0.456 0.073 
534 OmyJC18ROGR    (2)    2 :  0.396 0.058 0.061 0.264 0.221 
535 OmyJC18ROGR    (0)    2 :  0.154 0.048 0.394 0.224 0.181 
536 OmyJC18ROGR    (0)    2 :  0.061 0.029 0.750 0.124 0.036 
537 OmyJC18ROGR    (0)    2 :  0.270 0.027 0.313 0.226 0.164 
538 OmyJC18ROGR    (0)    2 :  0.183 0.046 0.036 0.658 0.078 
539 OmyJC18ROGR    (1)    2 :  0.161 0.064 0.090 0.253 0.432 
540 OmyJC18ROGR    (6)    2 :  0.726 0.041 0.064 0.091 0.079 
541 OmyJC18ROGR    (1)    2 :  0.134 0.059 0.141 0.592 0.073 
542 OmyJC18ROGR    (1)    2 :  0.091 0.161 0.109 0.543 0.096 
543 OmyJC18ROGR    (0)    2 :  0.344 0.227 0.061 0.204 0.164 
544 OmyJC18ROGR    (2)    2 :  0.222 0.043 0.178 0.450 0.106 
545 OmyJC18ROGR    (1)    2 :  0.089 0.575 0.019 0.037 0.279 
546 OmyJC18ROGR    (6)    2 :  0.073 0.015 0.039 0.771 0.103 
547 OmyJC18ROGR    (0)    2 :  0.381 0.096 0.018 0.140 0.365 
548 OmyJC18ROGR    (1)    2 :  0.569 0.134 0.111 0.095 0.092 
549 OmyJC18ROGR    (0)    2 :  0.204 0.036 0.053 0.595 0.112 
550 OmyJC18ROGR    (1)    2 :  0.062 0.797 0.049 0.049 0.042 
551 OmyJC18ROGR    (1)    2 :  0.239 0.060 0.508 0.117 0.076 
552 OmyJC18ROGR    (2)    2 :  0.466 0.087 0.059 0.242 0.146 
553 OmyJC18ROGR    (7)    2 :  0.092 0.069 0.122 0.579 0.139 
554 OmyJC18ROGR    (2)    2 :  0.226 0.034 0.112 0.460 0.168 
555 OmyJC18ROGR    (3)    2 :  0.263 0.035 0.226 0.263 0.213 
556 OmyJC18ROGR    (0)    2 :  0.052 0.071 0.721 0.123 0.033 
557 OmyJC18ROGR    (1)    2 :  0.214 0.517 0.068 0.088 0.113 
558 OmyJC18ROGR    (0)    2 :  0.062 0.131 0.696 0.060 0.050 
559 OmyJC18ROGR    (0)    2 :  0.225 0.024 0.055 0.072 0.625 
560 OmyJC18ROGR    (5)    2 :  0.449 0.079 0.170 0.068 0.234 
561 OmyJC18ROGR    (0)    2 :  0.123 0.029 0.033 0.181 0.634 
562 OmyJC18ROGR    (6)    2 :  0.154 0.049 0.302 0.385 0.110 
563 OmyJC18ROGR    (2)    2 :  0.306 0.067 0.181 0.281 0.165 
564 OmyJC18ROGR    (3)    2 :  0.092 0.276 0.360 0.198 0.075 
565 OmyJC18ROGR    (3)    2 :  0.369 0.079 0.130 0.182 0.240 
566 OmyJC18ROGR    (1)    2 :  0.451 0.057 0.044 0.080 0.368 
567 OmyJC18ROGR    (0)    2 :  0.164 0.029 0.093 0.096 0.618 
568 OmyJC18ROGR    (3)    2 :  0.095 0.102 0.286 0.453 0.063 
569 OmyJC18ROGR    (2)    2 :  0.384 0.050 0.121 0.142 0.303 
570 OmyJC18ROGR    (0)    2 :  0.248 0.076 0.038 0.248 0.391 
571 OmyJC18ROGR    (1)    2 :  0.145 0.021 0.030 0.525 0.279 
572 OmyJC18ROGR    (4)    2 :  0.103 0.048 0.458 0.112 0.279 
573 OmyJC18ROGR    (3)    2 :  0.132 0.443 0.166 0.079 0.180 
574 OmyJC18ROGR    (5)    2 :  0.217 0.176 0.126 0.384 0.097 
575 OmyJC18ROGR    (3)    2 :  0.293 0.031 0.364 0.216 0.096 
576 OmyJC18ROGR    (0)    2 :  0.138 0.063 0.155 0.522 0.122 
577 OmyJC18ROGR    (0)    2 :  0.032 0.865 0.019 0.048 0.035 
578 OmyJC18ROGR    (1)    2 :  0.182 0.031 0.031 0.460 0.295 
579 OmyJC18ROGR    (0)    2 :  0.071 0.758 0.082 0.039 0.049 
580 OmyJC18ROGR    (0)    2 :  0.210 0.017 0.231 0.290 0.251 
581 OmyJC18ROGR    (3)    2 :  0.252 0.072 0.081 0.217 0.377 
582 OmyJC18ROGR    (6)    2 :  0.203 0.025 0.186 0.398 0.188 
583 OmyJC18ROGR    (3)    2 :  0.070 0.029 0.384 0.421 0.096 
584 OmyJC18ROGR    (3)    2 :  0.188 0.076 0.245 0.266 0.225 
585 OmyJC18ROGR    (1)    2 :  0.693 0.061 0.037 0.100 0.109 
586 OmyJC18ROGR    (1)    2 :  0.121 0.017 0.083 0.644 0.135 
587 OmyJC18ROGR    (0)    2 :  0.015 0.922 0.019 0.026 0.018 
588 OmyJC18ROGR    (0)    2 :  0.095 0.214 0.514 0.064 0.113 
589 OmyJC18ROGR    (1)    2 :  0.361 0.067 0.124 0.308 0.140 
590 OmyJC18ROGR    (2)    2 :  0.082 0.008 0.024 0.802 0.084 
591 OmyJC18ROGR    (0)    2 :  0.267 0.049 0.117 0.313 0.254 
592 OmyJC18ROGR    (3)    2 :  0.116 0.051 0.057 0.618 0.158 
593 OmyJC18ROGR    (0)    2 :  0.349 0.094 0.293 0.107 0.158 
594 OmyJC18ROGR    (1)    2 :  0.344 0.039 0.102 0.239 0.277 
595 OmyJC18ROGR    (0)    2 :  0.361 0.075 0.367 0.125 0.072 
596 OmyJC18ROGR    (1)    2 :  0.152 0.088 0.121 0.372 0.267 
597 OmyJC18ROGR    (0)    2 :  0.439 0.063 0.171 0.189 0.137 
598 OmyJC18ROGR    (1)    2 :  0.249 0.064 0.059 0.266 0.362 
599 OmyJC18ROGR    (0)    2 :  0.212 0.059 0.070 0.464 0.195 
600 OmyJC18ROGR    (0)    2 :  0.317 0.037 0.344 0.193 0.110 
601 OmyJC18ROGR    (0)    2 :  0.279 0.036 0.222 0.220 0.243 
602 OmyJC18ROGR    (0)    2 :  0.145 0.076 0.056 0.072 0.651 
603 OmyJC18ROGR    (0)    2 :  0.367 0.029 0.339 0.132 0.133 
604 OmyJC18ROGR    (0)    2 :  0.170 0.042 0.179 0.399 0.209 
605 OmyJC18ROGR    (0)    2 :  0.196 0.024 0.627 0.040 0.113 
606 OmyJC18ROGR    (0)    2 :  0.228 0.059 0.261 0.346 0.106 
