

----------------------------------------------------
STRUCTURE by Pritchard, Stephens and Donnelly (2000)
     and Falush, Stephens and Pritchard (2003)
       Code by Pritchard, Falush and Hubisz
             Version 2.3.4 (Jul 2012)
----------------------------------------------------



Command line arguments:   bin/structure -m "/Users/ddayan/FRA/premature_migration/Rogue_Half-Pounder/half-pounder/structure/halfpounder_2021/10k_20k_adm_corr/mainparams" -e "/Users/ddayan/FRA/premature_migration/Rogue_Half-Pounder/half-pounder/structure/halfpounder_2021/10k_20k_adm_corr/extraparams" 
Input File:    /Users/ddayan/FRA/premature_migration/Rogue_Half-Pounder/half-pounder/structure/halfpounder_2021/project_data

Run parameters:
   1000 individuals
   328 loci
   4 populations assumed
   10000 Burn-in period
   20000 Reps


--------------------------------------------
Proportion of membership of each pre-defined
 population in each of the 4 clusters

Given    Inferred Clusters              Number of
 Pop       1      2      3      4      Individuals

  1:     0.271  0.236  0.269  0.225      275
  2:     0.265  0.223  0.266  0.246      643
  3:     0.108  0.066  0.089  0.737       42
  4:     0.394  0.079  0.393  0.133       40
--------------------------------------------

Allele-freq. divergence among pops (Net nucleotide distance),
computed using point estimates of P.

      1       2       3       4      
 1      -    0.0082  0.0003  0.0027  
 2   0.0082     -    0.0086  0.0106  
 3   0.0003  0.0086     -    0.0033  
 4   0.0027  0.0106  0.0033     -    

Average distances (expected heterozygosity) between individuals in same cluster:
cluster  1  : 0.2940 
cluster  2  : 0.2615 
cluster  3  : 0.2926 
cluster  4  : 0.2883 

--------------------------------------------
Estimated Ln Prob of Data   = -285744.3
Mean value of ln likelihood = -283956.1
Variance of ln likelihood   = 3576.3
Mean value of alpha         = 0.2928

Mean value of Fst_1         = 0.0067
Mean value of Fst_2         = 0.0731
Mean value of Fst_3         = 0.0117
Mean value of Fst_4         = 0.0225


Inferred ancestry of individuals:
        Label (%Miss) Pop:  Inferred clusters
  1 OmyAC19ROGR    (0)    1 :  0.386 0.029 0.231 0.354 
  2 OmyAC19ROGR    (0)    1 :  0.314 0.119 0.167 0.400 
  3 OmyAC19ROGR    (0)    1 :  0.317 0.107 0.201 0.375 
  4 OmyAC19ROGR    (0)    1 :  0.209 0.037 0.543 0.211 
  5 OmyAC19ROGR    (1)    1 :  0.025 0.941 0.018 0.016 
  6 OmyAC19ROGR    (0)    1 :  0.315 0.233 0.353 0.098 
  7 OmyAC19ROGR    (0)    1 :  0.252 0.236 0.320 0.192 
  8 OmyAC19ROGR    (0)    1 :  0.464 0.027 0.219 0.290 
  9 OmyAC19ROGR    (0)    1 :  0.220 0.313 0.216 0.251 
 10 OmyAC19ROGR    (0)    1 :  0.193 0.499 0.095 0.212 
 11 OmyAC19ROGR    (0)    1 :  0.151 0.082 0.554 0.213 
 12 OmyAC19ROGR    (0)    1 :  0.376 0.151 0.389 0.084 
 13 OmyAC19ROGR    (0)    1 :  0.443 0.042 0.308 0.207 
 14 OmyAC19ROGR    (0)    1 :  0.188 0.499 0.267 0.047 
 15 OmyAC19ROGR    (0)    1 :  0.184 0.471 0.281 0.064 
 16 OmyAC19ROGR    (0)    1 :  0.313 0.139 0.327 0.221 
 17 OmyAC19ROGR    (0)    1 :  0.506 0.126 0.333 0.035 
 18 OmyAC19ROGR    (2)    1 :  0.438 0.041 0.178 0.343 
 19 OmyAC19ROGR    (1)    1 :  0.402 0.088 0.287 0.224 
 20 OmyAC19ROGR    (0)    1 :  0.287 0.293 0.365 0.055 
 21 OmyAC19ROGR    (1)    1 :  0.246 0.300 0.265 0.190 
 22 OmyAC19ROGR    (0)    1 :  0.288 0.109 0.163 0.441 
 23 OmyAC19ROGR    (0)    1 :  0.265 0.348 0.195 0.192 
 24 OmyAC19ROGR    (0)    1 :  0.086 0.024 0.074 0.816 
 25 OmyAC19ROGR    (0)    1 :  0.306 0.296 0.252 0.146 
 26 OmyAC19ROGR    (0)    1 :  0.258 0.158 0.157 0.427 
 27 OmyAC19ROGR    (1)    1 :  0.271 0.079 0.568 0.082 
 28 OmyAC19ROGR    (0)    1 :  0.050 0.043 0.055 0.853 
 29 OmyAC19ROGR    (0)    1 :  0.396 0.098 0.311 0.195 
 30 OmyAC19ROGR    (0)    1 :  0.121 0.732 0.077 0.069 
 31 OmyAC19ROGR    (0)    1 :  0.349 0.065 0.369 0.217 
 32 OmyAC19ROGR    (0)    1 :  0.318 0.185 0.187 0.311 
 33 OmyAC19ROGR    (1)    1 :  0.239 0.148 0.208 0.405 
 34 OmyAC19ROGR    (0)    1 :  0.177 0.560 0.158 0.104 
 35 OmyAC19ROGR    (0)    1 :  0.264 0.098 0.169 0.468 
 36 OmyAC19ROGR    (0)    1 :  0.275 0.226 0.343 0.157 
 37 OmyAC19ROGR    (0)    1 :  0.103 0.139 0.101 0.658 
 38 OmyAC19ROGR    (0)    1 :  0.097 0.458 0.066 0.379 
 39 OmyAC19ROGR    (0)    1 :  0.552 0.133 0.217 0.098 
 40 OmyAC19ROGR    (0)    1 :  0.233 0.369 0.319 0.080 
 41 OmyAC19ROGR    (1)    1 :  0.359 0.055 0.476 0.110 
 42 OmyAC19ROGR    (0)    1 :  0.052 0.845 0.074 0.029 
 43 OmyAC19ROGR    (0)    1 :  0.456 0.061 0.254 0.228 
 44 OmyAC19ROGR    (6)    1 :  0.436 0.050 0.344 0.170 
 45 OmyAC19ROGR    (1)    1 :  0.168 0.397 0.126 0.308 
 46 OmyAC19ROGR    (0)    1 :  0.243 0.106 0.136 0.516 
 47 OmyAC19ROGR    (0)    1 :  0.087 0.074 0.097 0.742 
 48 OmyAC19ROGR    (0)    1 :  0.565 0.058 0.191 0.186 
 49 OmyAC19ROGR    (0)    1 :  0.174 0.043 0.361 0.422 
 50 OmyAC19ROGR    (0)    1 :  0.532 0.037 0.380 0.052 
 51 OmyAC19ROGR    (2)    1 :  0.085 0.753 0.101 0.061 
 52 OmyAC19ROGR    (0)    1 :  0.045 0.856 0.051 0.047 
 53 OmyAC19ROGR    (1)    1 :  0.098 0.053 0.069 0.780 
 54 OmyAC19ROGR    (0)    1 :  0.198 0.089 0.112 0.601 
 55 OmyAC19ROGR    (3)    1 :  0.514 0.098 0.302 0.086 
 56 OmyAC19ROGR    (0)    1 :  0.100 0.109 0.112 0.678 
 57 OmyAC19ROGR    (0)    1 :  0.135 0.028 0.102 0.734 
 58 OmyAC19ROGR    (0)    1 :  0.115 0.706 0.105 0.074 
 59 OmyAC19ROGR    (0)    1 :  0.233 0.029 0.140 0.598 
 60 OmyAC19ROGR    (1)    1 :  0.261 0.153 0.439 0.147 
 61 OmyAC19ROGR    (0)    1 :  0.278 0.078 0.135 0.509 
 62 OmyAC19ROGR    (0)    1 :  0.497 0.053 0.305 0.146 
 63 OmyAC19ROGR    (0)    1 :  0.104 0.250 0.123 0.523 
 64 OmyAC19ROGR    (2)    1 :  0.289 0.111 0.438 0.162 
 65 OmyAC19ROGR    (0)    1 :  0.492 0.065 0.277 0.166 
 66 OmyAC19ROGR    (3)    1 :  0.291 0.347 0.294 0.067 
 67 OmyAC19ROGR    (0)    1 :  0.103 0.050 0.131 0.716 
 68 OmyAC19ROGR    (1)    1 :  0.322 0.094 0.137 0.447 
 69 OmyAC19ROGR    (2)    1 :  0.099 0.267 0.082 0.552 
 70 OmyAC19ROGR    (0)    1 :  0.338 0.053 0.279 0.330 
 71 OmyAC19ROGR    (0)    1 :  0.389 0.061 0.320 0.231 
 72 OmyAC19ROGR    (4)    1 :  0.358 0.038 0.440 0.164 
 73 OmyAC19ROGR    (0)    1 :  0.320 0.232 0.116 0.333 
 74 OmyAC19ROGR    (0)    1 :  0.189 0.046 0.709 0.056 
 75 OmyAC19ROGR    (0)    1 :  0.252 0.171 0.259 0.319 
 76 OmyAC19ROGR    (0)    1 :  0.099 0.071 0.091 0.739 
 77 OmyAC19ROGR    (1)    1 :  0.029 0.926 0.026 0.019 
 78 OmyAC19ROGR    (0)    1 :  0.574 0.063 0.238 0.124 
 79 OmyAC19ROGR    (2)    1 :  0.443 0.092 0.236 0.229 
 80 OmyAC19ROGR    (1)    1 :  0.067 0.718 0.097 0.119 
 81 OmyAC19ROGR    (2)    1 :  0.212 0.482 0.179 0.127 
 82 OmyAC19ROGR    (1)    1 :  0.135 0.028 0.126 0.712 
 83 OmyAC19ROGR    (0)    1 :  0.239 0.066 0.183 0.513 
 84 OmyAC19ROGR    (0)    1 :  0.399 0.209 0.290 0.103 
 85 OmyAC19ROGR    (5)    1 :  0.331 0.052 0.318 0.299 
 86 OmyAC19ROGR    (0)    1 :  0.335 0.161 0.461 0.042 
 87 OmyAC19ROGR    (1)    1 :  0.172 0.057 0.267 0.503 
 88 OmyJC19ROGR    (0)    2 :  0.068 0.847 0.041 0.043 
 89 OmyJC19ROGR    (0)    2 :  0.459 0.115 0.285 0.141 
 90 OmyJC19ROGR    (0)    2 :  0.038 0.905 0.033 0.025 
 91 OmyJC19ROGR    (1)    2 :  0.288 0.023 0.297 0.392 
 92 OmyJC19ROGR    (0)    2 :  0.112 0.081 0.087 0.719 
 93 OmyJC19ROGR    (0)    2 :  0.062 0.026 0.094 0.817 
 94 OmyJC19ROGR    (0)    2 :  0.381 0.176 0.379 0.064 
 95 OmyJC19ROGR    (0)    2 :  0.528 0.174 0.238 0.060 
 96 OmyJC19ROGR    (0)    2 :  0.313 0.104 0.484 0.099 
 97 OmyJC19ROGR    (0)    2 :  0.056 0.198 0.040 0.707 
 98 OmyJC19ROGR    (0)    2 :  0.421 0.052 0.348 0.180 
 99 OmyJC19ROGR    (0)    2 :  0.173 0.113 0.136 0.578 
100 OmyJC19ROGR    (1)    2 :  0.482 0.072 0.308 0.138 
101 OmyJC19ROGR    (0)    2 :  0.123 0.559 0.130 0.188 
102 OmyJC19ROGR    (0)    2 :  0.384 0.113 0.393 0.109 
103 OmyJC19ROGR    (0)    2 :  0.311 0.202 0.216 0.270 
104 OmyJC19ROGR    (0)    2 :  0.220 0.050 0.116 0.614 
105 OmyJC19ROGR    (0)    2 :  0.084 0.190 0.170 0.556 
106 OmyJC19ROGR    (0)    2 :  0.025 0.913 0.022 0.040 
107 OmyJC19ROGR    (1)    2 :  0.201 0.154 0.431 0.214 
108 OmyJC19ROGR    (0)    2 :  0.232 0.098 0.289 0.382 
109 OmyJC19ROGR    (0)    2 :  0.245 0.232 0.481 0.042 
110 OmyJC19ROGR    (0)    2 :  0.111 0.324 0.072 0.492 
111 OmyJC19ROGR    (1)    2 :  0.139 0.131 0.100 0.630 
112 OmyJC19ROGR    (2)    2 :  0.379 0.154 0.376 0.091 
113 OmyJC19ROGR    (0)    2 :  0.132 0.649 0.138 0.082 
114 OmyJC19ROGR    (3)    2 :  0.571 0.068 0.214 0.147 
115 OmyJC19ROGR    (1)    2 :  0.204 0.090 0.175 0.531 
116 OmyJC19ROGR    (0)    2 :  0.457 0.137 0.280 0.127 
117 OmyJC19ROGR    (0)    2 :  0.348 0.206 0.343 0.103 
118 OmyJC19ROGR    (0)    2 :  0.487 0.045 0.242 0.227 
119 OmyJC19ROGR    (2)    2 :  0.306 0.074 0.528 0.092 
120 OmyJC19ROGR    (0)    2 :  0.070 0.025 0.070 0.835 
121 OmyJC19ROGR    (0)    2 :  0.480 0.066 0.386 0.068 
122 OmyJC19ROGR    (0)    2 :  0.343 0.093 0.299 0.265 
123 OmyJC19ROGR    (0)    2 :  0.305 0.034 0.414 0.247 
124 OmyJC19ROGR    (0)    2 :  0.357 0.182 0.370 0.091 
125 OmyJC19ROGR    (0)    2 :  0.316 0.144 0.087 0.453 
126 OmyJC19ROGR    (1)    2 :  0.093 0.705 0.139 0.063 
127 OmyJC19ROGR    (0)    2 :  0.292 0.061 0.553 0.094 
128 OmyJC19ROGR    (1)    2 :  0.102 0.070 0.121 0.707 
129 OmyJC19ROGR    (0)    2 :  0.271 0.356 0.090 0.283 
130 OmyJC19ROGR    (2)    2 :  0.539 0.065 0.348 0.047 
131 OmyJC19ROGR    (0)    2 :  0.300 0.114 0.243 0.343 
132 OmyJC19ROGR    (1)    2 :  0.130 0.059 0.210 0.601 
133 OmyJC19ROGR    (0)    2 :  0.470 0.040 0.324 0.166 
134 OmyJC19ROGR    (0)    2 :  0.359 0.120 0.324 0.196 
135 OmyJC19ROGR    (1)    2 :  0.044 0.037 0.046 0.872 
136 OmyJC19ROGR    (3)    2 :  0.378 0.060 0.344 0.218 
137 OmyJC19ROGR    (0)    2 :  0.233 0.232 0.457 0.078 
138 OmyJC19ROGR    (0)    2 :  0.114 0.723 0.122 0.040 
139 OmyJC19ROGR    (2)    2 :  0.601 0.040 0.221 0.139 
140 OmyJC19ROGR    (2)    2 :  0.418 0.148 0.309 0.125 
141 OmyJC19ROGR    (0)    2 :  0.226 0.363 0.212 0.199 
142 OmyJC19ROGR    (0)    2 :  0.201 0.341 0.206 0.252 
143 OmyJC19ROGR    (0)    2 :  0.086 0.076 0.092 0.746 
144 OmyJC19ROGR    (0)    2 :  0.614 0.030 0.230 0.126 
145 OmyJC19ROGR    (0)    2 :  0.356 0.047 0.532 0.065 
146 OmyJC19ROGR    (1)    2 :  0.135 0.100 0.083 0.682 
147 OmyJC19ROGR    (0)    2 :  0.250 0.090 0.469 0.192 
148 OmyJC19ROGR    (0)    2 :  0.307 0.030 0.446 0.216 
149 OmyJC19ROGR    (1)    2 :  0.219 0.097 0.127 0.557 
150 OmyJC19ROGR    (1)    2 :  0.164 0.083 0.213 0.540 
151 OmyJC19ROGR    (0)    2 :  0.488 0.145 0.160 0.207 
152 OmyJC19ROGR    (0)    2 :  0.166 0.071 0.607 0.155 
153 OmyJC19ROGR    (0)    2 :  0.053 0.047 0.048 0.852 
154 OmyJC19ROGR    (1)    2 :  0.493 0.097 0.334 0.076 
155 OmyJC19ROGR    (0)    2 :  0.289 0.127 0.225 0.358 
156 OmyJC19ROGR    (1)    2 :  0.254 0.142 0.340 0.264 
157 OmyJC19ROGR    (0)    2 :  0.264 0.103 0.312 0.321 
158 OmyJC19ROGR    (0)    2 :  0.357 0.030 0.330 0.283 
159 OmyJC19ROGR    (0)    2 :  0.304 0.057 0.586 0.053 
160 OmyJC19ROGR    (0)    2 :  0.206 0.088 0.329 0.378 
161 OmyJC19ROGR    (0)    2 :  0.258 0.037 0.257 0.448 
162 OmyJC19ROGR    (0)    2 :  0.232 0.085 0.497 0.186 
163 OmyJC19ROGR    (0)    2 :  0.144 0.057 0.140 0.659 
164 OmyJC19ROGR    (0)    2 :  0.424 0.045 0.415 0.117 
165 OmyJC19ROGR    (0)    2 :  0.318 0.034 0.413 0.235 
166 OmyJC19ROGR    (0)    2 :  0.409 0.080 0.390 0.122 
167 OmyJC19ROGR    (1)    2 :  0.223 0.117 0.169 0.491 
168 OmyJC19ROGR    (0)    2 :  0.446 0.096 0.304 0.154 
169 OmyJC19ROGR    (0)    2 :  0.025 0.929 0.030 0.016 
170 OmyJC19ROGR    (0)    2 :  0.081 0.079 0.098 0.743 
171 OmyJC19ROGR    (0)    2 :  0.322 0.041 0.513 0.124 
172 OmyJC19ROGR    (0)    2 :  0.137 0.346 0.107 0.411 
173 OmyJC19ROGR    (0)    2 :  0.039 0.879 0.044 0.038 
174 OmyJC19ROGR    (0)    2 :  0.368 0.056 0.325 0.252 
175 OmyJC19ROGR    (0)    2 :  0.385 0.053 0.456 0.106 
176 OmyJC19ROGR    (0)    2 :  0.126 0.115 0.108 0.651 
177 OmyJC19ROGR    (0)    2 :  0.064 0.020 0.068 0.847 
178 OmyJC19ROGR    (0)    2 :  0.191 0.064 0.713 0.031 
179 OmyJC19ROGR    (0)    2 :  0.238 0.030 0.193 0.540 
180 OmyJC19ROGR    (0)    2 :  0.052 0.850 0.039 0.059 
181 OmyJC19ROGR    (0)    2 :  0.445 0.073 0.373 0.108 
182 OmyJC19ROGR    (0)    2 :  0.466 0.183 0.207 0.145 
183 OmyJC19ROGR    (0)    2 :  0.421 0.053 0.403 0.124 
184 OmyJC19ROGR    (0)    2 :  0.132 0.636 0.089 0.143 
185 OmyJC19ROGR    (1)    2 :  0.612 0.018 0.156 0.214 
186 OmyJC19ROGR    (0)    2 :  0.149 0.118 0.095 0.638 
187 OmyJC19ROGR    (0)    2 :  0.277 0.036 0.590 0.098 
188 OmyJC19ROGR    (0)    2 :  0.324 0.061 0.376 0.239 
189 OmyJC19ROGR    (0)    2 :  0.256 0.231 0.149 0.364 
190 OmyJC19ROGR    (0)    2 :  0.112 0.053 0.101 0.734 
191 OmyJC19ROGR    (0)    2 :  0.124 0.046 0.231 0.599 
192 OmyJC19ROGR    (0)    2 :  0.350 0.051 0.545 0.054 
193 OmyJC19ROGR    (1)    2 :  0.271 0.163 0.375 0.191 
194 OmyJC19ROGR    (0)    2 :  0.319 0.033 0.568 0.080 
195 OmyJC19ROGR    (0)    2 :  0.080 0.796 0.089 0.035 
196 OmyJC19ROGR    (0)    2 :  0.449 0.058 0.444 0.049 
197 OmyJC19ROGR    (0)    2 :  0.258 0.087 0.175 0.480 
198 OmyJC19ROGR    (0)    2 :  0.083 0.751 0.091 0.076 
199 OmyJC19ROGR    (0)    2 :  0.548 0.039 0.273 0.140 
200 OmyJC19ROGR    (0)    2 :  0.116 0.108 0.098 0.678 
201 OmyJC19ROGR    (0)    2 :  0.369 0.042 0.467 0.123 
202 OmyJC19ROGR    (0)    2 :  0.054 0.020 0.074 0.853 
203 OmyJC19ROGR    (0)    2 :  0.368 0.063 0.386 0.183 
204 OmyJC19ROGR    (0)    2 :  0.415 0.063 0.289 0.234 
205 OmyJC19ROGR    (0)    2 :  0.327 0.168 0.358 0.147 
206 OmyJC19ROGR    (0)    2 :  0.056 0.842 0.054 0.048 
207 OmyJC19ROGR    (0)    2 :  0.273 0.320 0.266 0.141 
208 OmyJC19ROGR    (0)    2 :  0.313 0.051 0.551 0.084 
209 OmyJC19ROGR    (0)    2 :  0.157 0.522 0.073 0.248 
210 OmyJC19ROGR    (0)    2 :  0.048 0.861 0.061 0.030 
211 OmyJC19ROGR    (0)    2 :  0.329 0.225 0.229 0.216 
212 OmyJC19ROGR    (1)    2 :  0.141 0.217 0.124 0.517 
213 OmyJC19ROGR    (1)    2 :  0.535 0.052 0.272 0.141 
214 OmyJC19ROGR    (0)    2 :  0.202 0.068 0.651 0.079 
215 OmyJC19ROGR    (0)    2 :  0.435 0.044 0.416 0.106 
216 OmyJC19ROGR    (0)    2 :  0.090 0.791 0.081 0.038 
217 OmyJC19ROGR    (0)    2 :  0.208 0.443 0.229 0.121 
218 OmyJC19ROGR    (0)    2 :  0.114 0.053 0.270 0.562 
219 OmyJC19ROGR    (0)    2 :  0.384 0.127 0.430 0.059 
220 OmyJC19ROGR    (0)    2 :  0.286 0.018 0.436 0.260 
221 OmyJC19ROGR    (0)    2 :  0.252 0.277 0.355 0.116 
222 OmyJC19ROGR    (0)    2 :  0.348 0.061 0.207 0.384 
223 OmyJC19ROGR    (0)    2 :  0.220 0.075 0.532 0.172 
224 OmyJC19ROGR    (0)    2 :  0.287 0.046 0.582 0.086 
225 OmyJC19ROGR    (0)    2 :  0.030 0.912 0.033 0.024 
226 OmyJC19ROGR    (0)    2 :  0.401 0.264 0.270 0.065 
227 OmyJC19ROGR    (1)    2 :  0.035 0.882 0.035 0.048 
228 OmyJC19ROGR    (0)    2 :  0.520 0.054 0.364 0.061 
229 OmyJC19ROGR    (1)    2 :  0.340 0.046 0.369 0.245 
230 OmyJC19ROGR    (0)    2 :  0.220 0.250 0.295 0.235 
231 OmyJC19ROGR    (0)    2 :  0.338 0.116 0.463 0.082 
232 OmyJC19ROGR    (1)    2 :  0.448 0.073 0.264 0.216 
233 OmyJC19ROGR    (0)    2 :  0.241 0.210 0.382 0.167 
234 OmyJC19ROGR    (0)    2 :  0.027 0.893 0.038 0.042 
235 OmyJC19ROGR    (0)    2 :  0.096 0.660 0.116 0.129 
236 OmyJC19ROGR    (1)    2 :  0.220 0.041 0.485 0.254 
237 OmyJC19ROGR    (0)    2 :  0.342 0.085 0.371 0.201 
238 OmyJC19ROGR    (0)    2 :  0.231 0.134 0.547 0.088 
239 OmyJC19ROGR    (0)    2 :  0.539 0.131 0.202 0.128 
240 OmyJC19ROGR    (0)    2 :  0.400 0.077 0.344 0.179 
241 OmyJC19ROGR    (0)    2 :  0.246 0.129 0.144 0.481 
242 OmyJC19ROGR    (0)    2 :  0.376 0.037 0.348 0.239 
243 OmyJC19ROGR    (0)    2 :  0.244 0.080 0.230 0.446 
244 OmyJC19ROGR    (0)    2 :  0.165 0.099 0.225 0.511 
245 OmyJC19ROGR    (0)    2 :  0.032 0.913 0.027 0.028 
246 OmyJC19ROGR    (0)    2 :  0.120 0.230 0.134 0.516 
247 OmyJC19ROGR    (0)    2 :  0.091 0.609 0.133 0.167 
248 OmyJC19ROGR    (0)    2 :  0.187 0.575 0.109 0.130 
249 OmyJC19ROGR    (0)    2 :  0.251 0.107 0.570 0.072 
250 OmyJC19ROGR    (0)    2 :  0.356 0.129 0.336 0.179 
251 OmyJC19ROGR    (0)    2 :  0.439 0.068 0.369 0.124 
252 OmyJC19ROGR    (0)    2 :  0.059 0.043 0.088 0.809 
253 OmyJC19ROGR    (0)    2 :  0.485 0.133 0.251 0.131 
254 OmyJC19ROGR    (0)    2 :  0.158 0.096 0.193 0.552 
255 OmyJC19ROGR    (0)    2 :  0.173 0.050 0.148 0.629 
256 OmyJC19ROGR    (0)    2 :  0.106 0.362 0.155 0.377 
257 OmyJC19ROGR    (0)    2 :  0.322 0.127 0.443 0.107 
258 OmyAC19ROGR    (0)    1 :  0.342 0.223 0.225 0.209 
259 OmyAC19ROGR    (1)    1 :  0.225 0.435 0.229 0.111 
260 OmyAC19ROGR    (0)    1 :  0.356 0.037 0.518 0.089 
261 OmyAC19ROGR    (0)    1 :  0.537 0.081 0.304 0.079 
262 OmyAC19ROGR    (0)    1 :  0.481 0.151 0.216 0.153 
263 OmyAC19ROGR    (0)    1 :  0.176 0.073 0.201 0.550 
264 OmyAC19ROGR    (0)    1 :  0.384 0.085 0.370 0.162 
265 OmyAC19ROGR    (0)    1 :  0.217 0.063 0.438 0.283 
266 OmyAC19ROGR    (0)    1 :  0.339 0.036 0.530 0.095 
267 OmyAC19ROGR    (0)    1 :  0.441 0.188 0.253 0.118 
268 OmyAC19ROGR    (1)    1 :  0.146 0.227 0.126 0.500 
269 OmyAC19ROGR    (1)    1 :  0.417 0.193 0.311 0.079 
270 OmyAC19ROGR    (0)    1 :  0.159 0.048 0.280 0.512 
271 OmyAC19ROGR    (0)    1 :  0.268 0.357 0.275 0.099 
272 OmyAC19ROGR    (0)    1 :  0.419 0.215 0.301 0.064 
273 OmyAC19ROGR    (0)    1 :  0.421 0.062 0.249 0.268 
274 OmyAC19ROGR    (0)    1 :  0.088 0.797 0.065 0.049 
275 OmyAC19ROGR    (0)    1 :  0.271 0.139 0.191 0.400 
276 OmyAC19ROGR    (0)    1 :  0.451 0.093 0.296 0.160 
277 OmyAC19ROGR    (0)    1 :  0.515 0.126 0.294 0.065 
278 OmyAC19ROGR    (0)    1 :  0.172 0.379 0.381 0.068 
279 OmyAC19ROGR    (0)    1 :  0.329 0.272 0.336 0.063 
280 OmyAC19ROGR    (0)    1 :  0.233 0.176 0.229 0.363 
281 OmyAC19ROGR    (0)    1 :  0.436 0.071 0.353 0.141 
282 OmyAC19ROGR    (0)    1 :  0.379 0.238 0.183 0.200 
283 OmyAC19ROGR    (0)    1 :  0.409 0.064 0.432 0.094 
284 OmyAC19ROGR    (0)    1 :  0.337 0.041 0.396 0.226 
285 OmyAC19ROGR    (0)    1 :  0.302 0.071 0.249 0.378 
286 OmyAC19ROGR    (0)    1 :  0.340 0.042 0.345 0.273 
287 OmyAC19ROGR    (0)    1 :  0.018 0.951 0.017 0.014 
288 OmyAC19ROGR    (0)    1 :  0.077 0.786 0.084 0.052 
289 OmyAC19ROGR    (0)    1 :  0.346 0.181 0.375 0.097 
290 OmyAC19ROGR    (1)    1 :  0.027 0.926 0.023 0.024 
291 OmyAC19ROGR    (0)    1 :  0.173 0.458 0.178 0.191 
292 OmyAC19ROGR    (1)    1 :  0.353 0.241 0.309 0.097 
293 OmyAC19ROGR    (0)    1 :  0.136 0.044 0.104 0.716 
294 OmyAC19ROGR    (0)    1 :  0.163 0.407 0.352 0.079 
295 OmyAC19ROGR    (0)    1 :  0.384 0.045 0.333 0.238 
296 OmyAC19ROGR    (0)    1 :  0.474 0.062 0.288 0.176 
297 OmyAC19ROGR    (0)    1 :  0.090 0.765 0.101 0.043 
298 OmyAC19ROGR    (0)    1 :  0.247 0.038 0.637 0.078 
299 OmyAC19ROGR    (0)    1 :  0.119 0.306 0.216 0.360 
300 OmyAC19ROGR    (0)    1 :  0.281 0.046 0.507 0.166 
301 OmyAC19ROGR    (0)    1 :  0.044 0.885 0.045 0.026 
302 OmyAC19ROGR    (0)    1 :  0.165 0.513 0.245 0.076 
303 OmyAC19ROGR    (0)    1 :  0.445 0.157 0.308 0.090 
304 OmyAC19ROGR    (0)    1 :  0.271 0.177 0.441 0.111 
305 OmyAC19ROGR    (0)    1 :  0.287 0.050 0.535 0.128 
306 OmyAC19ROGR    (0)    1 :  0.113 0.716 0.140 0.031 
307 OmyAC19ROGR    (1)    1 :  0.226 0.040 0.394 0.340 
308 OmyAC19ROGR    (0)    1 :  0.341 0.140 0.431 0.089 
309 OmyAC19ROGR    (1)    1 :  0.045 0.874 0.047 0.034 
310 OmyAC19ROGR    (0)    1 :  0.255 0.437 0.199 0.109 
311 OmyAC19ROGR    (0)    1 :  0.265 0.513 0.136 0.085 
312 OmyAC19ROGR    (0)    1 :  0.155 0.054 0.214 0.578 
313 OmyAC19ROGR    (0)    1 :  0.359 0.034 0.451 0.156 
314 OmyAC19ROGR    (0)    1 :  0.167 0.061 0.111 0.661 
315 OmyAC19ROGR    (0)    1 :  0.342 0.104 0.406 0.148 
316 OmyAC19ROGR    (0)    1 :  0.339 0.043 0.497 0.120 
317 OmyAC19ROGR    (0)    1 :  0.213 0.062 0.108 0.618 
318 OmyAC19ROGR    (0)    1 :  0.318 0.038 0.140 0.504 
319 OmyAC19ROGR    (1)    1 :  0.386 0.029 0.399 0.186 
320 OmyAC19ROGR    (0)    1 :  0.193 0.019 0.694 0.094 
321 OmyAC19ROGR    (0)    1 :  0.307 0.047 0.530 0.115 
322 OmyAC19ROGR    (0)    1 :  0.285 0.490 0.117 0.108 
323 OmyAC19ROGR    (0)    1 :  0.453 0.041 0.453 0.053 
324 OmyAC19ROGR    (0)    1 :  0.389 0.046 0.388 0.177 
325 OmyAC19ROGR    (0)    1 :  0.305 0.404 0.213 0.077 
326 OmyAC19ROGR    (0)    1 :  0.301 0.074 0.542 0.083 
327 OmyAC19ROGR    (0)    1 :  0.228 0.055 0.520 0.197 
328 OmyAC20ROGR    (1)    1 :  0.297 0.046 0.441 0.215 
329 OmyAC20ROGR    (0)    1 :  0.170 0.113 0.291 0.426 
330 OmyAC20ROGR    (0)    1 :  0.320 0.098 0.278 0.303 
331 OmyAC20ROGR    (0)    1 :  0.161 0.354 0.293 0.192 
332 OmyAC20ROGR    (0)    1 :  0.255 0.269 0.167 0.308 
333 OmyAC20ROGR    (0)    1 :  0.147 0.347 0.200 0.306 
334 OmyAC20ROGR    (0)    1 :  0.185 0.033 0.105 0.677 
335 OmyAC20ROGR    (0)    1 :  0.384 0.070 0.263 0.283 
336 OmyAC20ROGR    (0)    1 :  0.332 0.177 0.333 0.158 
337 OmyAC20ROGR    (0)    1 :  0.177 0.510 0.205 0.109 
338 OmyAC20ROGR    (0)    1 :  0.293 0.193 0.161 0.353 
339 OmyAC20ROGR    (0)    1 :  0.317 0.133 0.387 0.162 
340 OmyAC20ROGR    (0)    1 :  0.084 0.064 0.078 0.773 
341 OmyAC20ROGR    (0)    1 :  0.117 0.107 0.084 0.692 
342 OmyAC20ROGR    (0)    1 :  0.216 0.224 0.247 0.314 
343 OmyAC20ROGR    (0)    1 :  0.308 0.087 0.205 0.400 
344 OmyAC20ROGR    (0)    1 :  0.225 0.210 0.174 0.391 
345 OmyAC20ROGR    (1)    1 :  0.393 0.192 0.353 0.062 
346 OmyAC20ROGR    (0)    1 :  0.181 0.259 0.368 0.192 
347 OmyAC20ROGR    (0)    1 :  0.337 0.308 0.239 0.116 
348 OmyAC20ROGR    (0)    1 :  0.096 0.247 0.121 0.537 
349 OmyAC20ROGR    (0)    1 :  0.294 0.075 0.185 0.446 
350 OmyAC20ROGR    (0)    1 :  0.275 0.109 0.514 0.101 
351 OmyAC20ROGR    (0)    1 :  0.288 0.169 0.201 0.342 
352 OmyAC20ROGR    (0)    1 :  0.403 0.085 0.348 0.164 
353 OmyAC20ROGR    (0)    1 :  0.330 0.044 0.413 0.213 
354 OmyAC20ROGR    (0)    1 :  0.166 0.324 0.098 0.412 
355 OmyAC20ROGR    (0)    1 :  0.302 0.102 0.143 0.452 
356 OmyAC20ROGR    (0)    1 :  0.356 0.064 0.367 0.213 
357 OmyAC20ROGR    (0)    1 :  0.211 0.136 0.570 0.083 
358 OmyAC20ROGR    (0)    1 :  0.353 0.063 0.452 0.131 
359 OmyAC20ROGR    (0)    1 :  0.261 0.258 0.447 0.034 
360 OmyAC20ROGR    (0)    1 :  0.255 0.281 0.252 0.212 
361 OmyAC20ROGR    (0)    1 :  0.244 0.059 0.633 0.065 
362 OmyAC20ROGR    (0)    1 :  0.390 0.061 0.471 0.078 
363 OmyAC20ROGR    (0)    1 :  0.251 0.192 0.161 0.397 
364 OmyAC20ROGR    (1)    1 :  0.214 0.058 0.209 0.519 
365 OmyAC20ROGR    (0)    1 :  0.437 0.030 0.416 0.117 
366 OmyAC20ROGR    (0)    1 :  0.258 0.050 0.305 0.387 
367 OmyAC20ROGR    (0)    1 :  0.453 0.147 0.278 0.122 
368 OmyAC20ROGR    (1)    1 :  0.504 0.125 0.299 0.071 
369 OmyAC20ROGR    (0)    1 :  0.206 0.378 0.141 0.276 
370 OmyAC20ROGR    (0)    1 :  0.096 0.740 0.075 0.089 
371 OmyAC20ROGR    (0)    1 :  0.061 0.811 0.079 0.049 
372 OmyAC20ROGR    (2)    1 :  0.039 0.901 0.033 0.026 
373 OmyAC20ROGR    (0)    1 :  0.209 0.479 0.247 0.065 
374 OmyAC20ROGR    (0)    1 :  0.408 0.037 0.292 0.262 
375 OmyAC20ROGR    (0)    1 :  0.317 0.119 0.449 0.114 
376 OmyAC20ROGR    (0)    1 :  0.207 0.563 0.129 0.102 
377 OmyAC20ROGR    (0)    1 :  0.262 0.038 0.248 0.451 
378 OmyAC20ROGR    (0)    1 :  0.480 0.038 0.209 0.272 
379 OmyAC20ROGR    (0)    1 :  0.164 0.483 0.183 0.170 
380 OmyAC20ROGR    (1)    1 :  0.391 0.032 0.454 0.123 
381 OmyAC20ROGR    (0)    1 :  0.444 0.150 0.334 0.073 
382 OmyAC20ROGR    (0)    1 :  0.051 0.869 0.052 0.028 
383 OmyAC20ROGR    (0)    1 :  0.308 0.219 0.424 0.049 
384 OmyAC20ROGR    (0)    1 :  0.292 0.380 0.136 0.192 
385 OmyAC20ROGR    (0)    1 :  0.259 0.309 0.387 0.045 
386 OmyAC20ROGR    (0)    1 :  0.362 0.175 0.322 0.141 
387 OmyAC20ROGR    (0)    1 :  0.174 0.384 0.387 0.055 
388 OmyAC20ROGR    (0)    1 :  0.200 0.314 0.131 0.355 
389 OmyAC20ROGR    (0)    1 :  0.185 0.044 0.710 0.060 
390 OmyAC20ROGR    (0)    1 :  0.354 0.036 0.413 0.197 
391 OmyAC20ROGR    (0)    1 :  0.130 0.459 0.139 0.272 
392 OmyAC20ROGR    (0)    1 :  0.243 0.343 0.182 0.232 
393 OmyAC20ROGR    (0)    1 :  0.217 0.091 0.391 0.301 
394 OmyAC20ROGR    (1)    1 :  0.410 0.112 0.400 0.078 
395 OmyAC20ROGR    (0)    1 :  0.420 0.094 0.176 0.311 
396 OmyAC20ROGR    (0)    1 :  0.270 0.061 0.551 0.118 
397 OmyAC20ROGR    (0)    1 :  0.289 0.348 0.281 0.082 
398 OmyAC20ROGR    (0)    1 :  0.077 0.723 0.081 0.119 
399 OmyAC20ROGR    (0)    1 :  0.355 0.263 0.215 0.166 
400 OmyAC20ROGR    (0)    1 :  0.419 0.157 0.254 0.170 
401 OmyAC20ROGR    (1)    1 :  0.052 0.872 0.027 0.048 
402 OmyAC20ROGR    (0)    1 :  0.178 0.038 0.188 0.596 
403 OmyAC20ROGR    (0)    1 :  0.274 0.188 0.202 0.336 
404 OmyAC20ROGR    (0)    1 :  0.285 0.045 0.241 0.429 
405 OmyAC20ROGR    (0)    1 :  0.215 0.373 0.367 0.045 
406 OmyAC20ROGR    (0)    1 :  0.264 0.119 0.260 0.357 
407 OmyAC20ROGR    (0)    1 :  0.423 0.072 0.446 0.059 
408 OmyAC20ROGR    (0)    1 :  0.299 0.117 0.226 0.358 
409 OmyAC20ROGR    (0)    1 :  0.288 0.088 0.571 0.053 
410 OmyAC20ROGR    (0)    1 :  0.040 0.892 0.042 0.026 
411 OmyAC20ROGR    (0)    1 :  0.148 0.622 0.145 0.085 
412 OmyAC20ROGR    (0)    1 :  0.175 0.157 0.269 0.400 
413 OmyAC20ROGR    (0)    1 :  0.355 0.066 0.536 0.043 
414 OmyAC20ROGR    (0)    1 :  0.186 0.409 0.091 0.314 
415 OmyAC20ROGR    (0)    1 :  0.413 0.042 0.325 0.220 
416 OmyAC20ROGR    (0)    1 :  0.320 0.108 0.330 0.242 
417 OmyAC20ROGR    (0)    1 :  0.204 0.037 0.579 0.181 
418 OmyAC20ROGR    (0)    1 :  0.396 0.201 0.288 0.115 
419 OmyAC20ROGR    (0)    1 :  0.218 0.446 0.265 0.071 
420 OmyAC20ROGR    (0)    1 :  0.391 0.048 0.209 0.353 
421 OmyAC20ROGR    (0)    1 :  0.215 0.167 0.276 0.342 
422 OmyAC20ROGR    (0)    1 :  0.043 0.881 0.035 0.041 
423 OmyAC20ROGR    (0)    1 :  0.228 0.057 0.679 0.037 
424 OmyAC20ROGR    (0)    1 :  0.484 0.038 0.391 0.087 
425 OmyAC20ROGR    (0)    1 :  0.027 0.843 0.031 0.100 
426 OmyAC20ROGR    (0)    1 :  0.390 0.119 0.388 0.103 
427 OmyAC20ROGR    (0)    1 :  0.353 0.258 0.270 0.118 
428 OmyAC20ROGR    (0)    1 :  0.030 0.916 0.025 0.029 
429 OmyAC20ROGR    (0)    1 :  0.209 0.040 0.640 0.112 
430 OmyAC20ROGR    (0)    1 :  0.486 0.122 0.343 0.049 
431 OmyAC20ROGR    (0)    1 :  0.173 0.529 0.161 0.136 
432 OmyAC20ROGR    (0)    1 :  0.051 0.856 0.043 0.050 
433 OmyAC20ROGR    (0)    1 :  0.041 0.876 0.037 0.046 
434 OmyAC20ROGR    (0)    1 :  0.250 0.272 0.441 0.036 
435 OmyAC20ROGR    (0)    1 :  0.591 0.028 0.215 0.166 
436 OmyAC20ROGR    (0)    1 :  0.317 0.057 0.586 0.040 
437 OmyAC20ROGR    (0)    1 :  0.105 0.651 0.179 0.065 
438 OmyAC20ROGR    (0)    1 :  0.296 0.409 0.183 0.112 
439 OmyAC20ROGR    (0)    1 :  0.512 0.097 0.300 0.092 
440 OmyAC20ROGR    (0)    1 :  0.065 0.776 0.088 0.071 
441 OmyAC20ROGR    (0)    1 :  0.542 0.035 0.269 0.154 
442 OmyAC20ROGR    (0)    1 :  0.580 0.080 0.238 0.102 
443 OmyAC20ROGR    (0)    1 :  0.319 0.026 0.107 0.549 
444 OmyAC20ROGR    (0)    1 :  0.249 0.153 0.541 0.057 
445 OmyAC20ROGR    (0)    1 :  0.421 0.146 0.364 0.069 
446 OmyJC18ROGR    (0)    2 :  0.147 0.079 0.180 0.593 
447 OmyJC18ROGR    (0)    2 :  0.395 0.080 0.401 0.123 
448 OmyJC18ROGR    (0)    2 :  0.367 0.081 0.498 0.053 
449 OmyJC18ROGR    (0)    2 :  0.107 0.705 0.111 0.077 
450 OmyJC18ROGR    (0)    2 :  0.108 0.711 0.080 0.102 
451 OmyJC18ROGR    (0)    2 :  0.046 0.876 0.047 0.032 
452 OmyJC18ROGR    (0)    2 :  0.290 0.310 0.138 0.263 
453 OmyJC18ROGR    (0)    2 :  0.159 0.044 0.140 0.657 
454 OmyJC18ROGR    (0)    2 :  0.056 0.862 0.045 0.036 
455 OmyJC18ROGR    (0)    2 :  0.393 0.053 0.466 0.088 
456 OmyJC18ROGR    (0)    2 :  0.064 0.854 0.054 0.028 
457 OmyJC18ROGR    (0)    2 :  0.554 0.066 0.307 0.073 
458 OmyJC18ROGR    (0)    2 :  0.154 0.185 0.169 0.492 
459 OmyJC18ROGR    (0)    2 :  0.296 0.028 0.240 0.436 
460 OmyJC18ROGR    (2)    2 :  0.252 0.454 0.173 0.121 
461 OmyJC18ROGR    (1)    2 :  0.210 0.355 0.177 0.257 
462 OmyJC18ROGR    (3)    2 :  0.252 0.443 0.146 0.158 
463 OmyJC18ROGR    (1)    2 :  0.089 0.711 0.113 0.087 
464 OmyJC18ROGR    (3)    2 :  0.271 0.040 0.636 0.053 
465 OmyJC18ROGR    (3)    2 :  0.400 0.075 0.451 0.075 
466 OmyJC18ROGR    (0)    2 :  0.412 0.236 0.239 0.113 
467 OmyJC18ROGR    (1)    2 :  0.429 0.062 0.399 0.110 
468 OmyJC18ROGR    (0)    2 :  0.233 0.073 0.635 0.059 
469 OmyJC18ROGR    (0)    2 :  0.094 0.770 0.082 0.054 
470 OmyJC18ROGR    (3)    2 :  0.122 0.571 0.188 0.119 
471 OmyJC18ROGR    (1)    2 :  0.260 0.345 0.211 0.184 
472 OmyJC18ROGR    (1)    2 :  0.599 0.114 0.196 0.091 
473 OmyJC18ROGR    (2)    2 :  0.490 0.043 0.350 0.116 
474 OmyJC18ROGR    (0)    2 :  0.169 0.049 0.174 0.608 
475 OmyJC18ROGR    (1)    2 :  0.053 0.697 0.055 0.195 
476 OmyJC18ROGR    (2)    2 :  0.320 0.032 0.209 0.438 
477 OmyJC18ROGR    (3)    2 :  0.526 0.147 0.218 0.109 
478 OmyJC18ROGR    (0)    2 :  0.282 0.071 0.169 0.478 
479 OmyJC18ROGR    (0)    2 :  0.338 0.035 0.530 0.097 
480 OmyJC18ROGR    (0)    2 :  0.387 0.204 0.294 0.115 
481 OmyJC18ROGR    (2)    2 :  0.292 0.292 0.139 0.277 
482 OmyJC18ROGR    (3)    2 :  0.324 0.028 0.524 0.124 
483 OmyJC18ROGR    (3)    2 :  0.407 0.070 0.472 0.052 
484 OmyJC18ROGR    (3)    2 :  0.342 0.076 0.331 0.250 
485 OmyJC18ROGR    (2)    2 :  0.120 0.673 0.142 0.065 
486 OmyJC18ROGR    (2)    2 :  0.215 0.469 0.233 0.083 
487 OmyJC18ROGR    (1)    2 :  0.240 0.147 0.184 0.429 
488 OmyJC18ROGR    (3)    2 :  0.378 0.091 0.361 0.170 
489 OmyJC18ROGR    (0)    2 :  0.504 0.052 0.222 0.222 
490 OmyJC18ROGR    (2)    2 :  0.386 0.119 0.320 0.174 
491 OmyJC18ROGR    (4)    2 :  0.139 0.150 0.109 0.603 
492 OmyJC18ROGR    (4)    2 :  0.093 0.032 0.085 0.790 
493 OmyJC18ROGR    (3)    2 :  0.333 0.157 0.424 0.086 
494 OmyJC18ROGR    (3)    2 :  0.044 0.880 0.043 0.032 
495 OmyJC18ROGR    (3)    2 :  0.119 0.205 0.129 0.546 
496 OmyJC18ROGR    (0)    2 :  0.296 0.107 0.250 0.348 
497 OmyJC18ROGR    (5)    2 :  0.317 0.134 0.285 0.263 
498 OmyJC18ROGR    (3)    2 :  0.344 0.258 0.163 0.235 
499 OmyJC18ROGR    (1)    2 :  0.417 0.065 0.268 0.250 
500 OmyJC18ROGR    (1)    2 :  0.420 0.040 0.369 0.170 
501 OmyJC18ROGR    (3)    2 :  0.244 0.495 0.143 0.118 
502 OmyJC18ROGR    (1)    2 :  0.192 0.262 0.489 0.057 
503 OmyJC18ROGR    (4)    2 :  0.385 0.070 0.497 0.048 
504 OmyJC18ROGR    (1)    2 :  0.275 0.369 0.306 0.050 
505 OmyJC18ROGR    (0)    2 :  0.157 0.291 0.193 0.359 
506 OmyJC18ROGR    (6)    2 :  0.344 0.089 0.168 0.398 
507 OmyJC18ROGR    (0)    2 :  0.429 0.192 0.258 0.121 
508 OmyJC18ROGR    (0)    2 :  0.306 0.113 0.473 0.109 
509 OmyJC18ROGR    (2)    2 :  0.033 0.875 0.035 0.056 
510 OmyJC18ROGR    (1)    2 :  0.342 0.051 0.381 0.226 
511 OmyJC18ROGR    (3)    2 :  0.087 0.181 0.085 0.647 
512 OmyJC18ROGR    (2)    2 :  0.078 0.776 0.112 0.033 
513 OmyJC18ROGR    (7)    2 :  0.132 0.232 0.102 0.535 
514 OmyJC18ROGR    (3)    2 :  0.082 0.589 0.105 0.224 
515 OmyJC18ROGR    (0)    2 :  0.411 0.095 0.329 0.164 
516 OmyJC18ROGR    (2)    2 :  0.252 0.263 0.315 0.170 
517 OmyJC18ROGR    (2)    2 :  0.287 0.297 0.122 0.295 
518 OmyJC18ROGR    (0)    2 :  0.296 0.064 0.511 0.130 
519 OmyJC18ROGR    (7)    2 :  0.117 0.074 0.086 0.724 
520 OmyJC18ROGR    (4)    2 :  0.195 0.237 0.097 0.471 
521 OmyJC18ROGR    (1)    2 :  0.232 0.230 0.167 0.371 
522 OmyJC18ROGR    (1)    2 :  0.469 0.153 0.307 0.071 
523 OmyJC18ROGR    (3)    2 :  0.228 0.070 0.570 0.132 
524 OmyJC18ROGR    (1)    2 :  0.344 0.053 0.539 0.064 
525 OmyJC18ROGR    (2)    2 :  0.189 0.202 0.249 0.360 
526 OmyJC18ROGR    (1)    2 :  0.192 0.123 0.292 0.393 
527 OmyJC18ROGR    (0)    2 :  0.258 0.060 0.324 0.358 
528 OmyJC18ROGR    (0)    2 :  0.244 0.054 0.593 0.108 
529 OmyJC18ROGR    (1)    2 :  0.507 0.049 0.318 0.125 
530 OmyJC18ROGR    (0)    2 :  0.315 0.041 0.597 0.047 
531 OmyJC18ROGR    (0)    2 :  0.329 0.059 0.565 0.046 
532 OmyJC18ROGR    (1)    2 :  0.474 0.039 0.391 0.097 
533 OmyJC18ROGR    (2)    2 :  0.324 0.029 0.358 0.289 
534 OmyJC18ROGR    (2)    2 :  0.440 0.096 0.350 0.114 
535 OmyJC18ROGR    (0)    2 :  0.331 0.078 0.189 0.402 
536 OmyJC18ROGR    (0)    2 :  0.092 0.043 0.086 0.779 
537 OmyJC18ROGR    (0)    2 :  0.270 0.042 0.206 0.482 
538 OmyJC18ROGR    (0)    2 :  0.405 0.068 0.471 0.055 
539 OmyJC18ROGR    (1)    2 :  0.241 0.077 0.575 0.107 
540 OmyJC18ROGR    (6)    2 :  0.519 0.082 0.191 0.208 
541 OmyJC18ROGR    (1)    2 :  0.299 0.074 0.430 0.197 
542 OmyJC18ROGR    (1)    2 :  0.261 0.209 0.340 0.189 
543 OmyJC18ROGR    (0)    2 :  0.295 0.272 0.333 0.101 
544 OmyJC18ROGR    (2)    2 :  0.334 0.063 0.349 0.254 
545 OmyJC18ROGR    (1)    2 :  0.163 0.608 0.191 0.038 
546 OmyJC18ROGR    (6)    2 :  0.376 0.025 0.512 0.086 
547 OmyJC18ROGR    (0)    2 :  0.356 0.167 0.438 0.039 
548 OmyJC18ROGR    (1)    2 :  0.382 0.187 0.180 0.251 
549 OmyJC18ROGR    (0)    2 :  0.414 0.062 0.439 0.085 
550 OmyJC18ROGR    (1)    2 :  0.077 0.774 0.064 0.085 
551 OmyJC18ROGR    (1)    2 :  0.168 0.081 0.118 0.632 
552 OmyJC18ROGR    (2)    2 :  0.502 0.133 0.269 0.095 
553 OmyJC18ROGR    (7)    2 :  0.258 0.104 0.447 0.192 
554 OmyJC18ROGR    (2)    2 :  0.375 0.055 0.414 0.156 
555 OmyJC18ROGR    (3)    2 :  0.369 0.053 0.248 0.331 
556 OmyJC18ROGR    (0)    2 :  0.084 0.088 0.083 0.745 
557 OmyJC18ROGR    (1)    2 :  0.205 0.568 0.129 0.098 
558 OmyJC18ROGR    (0)    2 :  0.082 0.194 0.059 0.666 
559 OmyJC18ROGR    (0)    2 :  0.580 0.039 0.302 0.080 
560 OmyJC18ROGR    (5)    2 :  0.329 0.140 0.244 0.287 
561 OmyJC18ROGR    (0)    2 :  0.339 0.036 0.577 0.048 
562 OmyJC18ROGR    (6)    2 :  0.219 0.075 0.246 0.460 
563 OmyJC18ROGR    (2)    2 :  0.375 0.107 0.252 0.266 
564 OmyJC18ROGR    (3)    2 :  0.131 0.322 0.143 0.403 
565 OmyJC18ROGR    (3)    2 :  0.315 0.141 0.333 0.211 
566 OmyJC18ROGR    (1)    2 :  0.544 0.093 0.269 0.095 
567 OmyJC18ROGR    (0)    2 :  0.474 0.038 0.390 0.098 
568 OmyJC18ROGR    (3)    2 :  0.222 0.141 0.259 0.379 
569 OmyJC18ROGR    (2)    2 :  0.471 0.072 0.304 0.153 
570 OmyJC18ROGR    (0)    2 :  0.470 0.094 0.372 0.064 
571 OmyJC18ROGR    (1)    2 :  0.533 0.031 0.388 0.049 
572 OmyJC18ROGR    (4)    2 :  0.176 0.075 0.240 0.510 
573 OmyJC18ROGR    (3)    2 :  0.217 0.478 0.116 0.189 
574 OmyJC18ROGR    (5)    2 :  0.302 0.257 0.246 0.194 
575 OmyJC18ROGR    (3)    2 :  0.261 0.040 0.210 0.489 
576 OmyJC18ROGR    (0)    2 :  0.261 0.099 0.377 0.262 
577 OmyJC18ROGR    (0)    2 :  0.057 0.859 0.058 0.027 
578 OmyJC18ROGR    (1)    2 :  0.468 0.051 0.421 0.060 
579 OmyJC18ROGR    (0)    2 :  0.074 0.788 0.051 0.087 
580 OmyJC18ROGR    (0)    2 :  0.340 0.025 0.299 0.336 
581 OmyJC18ROGR    (3)    2 :  0.340 0.082 0.463 0.116 
582 OmyJC18ROGR    (6)    2 :  0.285 0.041 0.392 0.282 
583 OmyJC18ROGR    (3)    2 :  0.193 0.053 0.245 0.509 
584 OmyJC18ROGR    (3)    2 :  0.299 0.101 0.316 0.284 
585 OmyJC18ROGR    (1)    2 :  0.598 0.095 0.183 0.124 
586 OmyJC18ROGR    (1)    2 :  0.268 0.023 0.568 0.141 
587 OmyJC18ROGR    (0)    2 :  0.027 0.911 0.036 0.025 
588 OmyJC18ROGR    (0)    2 :  0.139 0.253 0.086 0.522 
589 OmyJC18ROGR    (1)    2 :  0.416 0.099 0.234 0.251 
590 OmyJC18ROGR    (2)    2 :  0.265 0.016 0.675 0.044 
591 OmyJC18ROGR    (0)    2 :  0.333 0.074 0.409 0.184 
592 OmyJC18ROGR    (3)    2 :  0.287 0.085 0.515 0.114 
593 OmyJC18ROGR    (0)    2 :  0.333 0.156 0.145 0.367 
594 OmyJC18ROGR    (1)    2 :  0.515 0.054 0.278 0.153 
595 OmyJC18ROGR    (0)    2 :  0.210 0.115 0.125 0.550 
596 OmyJC18ROGR    (1)    2 :  0.289 0.135 0.408 0.168 
597 OmyJC18ROGR    (0)    2 :  0.384 0.091 0.259 0.266 
598 OmyJC18ROGR    (1)    2 :  0.437 0.100 0.367 0.096 
599 OmyJC18ROGR    (0)    2 :  0.306 0.088 0.501 0.105 
600 OmyJC18ROGR    (0)    2 :  0.267 0.057 0.167 0.509 
601 OmyJC18ROGR    (0)    2 :  0.294 0.048 0.389 0.269 
602 OmyJC18ROGR    (0)    2 :  0.295 0.115 0.511 0.079 
603 OmyJC18ROGR    (0)    2 :  0.297 0.046 0.170 0.486 
604 OmyJC18ROGR    (0)    2 :  0.287 0.066 0.386 0.261 
605 OmyJC18ROGR    (0)    2 :  0.175 0.036 0.076 0.713 
606 OmyJC18ROGR    (0)    2 :  0.302 0.092 0.218 0.388 
607 OmyJC18ROGR    (0)    2 :  0.456 0.075 0.388 0.081 
608 OmyJC18ROGR    (0)    2 :  0.215 0.041 0.691 0.053 
609 OmyJC18ROGR    (0)    2 :  0.104 0.068 0.151 0.677 
610 OmyJC18ROGR    (4)    2 :  0.045 0.813 0.039 0.103 
611 OmyJC18ROGR    (0)    2 :  0.280 0.323 0.105 0.292 
612 OmyJC18ROGR    (2)    2 :  0.359 0.069 0.369 0.203 
613 OmyJC18ROGR    (0)    2 :  0.460 0.098 0.232 0.210 
614 OmyJC18ROGR    (0)    2 :  0.385 0.171 0.389 0.055 
615 OmyJC18ROGR    (0)    2 :  0.395 0.024 0.285 0.295 
616 OmyJC18ROGR    (0)    2 :  0.237 0.173 0.277 0.313 
617 OmyJC18ROGR    (0)    2 :  0.369 0.068 0.299 0.264 
618 OmyJC18ROGR    (0)    2 :  0.361 0.142 0.436 0.061 
619 OmyJC18ROGR    (0)    2 :  0.297 0.049 0.225 0.429 
620 OmyJC18ROGR    (0)    2 :  0.178 0.196 0.095 0.531 
621 OmyJC18ROGR    (1)    2 :  0.270 0.125 0.297 0.308 
622 OmyJC18ROGR    (2)    2 :  0.218 0.081 0.107 0.594 
623 OmyJC18ROGR    (1)    2 :  0.282 0.097 0.513 0.109 
624 OmyJC18ROGR    (2)    2 :  0.399 0.086 0.376 0.138 
625 OmyJC18ROGR    (0)    2 :  0.325 0.175 0.424 0.076 
626 OmyJC18ROGR    (6)    2 :  0.479 0.056 0.264 0.202 
627 OmyJC18ROGR    (0)    2 :  0.243 0.196 0.194 0.367 
628 OmyJC18ROGR    (0)    2 :  0.022 0.935 0.021 0.021 
629 OmyJC18ROGR    (1)    2 :  0.110 0.176 0.183 0.531 
630 OmyJC18ROGR    (1)    2 :  0.155 0.039 0.137 0.669 
631 OmyJC18ROGR    (3)    2 :  0.590 0.044 0.284 0.082 
632 OmyJC18ROGR    (0)    2 :  0.048 0.038 0.065 0.850 
633 OmyJC18ROGR    (4)    2 :  0.478 0.054 0.290 0.178 
634 OmyJC18ROGR    (2)    2 :  0.111 0.384 0.107 0.398 
635 OmyJC18ROGR    (0)    2 :  0.264 0.030 0.295 0.412 
636 OmyJC18ROGR    (0)    2 :  0.221 0.532 0.102 0.145 
637 OmyJC18ROGR    (0)    2 :  0.328 0.142 0.217 0.313 
638 OmyJC18ROGR    (0)    2 :  0.328 0.061 0.403 0.208 
639 OmyJC18ROGR    (1)    2 :  0.470 0.122 0.255 0.153 
640 OmyJC18ROGR    (1)    2 :  0.244 0.403 0.249 0.104 
641 OmyJC18ROGR    (0)    2 :  0.190 0.357 0.091 0.361 
642 OmyJC18ROGR    (3)    2 :  0.302 0.148 0.414 0.136 
643 OmyJC18ROGR    (1)    2 :  0.421 0.065 0.158 0.356 
644 OmyJC18ROGR    (7)    2 :  0.383 0.028 0.492 0.096 
645 OmyJC18ROGR    (4)    2 :  0.409 0.130 0.331 0.131 
646 OmyJC18ROGR    (0)    2 :  0.306 0.039 0.382 0.273 
647 OmyJC18ROGR    (1)    2 :  0.277 0.045 0.611 0.067 
648 OmyJC18ROGR    (1)    2 :  0.259 0.107 0.191 0.443 
649 OmyJC18ROGR    (0)    2 :  0.249 0.062 0.528 0.161 
650 OmyJC18ROGR    (1)    2 :  0.260 0.024 0.538 0.177 
651 OmyJC18ROGR    (5)    2 :  0.057 0.839 0.042 0.062 
652 OmyJC18ROGR    (1)    2 :  0.207 0.160 0.342 0.291 
653 OmyJC18ROGR    (3)    2 :  0.304 0.099 0.186 0.411 
654 OmyJC18ROGR    (1)    2 :  0.270 0.129 0.517 0.084 
655 OmyJC18ROGR    (2)    2 :  0.334 0.302 0.221 0.143 
656 OmyJC18ROGR    (0)    2 :  0.396 0.046 0.406 0.151 
657 OmyJC18ROGR    (0)    2 :  0.291 0.069 0.250 0.389 
658 OmyJC18ROGR    (0)    2 :  0.347 0.075 0.394 0.184 
659 OmyJC18ROGR    (5)    2 :  0.366 0.019 0.238 0.377 
660 OmyJC18ROGR    (3)    2 :  0.396 0.165 0.292 0.147 
661 OmyJC18ROGR    (2)    2 :  0.191 0.029 0.326 0.454 
662 OmyJC18ROGR    (1)    2 :  0.269 0.107 0.130 0.494 
663 OmyJC18ROGR    (2)    2 :  0.252 0.329 0.179 0.239 
664 OmyJC18ROGR    (0)    2 :  0.259 0.050 0.239 0.452 
665 OmyJC18ROGR    (0)    2 :  0.206 0.117 0.166 0.510 
666 OmyJC18ROGR    (0)    2 :  0.078 0.794 0.073 0.055 
667 OmyJC18ROGR    (0)    2 :  0.180 0.385 0.187 0.247 
668 OmyJC18ROGR    (2)    2 :  0.244 0.289 0.365 0.102 
669 OmyJC18ROGR    (4)    2 :  0.356 0.144 0.415 0.084 
670 OmyJC18ROGR    (6)    2 :  0.429 0.050 0.487 0.035 
671 OmyJC18ROGR    (3)    2 :  0.073 0.034 0.042 0.851 
672 OmyJC18ROGR    (0)    2 :  0.241 0.029 0.114 0.616 
673 OmyJC18ROGR    (4)    2 :  0.259 0.038 0.290 0.413 
674 OmyJC18ROGR    (0)    2 :  0.309 0.127 0.231 0.333 
675 OmyJC18ROGR    (0)    2 :  0.436 0.054 0.200 0.310 
