

----------------------------------------------------
STRUCTURE by Pritchard, Stephens and Donnelly (2000)
     and Falush, Stephens and Pritchard (2003)
       Code by Pritchard, Falush and Hubisz
             Version 2.3.4 (Jul 2012)
----------------------------------------------------



Command line arguments:   bin/structure -m "/Users/ddayan/FRA/premature_migration/Rogue_Half-Pounder/half-pounder/structure/halfpounder_2021/10k_20k_adm_corr/mainparams" -e "/Users/ddayan/FRA/premature_migration/Rogue_Half-Pounder/half-pounder/structure/halfpounder_2021/10k_20k_adm_corr/extraparams" 
Input File:    /Users/ddayan/FRA/premature_migration/Rogue_Half-Pounder/half-pounder/structure/halfpounder_2021/project_data

Run parameters:
   1000 individuals
   328 loci
   3 populations assumed
   10000 Burn-in period
   20000 Reps


--------------------------------------------
Proportion of membership of each pre-defined
 population in each of the 3 clusters

Given    Inferred Clusters       Number of
 Pop       1      2      3      Individuals

  1:     0.322  0.368  0.310      275
  2:     0.337  0.369  0.294      643
  3:     0.753  0.129  0.118       42
  4:     0.249  0.592  0.159       40
--------------------------------------------

Allele-freq. divergence among pops (Net nucleotide distance),
computed using point estimates of P.

      1       2       3      
 1      -    0.0033  0.0109  
 2   0.0033     -    0.0091  
 3   0.0109  0.0091     -    

Average distances (expected heterozygosity) between individuals in same cluster:
cluster  1  : 0.2898 
cluster  2  : 0.2953 
cluster  3  : 0.2630 

--------------------------------------------
Estimated Ln Prob of Data   = -285149.9
Mean value of ln likelihood = -284309.6
Variance of ln likelihood   = 1680.6
Mean value of alpha         = 0.5958

Mean value of Fst_1         = 0.0254
Mean value of Fst_2         = 0.0065
Mean value of Fst_3         = 0.0770


Inferred ancestry of individuals:
        Label (%Miss) Pop:  Inferred clusters
  1 OmyAC19ROGR    (0)    1 :  0.533 0.418 0.049 
  2 OmyAC19ROGR    (0)    1 :  0.586 0.205 0.209 
  3 OmyAC19ROGR    (0)    1 :  0.577 0.219 0.204 
  4 OmyAC19ROGR    (0)    1 :  0.406 0.517 0.077 
  5 OmyAC19ROGR    (1)    1 :  0.033 0.042 0.924 
  6 OmyAC19ROGR    (0)    1 :  0.236 0.395 0.369 
  7 OmyAC19ROGR    (0)    1 :  0.288 0.356 0.356 
  8 OmyAC19ROGR    (0)    1 :  0.496 0.437 0.067 
  9 OmyAC19ROGR    (0)    1 :  0.374 0.208 0.418 
 10 OmyAC19ROGR    (0)    1 :  0.286 0.170 0.544 
 11 OmyAC19ROGR    (0)    1 :  0.320 0.518 0.163 
 12 OmyAC19ROGR    (0)    1 :  0.164 0.591 0.245 
 13 OmyAC19ROGR    (0)    1 :  0.384 0.521 0.095 
 14 OmyAC19ROGR    (0)    1 :  0.082 0.362 0.555 
 15 OmyAC19ROGR    (0)    1 :  0.100 0.379 0.521 
 16 OmyAC19ROGR    (0)    1 :  0.364 0.395 0.240 
 17 OmyAC19ROGR    (0)    1 :  0.088 0.709 0.202 
 18 OmyAC19ROGR    (2)    1 :  0.677 0.242 0.081 
 19 OmyAC19ROGR    (1)    1 :  0.419 0.412 0.169 
 20 OmyAC19ROGR    (0)    1 :  0.134 0.479 0.387 
 21 OmyAC19ROGR    (1)    1 :  0.299 0.289 0.413 
 22 OmyAC19ROGR    (0)    1 :  0.623 0.178 0.200 
 23 OmyAC19ROGR    (0)    1 :  0.298 0.233 0.469 
 24 OmyAC19ROGR    (0)    1 :  0.852 0.097 0.051 
 25 OmyAC19ROGR    (0)    1 :  0.233 0.380 0.387 
 26 OmyAC19ROGR    (0)    1 :  0.526 0.215 0.259 
 27 OmyAC19ROGR    (1)    1 :  0.154 0.685 0.161 
 28 OmyAC19ROGR    (0)    1 :  0.820 0.084 0.096 
 29 OmyAC19ROGR    (0)    1 :  0.386 0.426 0.188 
 30 OmyAC19ROGR    (0)    1 :  0.122 0.111 0.766 
 31 OmyAC19ROGR    (0)    1 :  0.377 0.485 0.138 
 32 OmyAC19ROGR    (0)    1 :  0.443 0.257 0.300 
 33 OmyAC19ROGR    (1)    1 :  0.532 0.241 0.226 
 34 OmyAC19ROGR    (0)    1 :  0.165 0.235 0.600 
 35 OmyAC19ROGR    (0)    1 :  0.580 0.240 0.181 
 36 OmyAC19ROGR    (0)    1 :  0.258 0.394 0.348 
 37 OmyAC19ROGR    (0)    1 :  0.617 0.145 0.238 
 38 OmyAC19ROGR    (0)    1 :  0.374 0.111 0.515 
 39 OmyAC19ROGR    (0)    1 :  0.231 0.504 0.264 
 40 OmyAC19ROGR    (0)    1 :  0.128 0.418 0.454 
 41 OmyAC19ROGR    (1)    1 :  0.201 0.668 0.131 
 42 OmyAC19ROGR    (0)    1 :  0.055 0.094 0.851 
 43 OmyAC19ROGR    (0)    1 :  0.444 0.412 0.144 
 44 OmyAC19ROGR    (6)    1 :  0.407 0.457 0.136 
 45 OmyAC19ROGR    (1)    1 :  0.390 0.159 0.451 
 46 OmyAC19ROGR    (0)    1 :  0.597 0.191 0.212 
 47 OmyAC19ROGR    (0)    1 :  0.699 0.132 0.168 
 48 OmyAC19ROGR    (0)    1 :  0.356 0.510 0.134 
 49 OmyAC19ROGR    (0)    1 :  0.520 0.381 0.099 
 50 OmyAC19ROGR    (0)    1 :  0.110 0.806 0.084 
 51 OmyAC19ROGR    (2)    1 :  0.097 0.133 0.770 
 52 OmyAC19ROGR    (0)    1 :  0.076 0.077 0.847 
 53 OmyAC19ROGR    (1)    1 :  0.766 0.136 0.097 
 54 OmyAC19ROGR    (0)    1 :  0.625 0.193 0.183 
 55 OmyAC19ROGR    (3)    1 :  0.193 0.585 0.222 
 56 OmyAC19ROGR    (0)    1 :  0.657 0.138 0.205 
 57 OmyAC19ROGR    (0)    1 :  0.781 0.153 0.065 
 58 OmyAC19ROGR    (0)    1 :  0.122 0.142 0.735 
 59 OmyAC19ROGR    (0)    1 :  0.698 0.243 0.059 
 60 OmyAC19ROGR    (1)    1 :  0.254 0.447 0.299 
 61 OmyAC19ROGR    (0)    1 :  0.620 0.232 0.148 
 62 OmyAC19ROGR    (0)    1 :  0.355 0.521 0.124 
 63 OmyAC19ROGR    (0)    1 :  0.494 0.155 0.351 
 64 OmyAC19ROGR    (2)    1 :  0.259 0.530 0.211 
 65 OmyAC19ROGR    (0)    1 :  0.346 0.514 0.139 
 66 OmyAC19ROGR    (3)    1 :  0.124 0.401 0.475 
 67 OmyAC19ROGR    (0)    1 :  0.697 0.211 0.092 
 68 OmyAC19ROGR    (1)    1 :  0.577 0.238 0.186 
 69 OmyAC19ROGR    (2)    1 :  0.543 0.102 0.355 
 70 OmyAC19ROGR    (0)    1 :  0.528 0.372 0.100 
 71 OmyAC19ROGR    (0)    1 :  0.420 0.459 0.121 
 72 OmyAC19ROGR    (4)    1 :  0.318 0.587 0.095 
 73 OmyAC19ROGR    (0)    1 :  0.454 0.185 0.361 
 74 OmyAC19ROGR    (0)    1 :  0.110 0.799 0.091 
 75 OmyAC19ROGR    (0)    1 :  0.422 0.307 0.270 
 76 OmyAC19ROGR    (0)    1 :  0.751 0.108 0.141 
 77 OmyAC19ROGR    (1)    1 :  0.038 0.050 0.912 
 78 OmyAC19ROGR    (0)    1 :  0.305 0.558 0.138 
 79 OmyAC19ROGR    (2)    1 :  0.500 0.319 0.181 
 80 OmyAC19ROGR    (1)    1 :  0.142 0.135 0.724 
 81 OmyAC19ROGR    (2)    1 :  0.197 0.234 0.569 
 82 OmyAC19ROGR    (1)    1 :  0.780 0.158 0.062 
 83 OmyAC19ROGR    (0)    1 :  0.624 0.223 0.153 
 84 OmyAC19ROGR    (0)    1 :  0.254 0.374 0.372 
 85 OmyAC19ROGR    (5)    1 :  0.494 0.386 0.120 
 86 OmyAC19ROGR    (0)    1 :  0.084 0.643 0.272 
 87 OmyAC19ROGR    (1)    1 :  0.625 0.224 0.151 
 88 OmyJC19ROGR    (0)    2 :  0.074 0.089 0.837 
 89 OmyJC19ROGR    (0)    2 :  0.248 0.522 0.230 
 90 OmyJC19ROGR    (0)    2 :  0.048 0.063 0.889 
 91 OmyJC19ROGR    (1)    2 :  0.479 0.477 0.044 
 92 OmyJC19ROGR    (0)    2 :  0.692 0.155 0.153 
 93 OmyJC19ROGR    (0)    2 :  0.840 0.106 0.053 
 94 OmyJC19ROGR    (0)    2 :  0.136 0.540 0.324 
 95 OmyJC19ROGR    (0)    2 :  0.164 0.528 0.308 
 96 OmyJC19ROGR    (0)    2 :  0.198 0.601 0.202 
 97 OmyJC19ROGR    (0)    2 :  0.660 0.071 0.269 
 98 OmyJC19ROGR    (0)    2 :  0.359 0.533 0.107 
 99 OmyJC19ROGR    (0)    2 :  0.633 0.163 0.204 
100 OmyJC19ROGR    (1)    2 :  0.328 0.511 0.161 
101 OmyJC19ROGR    (0)    2 :  0.279 0.140 0.581 
102 OmyJC19ROGR    (0)    2 :  0.198 0.578 0.223 
103 OmyJC19ROGR    (0)    2 :  0.411 0.261 0.328 
104 OmyJC19ROGR    (0)    2 :  0.718 0.189 0.092 
105 OmyJC19ROGR    (0)    2 :  0.558 0.162 0.280 
106 OmyJC19ROGR    (0)    2 :  0.070 0.036 0.894 
107 OmyJC19ROGR    (1)    2 :  0.301 0.449 0.250 
108 OmyJC19ROGR    (0)    2 :  0.487 0.330 0.183 
109 OmyJC19ROGR    (0)    2 :  0.112 0.513 0.375 
110 OmyJC19ROGR    (0)    2 :  0.481 0.111 0.408 
111 OmyJC19ROGR    (1)    2 :  0.649 0.147 0.204 
112 OmyJC19ROGR    (2)    2 :  0.172 0.559 0.269 
113 OmyJC19ROGR    (0)    2 :  0.124 0.178 0.698 
114 OmyJC19ROGR    (3)    2 :  0.399 0.448 0.153 
115 OmyJC19ROGR    (1)    2 :  0.641 0.196 0.162 
116 OmyJC19ROGR    (0)    2 :  0.272 0.457 0.270 
117 OmyJC19ROGR    (0)    2 :  0.194 0.456 0.350 
118 OmyJC19ROGR    (0)    2 :  0.438 0.481 0.081 
119 OmyJC19ROGR    (2)    2 :  0.207 0.640 0.154 
120 OmyJC19ROGR    (0)    2 :  0.801 0.142 0.057 
121 OmyJC19ROGR    (0)    2 :  0.180 0.681 0.139 
122 OmyJC19ROGR    (0)    2 :  0.401 0.413 0.186 
123 OmyJC19ROGR    (0)    2 :  0.375 0.551 0.075 
124 OmyJC19ROGR    (0)    2 :  0.229 0.466 0.305 
125 OmyJC19ROGR    (0)    2 :  0.584 0.185 0.231 
126 OmyJC19ROGR    (1)    2 :  0.091 0.157 0.752 
127 OmyJC19ROGR    (0)    2 :  0.174 0.696 0.130 
128 OmyJC19ROGR    (1)    2 :  0.735 0.143 0.122 
129 OmyJC19ROGR    (0)    2 :  0.367 0.192 0.440 
130 OmyJC19ROGR    (2)    2 :  0.099 0.755 0.146 
131 OmyJC19ROGR    (0)    2 :  0.523 0.234 0.243 
132 OmyJC19ROGR    (1)    2 :  0.654 0.215 0.131 
133 OmyJC19ROGR    (0)    2 :  0.428 0.470 0.102 
134 OmyJC19ROGR    (0)    2 :  0.330 0.444 0.226 
135 OmyJC19ROGR    (1)    2 :  0.846 0.078 0.076 
136 OmyJC19ROGR    (3)    2 :  0.383 0.495 0.122 
137 OmyJC19ROGR    (0)    2 :  0.114 0.538 0.348 
138 OmyJC19ROGR    (0)    2 :  0.073 0.165 0.762 
139 OmyJC19ROGR    (2)    2 :  0.312 0.605 0.082 
140 OmyJC19ROGR    (2)    2 :  0.241 0.526 0.234 
141 OmyJC19ROGR    (0)    2 :  0.294 0.254 0.452 
142 OmyJC19ROGR    (0)    2 :  0.306 0.255 0.439 
143 OmyJC19ROGR    (0)    2 :  0.759 0.105 0.136 
144 OmyJC19ROGR    (0)    2 :  0.318 0.617 0.065 
145 OmyJC19ROGR    (0)    2 :  0.153 0.731 0.116 
146 OmyJC19ROGR    (1)    2 :  0.687 0.150 0.163 
147 OmyJC19ROGR    (0)    2 :  0.331 0.458 0.211 
148 OmyJC19ROGR    (0)    2 :  0.371 0.555 0.075 
149 OmyJC19ROGR    (1)    2 :  0.618 0.191 0.192 
150 OmyJC19ROGR    (1)    2 :  0.656 0.196 0.148 
151 OmyJC19ROGR    (0)    2 :  0.354 0.363 0.282 
152 OmyJC19ROGR    (0)    2 :  0.311 0.529 0.160 
153 OmyJC19ROGR    (0)    2 :  0.832 0.076 0.092 
154 OmyJC19ROGR    (1)    2 :  0.176 0.645 0.179 
155 OmyJC19ROGR    (0)    2 :  0.427 0.337 0.236 
156 OmyJC19ROGR    (1)    2 :  0.356 0.399 0.245 
157 OmyJC19ROGR    (0)    2 :  0.483 0.311 0.207 
158 OmyJC19ROGR    (0)    2 :  0.513 0.422 0.065 
159 OmyJC19ROGR    (0)    2 :  0.129 0.736 0.135 
160 OmyJC19ROGR    (0)    2 :  0.488 0.342 0.171 
161 OmyJC19ROGR    (0)    2 :  0.602 0.318 0.079 
162 OmyJC19ROGR    (0)    2 :  0.344 0.482 0.174 
163 OmyJC19ROGR    (0)    2 :  0.701 0.179 0.121 
164 OmyJC19ROGR    (0)    2 :  0.238 0.670 0.092 
165 OmyJC19ROGR    (0)    2 :  0.399 0.521 0.080 
166 OmyJC19ROGR    (0)    2 :  0.229 0.613 0.157 
167 OmyJC19ROGR    (1)    2 :  0.524 0.256 0.220 
168 OmyJC19ROGR    (0)    2 :  0.268 0.535 0.197 
169 OmyJC19ROGR    (0)    2 :  0.035 0.054 0.911 
170 OmyJC19ROGR    (0)    2 :  0.725 0.129 0.146 
171 OmyJC19ROGR    (0)    2 :  0.212 0.699 0.089 
172 OmyJC19ROGR    (0)    2 :  0.409 0.149 0.442 
173 OmyJC19ROGR    (0)    2 :  0.063 0.073 0.864 
174 OmyJC19ROGR    (0)    2 :  0.429 0.455 0.117 
175 OmyJC19ROGR    (0)    2 :  0.266 0.623 0.112 
176 OmyJC19ROGR    (0)    2 :  0.613 0.186 0.201 
177 OmyJC19ROGR    (0)    2 :  0.855 0.105 0.040 
178 OmyJC19ROGR    (0)    2 :  0.069 0.807 0.124 
179 OmyJC19ROGR    (0)    2 :  0.693 0.237 0.070 
180 OmyJC19ROGR    (0)    2 :  0.112 0.064 0.824 
181 OmyJC19ROGR    (0)    2 :  0.292 0.529 0.179 
182 OmyJC19ROGR    (0)    2 :  0.241 0.444 0.315 
183 OmyJC19ROGR    (0)    2 :  0.267 0.624 0.109 
184 OmyJC19ROGR    (0)    2 :  0.181 0.142 0.676 
185 OmyJC19ROGR    (1)    2 :  0.371 0.580 0.049 
186 OmyJC19ROGR    (0)    2 :  0.663 0.150 0.187 
187 OmyJC19ROGR    (0)    2 :  0.212 0.694 0.094 
188 OmyJC19ROGR    (0)    2 :  0.343 0.544 0.114 
189 OmyJC19ROGR    (0)    2 :  0.491 0.188 0.321 
190 OmyJC19ROGR    (0)    2 :  0.750 0.136 0.114 
191 OmyJC19ROGR    (0)    2 :  0.714 0.188 0.097 
192 OmyJC19ROGR    (0)    2 :  0.095 0.778 0.127 
193 OmyJC19ROGR    (1)    2 :  0.331 0.381 0.288 
194 OmyJC19ROGR    (0)    2 :  0.142 0.794 0.064 
195 OmyJC19ROGR    (0)    2 :  0.067 0.135 0.798 
196 OmyJC19ROGR    (0)    2 :  0.142 0.714 0.144 
197 OmyJC19ROGR    (0)    2 :  0.595 0.242 0.163 
198 OmyJC19ROGR    (0)    2 :  0.119 0.121 0.759 
199 OmyJC19ROGR    (0)    2 :  0.328 0.585 0.087 
200 OmyJC19ROGR    (0)    2 :  0.641 0.163 0.195 
201 OmyJC19ROGR    (0)    2 :  0.238 0.682 0.080 
202 OmyJC19ROGR    (0)    2 :  0.848 0.108 0.044 
203 OmyJC19ROGR    (0)    2 :  0.408 0.452 0.139 
204 OmyJC19ROGR    (0)    2 :  0.340 0.520 0.141 
205 OmyJC19ROGR    (0)    2 :  0.254 0.452 0.295 
206 OmyJC19ROGR    (0)    2 :  0.076 0.070 0.854 
207 OmyJC19ROGR    (0)    2 :  0.197 0.393 0.410 
208 OmyJC19ROGR    (0)    2 :  0.143 0.739 0.118 
209 OmyJC19ROGR    (0)    2 :  0.298 0.130 0.572 
210 OmyJC19ROGR    (0)    2 :  0.045 0.080 0.875 
211 OmyJC19ROGR    (0)    2 :  0.361 0.278 0.362 
212 OmyJC19ROGR    (1)    2 :  0.546 0.153 0.301 
213 OmyJC19ROGR    (1)    2 :  0.354 0.517 0.129 
214 OmyJC19ROGR    (0)    2 :  0.184 0.665 0.151 
215 OmyJC19ROGR    (0)    2 :  0.262 0.644 0.094 
216 OmyJC19ROGR    (0)    2 :  0.067 0.125 0.808 
217 OmyJC19ROGR    (0)    2 :  0.180 0.292 0.528 
218 OmyJC19ROGR    (0)    2 :  0.680 0.222 0.098 
219 OmyJC19ROGR    (0)    2 :  0.094 0.663 0.243 
220 OmyJC19ROGR    (0)    2 :  0.445 0.511 0.044 
221 OmyJC19ROGR    (0)    2 :  0.246 0.312 0.443 
222 OmyJC19ROGR    (0)    2 :  0.598 0.290 0.111 
223 OmyJC19ROGR    (0)    2 :  0.268 0.575 0.157 
224 OmyJC19ROGR    (0)    2 :  0.154 0.759 0.088 
225 OmyJC19ROGR    (0)    2 :  0.042 0.044 0.913 
226 OmyJC19ROGR    (0)    2 :  0.140 0.466 0.394 
227 OmyJC19ROGR    (1)    2 :  0.082 0.052 0.866 
228 OmyJC19ROGR    (0)    2 :  0.114 0.790 0.096 
229 OmyJC19ROGR    (1)    2 :  0.479 0.418 0.103 
230 OmyJC19ROGR    (0)    2 :  0.410 0.226 0.363 
231 OmyJC19ROGR    (0)    2 :  0.163 0.594 0.243 
232 OmyJC19ROGR    (1)    2 :  0.372 0.470 0.158 
233 OmyJC19ROGR    (0)    2 :  0.276 0.406 0.318 
234 OmyJC19ROGR    (0)    2 :  0.063 0.054 0.882 
235 OmyJC19ROGR    (0)    2 :  0.204 0.112 0.684 
236 OmyJC19ROGR    (1)    2 :  0.366 0.531 0.103 
237 OmyJC19ROGR    (0)    2 :  0.331 0.500 0.170 
238 OmyJC19ROGR    (0)    2 :  0.165 0.590 0.245 
239 OmyJC19ROGR    (0)    2 :  0.244 0.503 0.253 
240 OmyJC19ROGR    (0)    2 :  0.344 0.501 0.155 
241 OmyJC19ROGR    (0)    2 :  0.573 0.205 0.222 
242 OmyJC19ROGR    (0)    2 :  0.427 0.490 0.083 
243 OmyJC19ROGR    (0)    2 :  0.542 0.311 0.147 
244 OmyJC19ROGR    (0)    2 :  0.575 0.247 0.178 
245 OmyJC19ROGR    (0)    2 :  0.044 0.042 0.913 
246 OmyJC19ROGR    (0)    2 :  0.505 0.171 0.325 
247 OmyJC19ROGR    (0)    2 :  0.219 0.150 0.631 
248 OmyJC19ROGR    (0)    2 :  0.213 0.177 0.611 
249 OmyJC19ROGR    (0)    2 :  0.174 0.603 0.223 
250 OmyJC19ROGR    (0)    2 :  0.300 0.469 0.231 
251 OmyJC19ROGR    (0)    2 :  0.291 0.560 0.149 
252 OmyJC19ROGR    (0)    2 :  0.799 0.100 0.102 
253 OmyJC19ROGR    (0)    2 :  0.298 0.456 0.246 
254 OmyJC19ROGR    (0)    2 :  0.572 0.250 0.178 
255 OmyJC19ROGR    (0)    2 :  0.716 0.187 0.097 
256 OmyJC19ROGR    (0)    2 :  0.419 0.157 0.424 
257 OmyJC19ROGR    (0)    2 :  0.263 0.485 0.252 
258 OmyAC19ROGR    (0)    1 :  0.304 0.361 0.336 
259 OmyAC19ROGR    (1)    1 :  0.167 0.284 0.549 
260 OmyAC19ROGR    (0)    1 :  0.204 0.715 0.081 
261 OmyAC19ROGR    (0)    1 :  0.194 0.623 0.183 
262 OmyAC19ROGR    (0)    1 :  0.315 0.421 0.265 
263 OmyAC19ROGR    (0)    1 :  0.627 0.239 0.135 
264 OmyAC19ROGR    (0)    1 :  0.311 0.489 0.200 
265 OmyAC19ROGR    (0)    1 :  0.434 0.410 0.155 
266 OmyAC19ROGR    (0)    1 :  0.206 0.715 0.079 
267 OmyAC19ROGR    (0)    1 :  0.283 0.403 0.314 
268 OmyAC19ROGR    (1)    1 :  0.494 0.188 0.318 
269 OmyAC19ROGR    (1)    1 :  0.192 0.485 0.324 
270 OmyAC19ROGR    (0)    1 :  0.637 0.263 0.100 
271 OmyAC19ROGR    (0)    1 :  0.191 0.345 0.464 
272 OmyAC19ROGR    (0)    1 :  0.154 0.495 0.351 
273 OmyAC19ROGR    (0)    1 :  0.459 0.417 0.124 
274 OmyAC19ROGR    (0)    1 :  0.102 0.099 0.799 
275 OmyAC19ROGR    (0)    1 :  0.469 0.271 0.260 
276 OmyAC19ROGR    (0)    1 :  0.307 0.487 0.206 
277 OmyAC19ROGR    (0)    1 :  0.131 0.643 0.226 
278 OmyAC19ROGR    (0)    1 :  0.142 0.369 0.489 
279 OmyAC19ROGR    (0)    1 :  0.141 0.483 0.376 
280 OmyAC19ROGR    (0)    1 :  0.472 0.241 0.287 
281 OmyAC19ROGR    (0)    1 :  0.262 0.581 0.157 
282 OmyAC19ROGR    (0)    1 :  0.386 0.274 0.340 
283 OmyAC19ROGR    (0)    1 :  0.189 0.669 0.142 
284 OmyAC19ROGR    (0)    1 :  0.373 0.545 0.082 
285 OmyAC19ROGR    (0)    1 :  0.508 0.360 0.132 
286 OmyAC19ROGR    (0)    1 :  0.416 0.503 0.081 
287 OmyAC19ROGR    (0)    1 :  0.027 0.029 0.944 
288 OmyAC19ROGR    (0)    1 :  0.083 0.112 0.805 
289 OmyAC19ROGR    (0)    1 :  0.220 0.476 0.304 
290 OmyAC19ROGR    (1)    1 :  0.048 0.041 0.911 
291 OmyAC19ROGR    (0)    1 :  0.300 0.177 0.523 
292 OmyAC19ROGR    (1)    1 :  0.211 0.434 0.355 
293 OmyAC19ROGR    (0)    1 :  0.770 0.145 0.085 
294 OmyAC19ROGR    (0)    1 :  0.150 0.353 0.497 
295 OmyAC19ROGR    (0)    1 :  0.377 0.530 0.093 
296 OmyAC19ROGR    (0)    1 :  0.273 0.616 0.111 
297 OmyAC19ROGR    (0)    1 :  0.074 0.127 0.799 
298 OmyAC19ROGR    (0)    1 :  0.148 0.766 0.086 
299 OmyAC19ROGR    (0)    1 :  0.404 0.195 0.401 
300 OmyAC19ROGR    (0)    1 :  0.275 0.604 0.121 
301 OmyAC19ROGR    (0)    1 :  0.051 0.054 0.895 
302 OmyAC19ROGR    (0)    1 :  0.126 0.307 0.567 
303 OmyAC19ROGR    (0)    1 :  0.181 0.553 0.266 
304 OmyAC19ROGR    (0)    1 :  0.232 0.443 0.325 
305 OmyAC19ROGR    (0)    1 :  0.254 0.633 0.114 
306 OmyAC19ROGR    (0)    1 :  0.061 0.201 0.738 
307 OmyAC19ROGR    (1)    1 :  0.481 0.437 0.082 
308 OmyAC19ROGR    (0)    1 :  0.172 0.579 0.249 
309 OmyAC19ROGR    (1)    1 :  0.062 0.064 0.874 
310 OmyAC19ROGR    (0)    1 :  0.224 0.273 0.503 
311 OmyAC19ROGR    (0)    1 :  0.138 0.273 0.589 
312 OmyAC19ROGR    (0)    1 :  0.618 0.269 0.113 
313 OmyAC19ROGR    (0)    1 :  0.353 0.578 0.070 
314 OmyAC19ROGR    (0)    1 :  0.691 0.182 0.126 
315 OmyAC19ROGR    (0)    1 :  0.311 0.485 0.204 
316 OmyAC19ROGR    (0)    1 :  0.302 0.566 0.132 
317 OmyAC19ROGR    (0)    1 :  0.659 0.213 0.129 
318 OmyAC19ROGR    (0)    1 :  0.689 0.232 0.079 
319 OmyAC19ROGR    (1)    1 :  0.352 0.587 0.061 
320 OmyAC19ROGR    (0)    1 :  0.214 0.743 0.044 
321 OmyAC19ROGR    (0)    1 :  0.223 0.678 0.099 
322 OmyAC19ROGR    (0)    1 :  0.177 0.242 0.581 
323 OmyAC19ROGR    (0)    1 :  0.086 0.831 0.083 
324 OmyAC19ROGR    (0)    1 :  0.374 0.517 0.109 
325 OmyAC19ROGR    (0)    1 :  0.180 0.294 0.526 
326 OmyAC19ROGR    (0)    1 :  0.163 0.675 0.162 
327 OmyAC19ROGR    (0)    1 :  0.323 0.562 0.115 
328 OmyAC20ROGR    (1)    1 :  0.334 0.566 0.100 
329 OmyAC20ROGR    (0)    1 :  0.530 0.267 0.203 
330 OmyAC20ROGR    (0)    1 :  0.414 0.383 0.203 
331 OmyAC20ROGR    (0)    1 :  0.298 0.233 0.469 
332 OmyAC20ROGR    (0)    1 :  0.399 0.239 0.362 
333 OmyAC20ROGR    (0)    1 :  0.382 0.175 0.442 
334 OmyAC20ROGR    (0)    1 :  0.733 0.193 0.074 
335 OmyAC20ROGR    (0)    1 :  0.470 0.398 0.132 
336 OmyAC20ROGR    (0)    1 :  0.318 0.338 0.344 
337 OmyAC20ROGR    (0)    1 :  0.185 0.241 0.574 
338 OmyAC20ROGR    (0)    1 :  0.466 0.254 0.281 
339 OmyAC20ROGR    (0)    1 :  0.251 0.492 0.257 
340 OmyAC20ROGR    (0)    1 :  0.712 0.130 0.158 
341 OmyAC20ROGR    (0)    1 :  0.657 0.140 0.202 
342 OmyAC20ROGR    (0)    1 :  0.373 0.297 0.330 
343 OmyAC20ROGR    (0)    1 :  0.582 0.237 0.181 
344 OmyAC20ROGR    (0)    1 :  0.491 0.177 0.332 
345 OmyAC20ROGR    (1)    1 :  0.172 0.490 0.338 
346 OmyAC20ROGR    (0)    1 :  0.308 0.313 0.379 
347 OmyAC20ROGR    (0)    1 :  0.249 0.375 0.377 
348 OmyAC20ROGR    (0)    1 :  0.518 0.142 0.339 
349 OmyAC20ROGR    (0)    1 :  0.620 0.223 0.157 
350 OmyAC20ROGR    (0)    1 :  0.253 0.513 0.234 
351 OmyAC20ROGR    (0)    1 :  0.457 0.253 0.290 
352 OmyAC20ROGR    (0)    1 :  0.251 0.592 0.157 
353 OmyAC20ROGR    (0)    1 :  0.426 0.459 0.115 
354 OmyAC20ROGR    (0)    1 :  0.436 0.150 0.414 
355 OmyAC20ROGR    (0)    1 :  0.534 0.277 0.190 
356 OmyAC20ROGR    (0)    1 :  0.293 0.579 0.128 
357 OmyAC20ROGR    (0)    1 :  0.170 0.568 0.262 
358 OmyAC20ROGR    (0)    1 :  0.203 0.670 0.127 
359 OmyAC20ROGR    (0)    1 :  0.070 0.573 0.358 
360 OmyAC20ROGR    (0)    1 :  0.298 0.298 0.404 
361 OmyAC20ROGR    (0)    1 :  0.131 0.754 0.115 
362 OmyAC20ROGR    (0)    1 :  0.170 0.688 0.142 
363 OmyAC20ROGR    (0)    1 :  0.468 0.239 0.293 
364 OmyAC20ROGR    (1)    1 :  0.616 0.268 0.116 
365 OmyAC20ROGR    (0)    1 :  0.277 0.655 0.069 
366 OmyAC20ROGR    (0)    1 :  0.525 0.380 0.094 
367 OmyAC20ROGR    (0)    1 :  0.269 0.461 0.270 
368 OmyAC20ROGR    (1)    1 :  0.131 0.633 0.236 
369 OmyAC20ROGR    (0)    1 :  0.354 0.195 0.451 
370 OmyAC20ROGR    (0)    1 :  0.114 0.127 0.760 
371 OmyAC20ROGR    (0)    1 :  0.074 0.094 0.831 
372 OmyAC20ROGR    (2)    1 :  0.059 0.057 0.885 
373 OmyAC20ROGR    (0)    1 :  0.122 0.324 0.554 
374 OmyAC20ROGR    (0)    1 :  0.444 0.462 0.094 
375 OmyAC20ROGR    (0)    1 :  0.260 0.523 0.217 
376 OmyAC20ROGR    (0)    1 :  0.194 0.196 0.610 
377 OmyAC20ROGR    (0)    1 :  0.629 0.298 0.073 
378 OmyAC20ROGR    (0)    1 :  0.538 0.380 0.082 
379 OmyAC20ROGR    (0)    1 :  0.247 0.201 0.552 
380 OmyAC20ROGR    (1)    1 :  0.286 0.640 0.074 
381 OmyAC20ROGR    (0)    1 :  0.152 0.603 0.245 
382 OmyAC20ROGR    (0)    1 :  0.051 0.072 0.876 
383 OmyAC20ROGR    (0)    1 :  0.116 0.526 0.358 
384 OmyAC20ROGR    (0)    1 :  0.336 0.201 0.463 
385 OmyAC20ROGR    (0)    1 :  0.087 0.500 0.413 
386 OmyAC20ROGR    (0)    1 :  0.347 0.346 0.307 
387 OmyAC20ROGR    (0)    1 :  0.117 0.412 0.472 
388 OmyAC20ROGR    (0)    1 :  0.390 0.183 0.427 
389 OmyAC20ROGR    (0)    1 :  0.152 0.748 0.100 
390 OmyAC20ROGR    (0)    1 :  0.288 0.631 0.080 
391 OmyAC20ROGR    (0)    1 :  0.276 0.210 0.515 
392 OmyAC20ROGR    (0)    1 :  0.320 0.249 0.432 
393 OmyAC20ROGR    (0)    1 :  0.455 0.347 0.198 
394 OmyAC20ROGR    (1)    1 :  0.207 0.561 0.232 
395 OmyAC20ROGR    (0)    1 :  0.427 0.386 0.186 
396 OmyAC20ROGR    (0)    1 :  0.232 0.624 0.144 
397 OmyAC20ROGR    (0)    1 :  0.157 0.413 0.430 
398 OmyAC20ROGR    (0)    1 :  0.191 0.106 0.704 
399 OmyAC20ROGR    (0)    1 :  0.274 0.362 0.364 
400 OmyAC20ROGR    (0)    1 :  0.298 0.412 0.289 
401 OmyAC20ROGR    (1)    1 :  0.085 0.061 0.854 
402 OmyAC20ROGR    (0)    1 :  0.646 0.272 0.082 
403 OmyAC20ROGR    (0)    1 :  0.456 0.250 0.294 
404 OmyAC20ROGR    (0)    1 :  0.641 0.280 0.079 
405 OmyAC20ROGR    (0)    1 :  0.142 0.383 0.475 
406 OmyAC20ROGR    (0)    1 :  0.505 0.269 0.227 
407 OmyAC20ROGR    (0)    1 :  0.106 0.740 0.155 
408 OmyAC20ROGR    (0)    1 :  0.443 0.347 0.210 
409 OmyAC20ROGR    (0)    1 :  0.100 0.736 0.164 
410 OmyAC20ROGR    (0)    1 :  0.035 0.080 0.885 
411 OmyAC20ROGR    (0)    1 :  0.160 0.190 0.650 
412 OmyAC20ROGR    (0)    1 :  0.504 0.239 0.257 
413 OmyAC20ROGR    (0)    1 :  0.101 0.760 0.140 
414 OmyAC20ROGR    (0)    1 :  0.348 0.176 0.476 
415 OmyAC20ROGR    (0)    1 :  0.376 0.535 0.089 
416 OmyAC20ROGR    (0)    1 :  0.412 0.386 0.202 
417 OmyAC20ROGR    (0)    1 :  0.304 0.597 0.099 
418 OmyAC20ROGR    (0)    1 :  0.215 0.439 0.345 
419 OmyAC20ROGR    (0)    1 :  0.109 0.381 0.510 
420 OmyAC20ROGR    (0)    1 :  0.482 0.420 0.099 
421 OmyAC20ROGR    (0)    1 :  0.464 0.287 0.249 
422 OmyAC20ROGR    (0)    1 :  0.067 0.053 0.880 
423 OmyAC20ROGR    (0)    1 :  0.097 0.804 0.098 
424 OmyAC20ROGR    (0)    1 :  0.182 0.731 0.087 
425 OmyAC20ROGR    (0)    1 :  0.118 0.055 0.827 
426 OmyAC20ROGR    (0)    1 :  0.231 0.539 0.230 
427 OmyAC20ROGR    (0)    1 :  0.236 0.375 0.389 
428 OmyAC20ROGR    (0)    1 :  0.057 0.046 0.897 
429 OmyAC20ROGR    (0)    1 :  0.212 0.695 0.094 
430 OmyAC20ROGR    (0)    1 :  0.100 0.664 0.236 
431 OmyAC20ROGR    (0)    1 :  0.226 0.177 0.598 
432 OmyAC20ROGR    (0)    1 :  0.080 0.081 0.839 
433 OmyAC20ROGR    (0)    1 :  0.067 0.065 0.868 
434 OmyAC20ROGR    (0)    1 :  0.087 0.527 0.386 
435 OmyAC20ROGR    (0)    1 :  0.615 0.307 0.078 
436 OmyAC20ROGR    (0)    1 :  0.099 0.771 0.130 
437 OmyAC20ROGR    (0)    1 :  0.115 0.191 0.694 
438 OmyAC20ROGR    (0)    1 :  0.188 0.274 0.538 
439 OmyAC20ROGR    (0)    1 :  0.179 0.633 0.188 
440 OmyAC20ROGR    (0)    1 :  0.103 0.109 0.788 
441 OmyAC20ROGR    (0)    1 :  0.279 0.653 0.068 
442 OmyAC20ROGR    (0)    1 :  0.239 0.580 0.181 
443 OmyAC20ROGR    (0)    1 :  0.632 0.302 0.067 
444 OmyAC20ROGR    (0)    1 :  0.116 0.611 0.272 
445 OmyAC20ROGR    (0)    1 :  0.167 0.572 0.261 
446 OmyJC18ROGR    (0)    2 :  0.585 0.276 0.140 
447 OmyJC18ROGR    (0)    2 :  0.259 0.573 0.168 
448 OmyJC18ROGR    (0)    2 :  0.127 0.707 0.166 
449 OmyJC18ROGR    (0)    2 :  0.147 0.135 0.717 
450 OmyJC18ROGR    (0)    2 :  0.156 0.132 0.712 
451 OmyJC18ROGR    (0)    2 :  0.062 0.083 0.855 
452 OmyJC18ROGR    (0)    2 :  0.378 0.221 0.402 
453 OmyJC18ROGR    (0)    2 :  0.702 0.195 0.103 
454 OmyJC18ROGR    (0)    2 :  0.067 0.084 0.849 
455 OmyJC18ROGR    (0)    2 :  0.172 0.713 0.115 
456 OmyJC18ROGR    (0)    2 :  0.042 0.086 0.873 
457 OmyJC18ROGR    (0)    2 :  0.200 0.635 0.164 
458 OmyJC18ROGR    (0)    2 :  0.500 0.211 0.289 
459 OmyJC18ROGR    (0)    2 :  0.621 0.312 0.067 
460 OmyJC18ROGR    (2)    2 :  0.183 0.277 0.540 
461 OmyJC18ROGR    (1)    2 :  0.385 0.175 0.440 
462 OmyJC18ROGR    (3)    2 :  0.250 0.215 0.535 
463 OmyJC18ROGR    (1)    2 :  0.135 0.122 0.743 
464 OmyJC18ROGR    (3)    2 :  0.124 0.797 0.079 
465 OmyJC18ROGR    (3)    2 :  0.166 0.681 0.153 
466 OmyJC18ROGR    (0)    2 :  0.245 0.382 0.373 
467 OmyJC18ROGR    (1)    2 :  0.253 0.607 0.141 
468 OmyJC18ROGR    (0)    2 :  0.155 0.667 0.178 
469 OmyJC18ROGR    (0)    2 :  0.088 0.145 0.766 
470 OmyJC18ROGR    (3)    2 :  0.154 0.208 0.638 
471 OmyJC18ROGR    (1)    2 :  0.314 0.249 0.438 
472 OmyJC18ROGR    (1)    2 :  0.246 0.506 0.247 
473 OmyJC18ROGR    (2)    2 :  0.309 0.583 0.108 
474 OmyJC18ROGR    (0)    2 :  0.629 0.258 0.114 
475 OmyJC18ROGR    (1)    2 :  0.220 0.071 0.709 
476 OmyJC18ROGR    (2)    2 :  0.608 0.329 0.063 
477 OmyJC18ROGR    (3)    2 :  0.265 0.467 0.268 
478 OmyJC18ROGR    (0)    2 :  0.642 0.210 0.148 
479 OmyJC18ROGR    (0)    2 :  0.183 0.747 0.069 
480 OmyJC18ROGR    (0)    2 :  0.208 0.463 0.328 
481 OmyJC18ROGR    (2)    2 :  0.356 0.272 0.372 
482 OmyJC18ROGR    (3)    2 :  0.226 0.713 0.061 
483 OmyJC18ROGR    (3)    2 :  0.103 0.749 0.148 
484 OmyJC18ROGR    (3)    2 :  0.384 0.465 0.152 
485 OmyJC18ROGR    (2)    2 :  0.114 0.175 0.711 
486 OmyJC18ROGR    (2)    2 :  0.127 0.319 0.555 
487 OmyJC18ROGR    (1)    2 :  0.548 0.206 0.246 
488 OmyJC18ROGR    (3)    2 :  0.408 0.389 0.203 
489 OmyJC18ROGR    (0)    2 :  0.468 0.417 0.114 
490 OmyJC18ROGR    (2)    2 :  0.284 0.491 0.225 
491 OmyJC18ROGR    (4)    2 :  0.587 0.163 0.251 
492 OmyJC18ROGR    (4)    2 :  0.741 0.193 0.066 
493 OmyJC18ROGR    (3)    2 :  0.161 0.561 0.278 
494 OmyJC18ROGR    (3)    2 :  0.050 0.065 0.885 
495 OmyJC18ROGR    (3)    2 :  0.551 0.147 0.302 
496 OmyJC18ROGR    (0)    2 :  0.481 0.306 0.213 
497 OmyJC18ROGR    (5)    2 :  0.393 0.349 0.258 
498 OmyJC18ROGR    (3)    2 :  0.391 0.219 0.390 
499 OmyJC18ROGR    (1)    2 :  0.403 0.449 0.148 
500 OmyJC18ROGR    (1)    2 :  0.408 0.503 0.089 
501 OmyJC18ROGR    (3)    2 :  0.209 0.214 0.578 
502 OmyJC18ROGR    (1)    2 :  0.095 0.532 0.373 
503 OmyJC18ROGR    (4)    2 :  0.090 0.768 0.142 
504 OmyJC18ROGR    (1)    2 :  0.101 0.424 0.475 
505 OmyJC18ROGR    (0)    2 :  0.388 0.220 0.392 
506 OmyJC18ROGR    (6)    2 :  0.577 0.249 0.175 
507 OmyJC18ROGR    (0)    2 :  0.210 0.471 0.319 
508 OmyJC18ROGR    (0)    2 :  0.186 0.603 0.211 
509 OmyJC18ROGR    (2)    2 :  0.074 0.064 0.862 
510 OmyJC18ROGR    (1)    2 :  0.326 0.576 0.098 
511 OmyJC18ROGR    (3)    2 :  0.638 0.106 0.256 
512 OmyJC18ROGR    (2)    2 :  0.070 0.146 0.785 
513 OmyJC18ROGR    (7)    2 :  0.530 0.135 0.335 
514 OmyJC18ROGR    (3)    2 :  0.258 0.126 0.616 
515 OmyJC18ROGR    (0)    2 :  0.286 0.524 0.191 
516 OmyJC18ROGR    (2)    2 :  0.299 0.342 0.358 
517 OmyJC18ROGR    (2)    2 :  0.401 0.203 0.396 
518 OmyJC18ROGR    (0)    2 :  0.225 0.621 0.154 
519 OmyJC18ROGR    (7)    2 :  0.731 0.107 0.161 
520 OmyJC18ROGR    (4)    2 :  0.516 0.118 0.366 
521 OmyJC18ROGR    (1)    2 :  0.457 0.220 0.323 
522 OmyJC18ROGR    (1)    2 :  0.132 0.598 0.270 
523 OmyJC18ROGR    (3)    2 :  0.233 0.629 0.138 
524 OmyJC18ROGR    (1)    2 :  0.132 0.761 0.107 
525 OmyJC18ROGR    (2)    2 :  0.433 0.240 0.327 
526 OmyJC18ROGR    (1)    2 :  0.458 0.320 0.222 
527 OmyJC18ROGR    (0)    2 :  0.565 0.318 0.117 
528 OmyJC18ROGR    (0)    2 :  0.249 0.626 0.125 
529 OmyJC18ROGR    (1)    2 :  0.373 0.513 0.114 
530 OmyJC18ROGR    (0)    2 :  0.116 0.807 0.077 
531 OmyJC18ROGR    (0)    2 :  0.113 0.758 0.129 
532 OmyJC18ROGR    (1)    2 :  0.176 0.744 0.080 
533 OmyJC18ROGR    (2)    2 :  0.588 0.345 0.067 
534 OmyJC18ROGR    (2)    2 :  0.241 0.571 0.189 
535 OmyJC18ROGR    (0)    2 :  0.513 0.329 0.158 
536 OmyJC18ROGR    (0)    2 :  0.785 0.123 0.092 
537 OmyJC18ROGR    (0)    2 :  0.622 0.289 0.089 
538 OmyJC18ROGR    (0)    2 :  0.123 0.746 0.131 
539 OmyJC18ROGR    (1)    2 :  0.204 0.625 0.170 
540 OmyJC18ROGR    (6)    2 :  0.460 0.370 0.170 
541 OmyJC18ROGR    (1)    2 :  0.374 0.464 0.162 
542 OmyJC18ROGR    (1)    2 :  0.345 0.319 0.336 
543 OmyJC18ROGR    (0)    2 :  0.228 0.356 0.416 
544 OmyJC18ROGR    (2)    2 :  0.472 0.384 0.144 
545 OmyJC18ROGR    (1)    2 :  0.064 0.275 0.660 
546 OmyJC18ROGR    (6)    2 :  0.202 0.740 0.058 
547 OmyJC18ROGR    (0)    2 :  0.086 0.631 0.283 
548 OmyJC18ROGR    (1)    2 :  0.398 0.284 0.318 
549 OmyJC18ROGR    (0)    2 :  0.198 0.652 0.150 
550 OmyJC18ROGR    (1)    2 :  0.124 0.085 0.790 
551 OmyJC18ROGR    (1)    2 :  0.688 0.157 0.156 
552 OmyJC18ROGR    (2)    2 :  0.250 0.481 0.269 
553 OmyJC18ROGR    (7)    2 :  0.309 0.499 0.191 
554 OmyJC18ROGR    (2)    2 :  0.321 0.565 0.114 
555 OmyJC18ROGR    (3)    2 :  0.499 0.390 0.110 
556 OmyJC18ROGR    (0)    2 :  0.755 0.078 0.166 
557 OmyJC18ROGR    (1)    2 :  0.168 0.210 0.622 
558 OmyJC18ROGR    (0)    2 :  0.641 0.099 0.260 
559 OmyJC18ROGR    (0)    2 :  0.164 0.752 0.084 
560 OmyJC18ROGR    (5)    2 :  0.450 0.296 0.254 
561 OmyJC18ROGR    (0)    2 :  0.099 0.821 0.080 
562 OmyJC18ROGR    (6)    2 :  0.607 0.261 0.132 
563 OmyJC18ROGR    (2)    2 :  0.472 0.350 0.178 
564 OmyJC18ROGR    (3)    2 :  0.498 0.118 0.385 
565 OmyJC18ROGR    (3)    2 :  0.322 0.438 0.239 
566 OmyJC18ROGR    (1)    2 :  0.228 0.580 0.192 
567 OmyJC18ROGR    (0)    2 :  0.183 0.726 0.091 
568 OmyJC18ROGR    (3)    2 :  0.513 0.203 0.284 
569 OmyJC18ROGR    (2)    2 :  0.246 0.607 0.146 
570 OmyJC18ROGR    (0)    2 :  0.110 0.697 0.193 
571 OmyJC18ROGR    (1)    2 :  0.110 0.821 0.069 
572 OmyJC18ROGR    (4)    2 :  0.606 0.254 0.141 
573 OmyJC18ROGR    (3)    2 :  0.262 0.189 0.549 
574 OmyJC18ROGR    (5)    2 :  0.299 0.347 0.355 
575 OmyJC18ROGR    (3)    2 :  0.698 0.212 0.090 
576 OmyJC18ROGR    (0)    2 :  0.392 0.426 0.182 
577 OmyJC18ROGR    (0)    2 :  0.058 0.087 0.855 
578 OmyJC18ROGR    (1)    2 :  0.163 0.723 0.115 
579 OmyJC18ROGR    (0)    2 :  0.131 0.089 0.780 
580 OmyJC18ROGR    (0)    2 :  0.507 0.436 0.057 
581 OmyJC18ROGR    (3)    2 :  0.203 0.629 0.168 
582 OmyJC18ROGR    (6)    2 :  0.411 0.501 0.089 
583 OmyJC18ROGR    (3)    2 :  0.632 0.273 0.095 
584 OmyJC18ROGR    (3)    2 :  0.430 0.390 0.179 
585 OmyJC18ROGR    (1)    2 :  0.305 0.457 0.237 
586 OmyJC18ROGR    (1)    2 :  0.233 0.710 0.057 
587 OmyJC18ROGR    (0)    2 :  0.042 0.055 0.903 
588 OmyJC18ROGR    (0)    2 :  0.497 0.147 0.356 
589 OmyJC18ROGR    (1)    2 :  0.431 0.364 0.205 
590 OmyJC18ROGR    (2)    2 :  0.097 0.869 0.034 
591 OmyJC18ROGR    (0)    2 :  0.323 0.518 0.159 
592 OmyJC18ROGR    (3)    2 :  0.221 0.597 0.182 
593 OmyJC18ROGR    (0)    2 :  0.525 0.211 0.264 
594 OmyJC18ROGR    (1)    2 :  0.299 0.579 0.122 
595 OmyJC18ROGR    (0)    2 :  0.593 0.209 0.198 
596 OmyJC18ROGR    (1)    2 :  0.311 0.435 0.254 
597 OmyJC18ROGR    (0)    2 :  0.405 0.411 0.184 
598 OmyJC18ROGR    (1)    2 :  0.228 0.578 0.194 
599 OmyJC18ROGR    (0)    2 :  0.213 0.617 0.171 
600 OmyJC18ROGR    (0)    2 :  0.669 0.215 0.117 
601 OmyJC18ROGR    (0)    2 :  0.486 0.410 0.104 
602 OmyJC18ROGR    (0)    2 :  0.190 0.583 0.227 
603 OmyJC18ROGR    (0)    2 :  0.611 0.296 0.093 
604 OmyJC18ROGR    (0)    2 :  0.443 0.406 0.151 
605 OmyJC18ROGR    (0)    2 :  0.791 0.124 0.085 
606 OmyJC18ROGR    (0)    2 :  0.564 0.259 0.177 
607 OmyJC18ROGR    (0)    2 :  0.196 0.639 0.165 
608 OmyJC18ROGR    (0)    2 :  0.117 0.805 0.078 
609 OmyJC18ROGR    (0)    2 :  0.696 0.169 0.135 
610 OmyJC18ROGR    (4)    2 :  0.125 0.067 0.809 
611 OmyJC18ROGR    (0)    2 :  0.401 0.184 0.416 
612 OmyJC18ROGR    (2)    2 :  0.325 0.537 0.138 
613 OmyJC18ROGR    (0)    2 :  0.529 0.256 0.215 
614 OmyJC18ROGR    (0)    2 :  0.136 0.557 0.307 
615 OmyJC18ROGR    (0)    2 :  0.531 0.410 0.060 
616 OmyJC18ROGR    (0)    2 :  0.407 0.315 0.278 
617 OmyJC18ROGR    (0)    2 :  0.455 0.412 0.133 
618 OmyJC18ROGR    (0)    2 :  0.113 0.634 0.253 
619 OmyJC18ROGR    (0)    2 :  0.675 0.235 0.089 
620 OmyJC18ROGR    (0)    2 :  0.567 0.141 0.292 
621 OmyJC18ROGR    (1)    2 :  0.452 0.318 0.229 
622 OmyJC18ROGR    (2)    2 :  0.630 0.206 0.165 
623 OmyJC18ROGR    (1)    2 :  0.163 0.655 0.183 
624 OmyJC18ROGR    (2)    2 :  0.285 0.543 0.172 
625 OmyJC18ROGR    (0)    2 :  0.133 0.590 0.277 
626 OmyJC18ROGR    (6)    2 :  0.388 0.486 0.126 
627 OmyJC18ROGR    (0)    2 :  0.447 0.264 0.289 
628 OmyJC18ROGR    (0)    2 :  0.034 0.033 0.934 
629 OmyJC18ROGR    (1)    2 :  0.549 0.175 0.276 
630 OmyJC18ROGR    (1)    2 :  0.714 0.209 0.077 
631 OmyJC18ROGR    (3)    2 :  0.271 0.613 0.115 
632 OmyJC18ROGR    (0)    2 :  0.821 0.106 0.073 
633 OmyJC18ROGR    (4)    2 :  0.329 0.543 0.128 
634 OmyJC18ROGR    (2)    2 :  0.456 0.098 0.446 
635 OmyJC18ROGR    (0)    2 :  0.527 0.407 0.066 
636 OmyJC18ROGR    (0)    2 :  0.216 0.190 0.594 
637 OmyJC18ROGR    (0)    2 :  0.486 0.270 0.244 
638 OmyJC18ROGR    (0)    2 :  0.379 0.482 0.139 
639 OmyJC18ROGR    (1)    2 :  0.369 0.334 0.296 
640 OmyJC18ROGR    (1)    2 :  0.204 0.280 0.516 
641 OmyJC18ROGR    (0)    2 :  0.403 0.159 0.438 
642 OmyJC18ROGR    (3)    2 :  0.286 0.431 0.283 
643 OmyJC18ROGR    (1)    2 :  0.569 0.297 0.133 
644 OmyJC18ROGR    (7)    2 :  0.178 0.759 0.063 
645 OmyJC18ROGR    (4)    2 :  0.214 0.554 0.231 
646 OmyJC18ROGR    (0)    2 :  0.363 0.559 0.078 
647 OmyJC18ROGR    (1)    2 :  0.130 0.767 0.103 
648 OmyJC18ROGR    (1)    2 :  0.597 0.212 0.192 
649 OmyJC18ROGR    (0)    2 :  0.263 0.620 0.117 
650 OmyJC18ROGR    (1)    2 :  0.304 0.635 0.061 
651 OmyJC18ROGR    (5)    2 :  0.087 0.062 0.851 
652 OmyJC18ROGR    (1)    2 :  0.390 0.334 0.276 
653 OmyJC18ROGR    (3)    2 :  0.549 0.261 0.190 
654 OmyJC18ROGR    (1)    2 :  0.203 0.551 0.246 
655 OmyJC18ROGR    (2)    2 :  0.265 0.316 0.418 
656 OmyJC18ROGR    (0)    2 :  0.265 0.635 0.101 
657 OmyJC18ROGR    (0)    2 :  0.498 0.363 0.139 
658 OmyJC18ROGR    (0)    2 :  0.307 0.545 0.148 
659 OmyJC18ROGR    (5)    2 :  0.516 0.439 0.045 
660 OmyJC18ROGR    (3)    2 :  0.332 0.385 0.283 
661 OmyJC18ROGR    (2)    2 :  0.621 0.309 0.070 
662 OmyJC18ROGR    (1)    2 :  0.628 0.168 0.204 
663 OmyJC18ROGR    (2)    2 :  0.333 0.233 0.434 
664 OmyJC18ROGR    (0)    2 :  0.600 0.284 0.116 
665 OmyJC18ROGR    (0)    2 :  0.605 0.183 0.212 
666 OmyJC18ROGR    (0)    2 :  0.088 0.099 0.812 
667 OmyJC18ROGR    (0)    2 :  0.321 0.203 0.476 
668 OmyJC18ROGR    (2)    2 :  0.194 0.403 0.404 
669 OmyJC18ROGR    (4)    2 :  0.159 0.590 0.251 
670 OmyJC18ROGR    (6)    2 :  0.087 0.790 0.123 
671 OmyJC18ROGR    (3)    2 :  0.833 0.079 0.088 
672 OmyJC18ROGR    (0)    2 :  0.716 0.214 0.070 
673 OmyJC18ROGR    (4)    2 :  0.580 0.350 0.069 
674 OmyJC18ROGR    (0)    2 :  0.438 0.324 0.238 
675 OmyJC18ROGR    (0)    2 :  0.492 0.391 0.117 
676 OmyJC18ROGR    (1)    2 :  0.494 0.368 0.138 
677 OmyJC18ROGR    (3)    2 :  0.168 0.422 0.409 
678 OmyJC18ROGR    (6)    2 :  0.630 0.274 0.097 
679 OmyJC18ROGR    (1)    2 :  0.111 0.559 0.330 
680 OmyJC18ROGR    (1)    2 :  0.633 0.235 0.133 
681 OmyJC18ROGR    (1)    2 :  0.377 0.186 0.438 
682 OmyJC18ROGR    (1)    2 :  0.288 0.205 0.508 
683 OmyJC18ROGR    (0)    2 :  0.134 0.682 0.184 
684 OmyJC18ROGR    (0)    2 :  0.215 0.681 0.104 
685 OmyJC18ROGR    (0)    2 :  0.124 0.754 0.122 
686 OmyJC18ROGR    (0)    2 :  0.179 0.743 0.078 
687 OmyJC18ROGR    (3)    2 :  0.272 0.618 0.110 
688 OmyJC18ROGR    (1)    2 :  0.414 0.155 0.431 
689 OmyJC18ROGR    (1)    2 :  0.204 0.186 0.610 
690 OmyJC18ROGR    (5)    2 :  0.662 0.113 0.225 
691 OmyJC18ROGR    (5)    2 :  0.337 0.286 0.378 
692 OmyJC18ROGR    (0)    2 :  0.165 0.429 0.406 
693 OmyJC18ROGR    (2)    2 :  0.550 0.352 0.098 
694 OmyJC18ROGR    (0)    2 :  0.771 0.162 0.067 
695 OmyJC18ROGR    (0)    2 :  0.165 0.363 0.472 
696 OmyJC18ROGR    (0)    2 :  0.062 0.875 0.063 
697 OmyJC18ROGR    (2)    2 :  0.623 0.195 0.182 
698 OmyJC18ROGR    (0)    2 :  0.628 0.324 0.048 
699 OmyJC18ROGR    (1)    2 :  0.678 0.121 0.200 
700 OmyJC18ROGR    (0)    2 :  0.143 0.629 0.228 
701 OmyJC18ROGR    (0)    2 :  0.544 0.277 0.179 
702 OmyJC18ROGR    (1)    2 :  0.317 0.216 0.466 
703 OmyJC18ROGR    (1)    2 :  0.073 0.583 0.344 
704 OmyJC18ROGR    (0)    2 :  0.167 0.203 0.631 
705 OmyJC18ROGR    (0)    2 :  0.440 0.459 0.102 
706 OmyJC18ROGR    (0)    2 :  0.280 0.208 0.512 
707 OmyJC18ROGR    (1)    2 :  0.811 0.090 0.099 
708 OmyJC18ROGR    (1)    2 :  0.436 0.256 0.308 
709 OmyJC18ROGR    (0)    2 :  0.238 0.264 0.497 
710 OmyJC18ROGR    (0)    2 :  0.413 0.380 0.207 
711 OmyJC18ROGR    (0)    2 :  0.107 0.548 0.345 
712 OmyJC18ROGR    (1)    2 :  0.287 0.563 0.150 
713 OmyJC18ROGR    (0)    2 :  0.230 0.552 0.218 
714 OmyJC18ROGR    (0)    2 :  0.208 0.594 0.198 
715 OmyJC18ROGR    (0)    2 :  0.142 0.593 0.265 
716 OmyJC18ROGR    (0)    2 :  0.186 0.210 0.604 
717 OmyJC18ROGR    (1)    2 :  0.664 0.156 0.180 
718 OmyJC18ROGR    (1)    2 :  0.689 0.189 0.123 
719 OmyJC18ROGR    (7)    2 :  0.726 0.223 0.051 
720 OmyJC18ROGR    (2)    2 :  0.160 0.655 0.185 
721 OmyJC18ROGR    (1)    2 :  0.540 0.321 0.139 
722 OmyJC18ROGR    (0)    2 :  0.397 0.460 0.143 
723 OmyJC18ROGR    (1)    2 :  0.630 0.248 0.122 
724 OmyJC18ROGR    (0)    2 :  0.108 0.321 0.571 
725 OmyJC18ROGR    (0)    2 :  0.410 0.447 0.143 
726 OmyJC18ROGR    (0)    2 :  0.444 0.431 0.125 
727 OmyJC18ROGR    (1)    2 :  0.760 0.089 0.152 
728 OmyJC18ROGR    (0)    2 :  0.403 0.222 0.376 
729 OmyJC18ROGR    (1)    2 :  0.548 0.305 0.147 
730 OmyJC18ROGR    (0)    2 :  0.220 0.512 0.268 
731 OmyJC18ROGR    (2)    2 :  0.142 0.135 0.723 
732 OmyJC18ROGR    (1)    2 :  0.573 0.081 0.346 
733 OmyJC18ROGR    (0)    2 :  0.250 0.648 0.102 
734 OmyJC18ROGR    (0)    2 :  0.223 0.664 0.113 
735 OmyJC18ROGR    (0)    2 :  0.544 0.358 0.097 
736 OmyJC18ROGR    (0)    2 :  0.137 0.565 0.299 
737 OmyJC18ROGR    (0)    2 :  0.166 0.613 0.221 
738 OmyJC18ROGR    (0)    2 :  0.275 0.331 0.394 
739 OmyJC18ROGR    (0)    2 :  0.507 0.250 0.244 
740 OmyJC18ROGR    (0)    2 :  0.591 0.365 0.044 
741 OmyJC18ROGR    (0)    2 :  0.178 0.410 0.412 
742 OmyJC18ROGR    (0)    2 :  0.398 0.374 0.228 
743 OmyJC18ROGR    (0)    2 :  0.098 0.777 0.125 
744 OmyJC18ROGR    (0)    2 :  0.299 0.626 0.075 
745 OmyJC18ROGR    (0)    2 :  0.236 0.663 0.101 
746 OmyJC18ROGR    (0)    2 :  0.113 0.307 0.580 
747 OmyJC18ROGR    (0)    2 :  0.041 0.074 0.886 
748 OmyJC18ROGR    (2)    2 :  0.085 0.678 0.237 
749 OmyJC18ROGR    (5)    2 :  0.486 0.116 0.397 
750 OmyJC18ROGR    (1)    2 :  0.299 0.492 0.209 
751 OmyJC18ROGR    (0)    2 :  0.074 0.497 0.430 
752 OmyJC18ROGR    (3)    2 :  0.353 0.586 0.061 
753 OmyJC18ROGR    (0)    2 :  0.067 0.877 0.056 
754 OmyJC18ROGR    (0)    2 :  0.316 0.551 0.132 
755 OmyJC18ROGR    (0)    2 :  0.848 0.069 0.082 
756 OmyJC18ROGR    (0)    2 :  0.113 0.570 0.318 
757 OmyJC18ROGR    (0)    2 :  0.607 0.235 0.158 
758 OmyJC18ROGR    (1)    2 :  0.278 0.432 0.290 
759 OmyJC18ROGR    (0)    2 :  0.336 0.460 0.204 
