

----------------------------------------------------
STRUCTURE by Pritchard, Stephens and Donnelly (2000)
     and Falush, Stephens and Pritchard (2003)
       Code by Pritchard, Falush and Hubisz
             Version 2.3.4 (Jul 2012)
----------------------------------------------------



Command line arguments:   bin/structure -m "/Users/ddayan/FRA/premature_migration/Rogue_Half-Pounder/half-pounder/structure/halfpounder_2021/10k_20k_adm_corr/mainparams" -e "/Users/ddayan/FRA/premature_migration/Rogue_Half-Pounder/half-pounder/structure/halfpounder_2021/10k_20k_adm_corr/extraparams" 
Input File:    /Users/ddayan/FRA/premature_migration/Rogue_Half-Pounder/half-pounder/structure/halfpounder_2021/project_data

Run parameters:
   1000 individuals
   328 loci
   4 populations assumed
   10000 Burn-in period
   20000 Reps


--------------------------------------------
Proportion of membership of each pre-defined
 population in each of the 4 clusters

Given    Inferred Clusters              Number of
 Pop       1      2      3      4      Individuals

  1:     0.263  0.234  0.227  0.277      275
  2:     0.265  0.221  0.246  0.268      643
  3:     0.094  0.062  0.748  0.096       42
  4:     0.423  0.076  0.123  0.379       40
--------------------------------------------

Allele-freq. divergence among pops (Net nucleotide distance),
computed using point estimates of P.

      1       2       3       4      
 1      -    0.0083  0.0032  0.0007  
 2   0.0083     -    0.0103  0.0082  
 3   0.0032  0.0103     -    0.0029  
 4   0.0007  0.0082  0.0029     -    

Average distances (expected heterozygosity) between individuals in same cluster:
cluster  1  : 0.2932 
cluster  2  : 0.2619 
cluster  3  : 0.2885 
cluster  4  : 0.2927 

--------------------------------------------
Estimated Ln Prob of Data   = -285239.3
Mean value of ln likelihood = -283949.3
Variance of ln likelihood   = 2580.0
Mean value of alpha         = 0.2711

Mean value of Fst_1         = 0.0098
Mean value of Fst_2         = 0.0701
Mean value of Fst_3         = 0.0217
Mean value of Fst_4         = 0.0076


Inferred ancestry of individuals:
        Label (%Miss) Pop:  Inferred clusters
  1 OmyAC19ROGR    (0)    1 :  0.182 0.022 0.321 0.475 
  2 OmyAC19ROGR    (0)    1 :  0.102 0.121 0.361 0.416 
  3 OmyAC19ROGR    (0)    1 :  0.104 0.097 0.342 0.457 
  4 OmyAC19ROGR    (0)    1 :  0.439 0.033 0.225 0.302 
  5 OmyAC19ROGR    (1)    1 :  0.016 0.950 0.017 0.018 
  6 OmyAC19ROGR    (0)    1 :  0.155 0.190 0.094 0.561 
  7 OmyAC19ROGR    (0)    1 :  0.419 0.240 0.169 0.172 
  8 OmyAC19ROGR    (0)    1 :  0.432 0.024 0.305 0.238 
  9 OmyAC19ROGR    (0)    1 :  0.075 0.295 0.260 0.371 
 10 OmyAC19ROGR    (0)    1 :  0.134 0.514 0.201 0.151 
 11 OmyAC19ROGR    (0)    1 :  0.329 0.079 0.220 0.372 
 12 OmyAC19ROGR    (0)    1 :  0.220 0.136 0.075 0.568 
 13 OmyAC19ROGR    (0)    1 :  0.655 0.037 0.167 0.141 
 14 OmyAC19ROGR    (0)    1 :  0.309 0.499 0.040 0.153 
 15 OmyAC19ROGR    (0)    1 :  0.408 0.446 0.051 0.094 
 16 OmyAC19ROGR    (0)    1 :  0.472 0.119 0.210 0.199 
 17 OmyAC19ROGR    (0)    1 :  0.420 0.102 0.039 0.439 
 18 OmyAC19ROGR    (2)    1 :  0.292 0.039 0.460 0.209 
 19 OmyAC19ROGR    (1)    1 :  0.501 0.079 0.232 0.188 
 20 OmyAC19ROGR    (0)    1 :  0.358 0.299 0.053 0.289 
 21 OmyAC19ROGR    (1)    1 :  0.270 0.320 0.169 0.241 
 22 OmyAC19ROGR    (0)    1 :  0.176 0.109 0.440 0.275 
 23 OmyAC19ROGR    (0)    1 :  0.127 0.327 0.177 0.369 
 24 OmyAC19ROGR    (0)    1 :  0.057 0.022 0.824 0.097 
 25 OmyAC19ROGR    (0)    1 :  0.397 0.285 0.132 0.186 
 26 OmyAC19ROGR    (0)    1 :  0.137 0.149 0.418 0.296 
 27 OmyAC19ROGR    (1)    1 :  0.546 0.072 0.078 0.304 
 28 OmyAC19ROGR    (0)    1 :  0.040 0.038 0.863 0.059 
 29 OmyAC19ROGR    (0)    1 :  0.325 0.098 0.229 0.348 
 30 OmyAC19ROGR    (0)    1 :  0.063 0.774 0.071 0.092 
 31 OmyAC19ROGR    (0)    1 :  0.298 0.063 0.226 0.413 
 32 OmyAC19ROGR    (0)    1 :  0.237 0.171 0.338 0.254 
 33 OmyAC19ROGR    (1)    1 :  0.149 0.133 0.401 0.318 
 34 OmyAC19ROGR    (0)    1 :  0.295 0.535 0.081 0.089 
 35 OmyAC19ROGR    (0)    1 :  0.188 0.093 0.492 0.227 
 36 OmyAC19ROGR    (0)    1 :  0.256 0.207 0.145 0.392 
 37 OmyAC19ROGR    (0)    1 :  0.100 0.138 0.668 0.094 
 38 OmyAC19ROGR    (0)    1 :  0.080 0.465 0.386 0.069 
 39 OmyAC19ROGR    (0)    1 :  0.276 0.115 0.091 0.518 
 40 OmyAC19ROGR    (0)    1 :  0.275 0.390 0.074 0.261 
 41 OmyAC19ROGR    (1)    1 :  0.459 0.054 0.121 0.366 
 42 OmyAC19ROGR    (0)    1 :  0.058 0.839 0.034 0.070 
 43 OmyAC19ROGR    (0)    1 :  0.136 0.061 0.220 0.583 
 44 OmyAC19ROGR    (6)    1 :  0.104 0.045 0.153 0.698 
 45 OmyAC19ROGR    (1)    1 :  0.107 0.395 0.318 0.180 
 46 OmyAC19ROGR    (0)    1 :  0.179 0.104 0.542 0.174 
 47 OmyAC19ROGR    (0)    1 :  0.101 0.074 0.727 0.098 
 48 OmyAC19ROGR    (0)    1 :  0.210 0.057 0.193 0.541 
 49 OmyAC19ROGR    (0)    1 :  0.248 0.045 0.424 0.284 
 50 OmyAC19ROGR    (0)    1 :  0.637 0.036 0.047 0.281 
 51 OmyAC19ROGR    (2)    1 :  0.096 0.770 0.065 0.069 
 52 OmyAC19ROGR    (0)    1 :  0.037 0.881 0.037 0.045 
 53 OmyAC19ROGR    (1)    1 :  0.064 0.048 0.782 0.106 
 54 OmyAC19ROGR    (0)    1 :  0.144 0.088 0.589 0.179 
 55 OmyAC19ROGR    (3)    1 :  0.480 0.105 0.104 0.311 
 56 OmyAC19ROGR    (0)    1 :  0.151 0.115 0.660 0.074 
 57 OmyAC19ROGR    (0)    1 :  0.117 0.027 0.749 0.106 
 58 OmyAC19ROGR    (0)    1 :  0.096 0.723 0.066 0.116 
 59 OmyAC19ROGR    (0)    1 :  0.154 0.026 0.625 0.194 
 60 OmyAC19ROGR    (1)    1 :  0.388 0.155 0.125 0.332 
 61 OmyAC19ROGR    (0)    1 :  0.209 0.063 0.563 0.166 
 62 OmyAC19ROGR    (0)    1 :  0.183 0.053 0.143 0.622 
 63 OmyAC19ROGR    (0)    1 :  0.090 0.261 0.528 0.122 
 64 OmyAC19ROGR    (2)    1 :  0.318 0.106 0.171 0.405 
 65 OmyAC19ROGR    (0)    1 :  0.538 0.059 0.196 0.207 
 66 OmyAC19ROGR    (3)    1 :  0.465 0.331 0.065 0.140 
 67 OmyAC19ROGR    (0)    1 :  0.188 0.045 0.639 0.128 
 68 OmyAC19ROGR    (1)    1 :  0.107 0.095 0.476 0.322 
 69 OmyAC19ROGR    (2)    1 :  0.071 0.240 0.617 0.071 
 70 OmyAC19ROGR    (0)    1 :  0.245 0.043 0.333 0.380 
 71 OmyAC19ROGR    (0)    1 :  0.343 0.060 0.222 0.375 
 72 OmyAC19ROGR    (4)    1 :  0.284 0.037 0.167 0.513 
 73 OmyAC19ROGR    (0)    1 :  0.129 0.248 0.395 0.229 
 74 OmyAC19ROGR    (0)    1 :  0.245 0.041 0.056 0.658 
 75 OmyAC19ROGR    (0)    1 :  0.353 0.158 0.333 0.156 
 76 OmyAC19ROGR    (0)    1 :  0.066 0.062 0.757 0.114 
 77 OmyAC19ROGR    (1)    1 :  0.025 0.927 0.019 0.029 
 78 OmyAC19ROGR    (0)    1 :  0.312 0.066 0.124 0.497 
 79 OmyAC19ROGR    (2)    1 :  0.280 0.099 0.273 0.348 
 80 OmyAC19ROGR    (1)    1 :  0.095 0.730 0.087 0.088 
 81 OmyAC19ROGR    (2)    1 :  0.146 0.473 0.132 0.249 
 82 OmyAC19ROGR    (1)    1 :  0.092 0.024 0.716 0.168 
 83 OmyAC19ROGR    (0)    1 :  0.244 0.062 0.532 0.162 
 84 OmyAC19ROGR    (0)    1 :  0.256 0.203 0.093 0.448 
 85 OmyAC19ROGR    (5)    1 :  0.333 0.054 0.303 0.310 
 86 OmyAC19ROGR    (0)    1 :  0.468 0.154 0.040 0.338 
 87 OmyAC19ROGR    (1)    1 :  0.140 0.057 0.494 0.309 
 88 OmyJC19ROGR    (0)    2 :  0.065 0.855 0.034 0.045 
 89 OmyJC19ROGR    (0)    2 :  0.434 0.122 0.132 0.312 
 90 OmyJC19ROGR    (0)    2 :  0.034 0.906 0.026 0.033 
 91 OmyJC19ROGR    (1)    2 :  0.333 0.019 0.383 0.265 
 92 OmyJC19ROGR    (0)    2 :  0.097 0.081 0.720 0.102 
 93 OmyJC19ROGR    (0)    2 :  0.070 0.021 0.820 0.089 
 94 OmyJC19ROGR    (0)    2 :  0.308 0.186 0.068 0.437 
 95 OmyJC19ROGR    (0)    2 :  0.229 0.156 0.067 0.548 
 96 OmyJC19ROGR    (0)    2 :  0.657 0.099 0.075 0.170 
 97 OmyJC19ROGR    (0)    2 :  0.041 0.182 0.717 0.060 
 98 OmyJC19ROGR    (0)    2 :  0.384 0.047 0.183 0.386 
 99 OmyJC19ROGR    (0)    2 :  0.180 0.115 0.589 0.116 
100 OmyJC19ROGR    (1)    2 :  0.257 0.072 0.138 0.532 
101 OmyJC19ROGR    (0)    2 :  0.110 0.543 0.214 0.133 
102 OmyJC19ROGR    (0)    2 :  0.608 0.112 0.081 0.199 
103 OmyJC19ROGR    (0)    2 :  0.229 0.201 0.294 0.277 
104 OmyJC19ROGR    (0)    2 :  0.133 0.044 0.619 0.204 
105 OmyJC19ROGR    (0)    2 :  0.085 0.176 0.630 0.110 
106 OmyJC19ROGR    (0)    2 :  0.022 0.915 0.041 0.021 
107 OmyJC19ROGR    (1)    2 :  0.483 0.137 0.201 0.180 
108 OmyJC19ROGR    (0)    2 :  0.311 0.087 0.368 0.233 
109 OmyJC19ROGR    (0)    2 :  0.457 0.215 0.047 0.282 
110 OmyJC19ROGR    (0)    2 :  0.066 0.322 0.510 0.102 
111 OmyJC19ROGR    (1)    2 :  0.152 0.113 0.620 0.115 
112 OmyJC19ROGR    (2)    2 :  0.325 0.151 0.096 0.428 
113 OmyJC19ROGR    (0)    2 :  0.155 0.668 0.079 0.098 
114 OmyJC19ROGR    (3)    2 :  0.277 0.066 0.187 0.469 
115 OmyJC19ROGR    (1)    2 :  0.061 0.078 0.479 0.383 
116 OmyJC19ROGR    (0)    2 :  0.247 0.137 0.146 0.469 
117 OmyJC19ROGR    (0)    2 :  0.336 0.222 0.083 0.358 
118 OmyJC19ROGR    (0)    2 :  0.321 0.039 0.229 0.411 
119 OmyJC19ROGR    (2)    2 :  0.545 0.065 0.098 0.293 
120 OmyJC19ROGR    (0)    2 :  0.061 0.023 0.843 0.073 
121 OmyJC19ROGR    (0)    2 :  0.360 0.064 0.074 0.502 
122 OmyJC19ROGR    (0)    2 :  0.237 0.090 0.239 0.434 
123 OmyJC19ROGR    (0)    2 :  0.480 0.030 0.242 0.249 
124 OmyJC19ROGR    (0)    2 :  0.168 0.161 0.092 0.579 
125 OmyJC19ROGR    (0)    2 :  0.075 0.146 0.552 0.227 
126 OmyJC19ROGR    (1)    2 :  0.091 0.725 0.051 0.133 
127 OmyJC19ROGR    (0)    2 :  0.800 0.052 0.076 0.072 
128 OmyJC19ROGR    (1)    2 :  0.111 0.059 0.751 0.079 
129 OmyJC19ROGR    (0)    2 :  0.154 0.394 0.246 0.206 
130 OmyJC19ROGR    (2)    2 :  0.126 0.069 0.043 0.762 
131 OmyJC19ROGR    (0)    2 :  0.140 0.120 0.332 0.408 
132 OmyJC19ROGR    (1)    2 :  0.178 0.068 0.602 0.151 
133 OmyJC19ROGR    (0)    2 :  0.201 0.040 0.178 0.581 
134 OmyJC19ROGR    (0)    2 :  0.512 0.114 0.186 0.188 
135 OmyJC19ROGR    (1)    2 :  0.043 0.031 0.885 0.041 
136 OmyJC19ROGR    (3)    2 :  0.356 0.061 0.214 0.369 
137 OmyJC19ROGR    (0)    2 :  0.507 0.207 0.068 0.218 
138 OmyJC19ROGR    (0)    2 :  0.087 0.732 0.040 0.141 
139 OmyJC19ROGR    (2)    2 :  0.309 0.038 0.128 0.525 
140 OmyJC19ROGR    (2)    2 :  0.520 0.130 0.143 0.206 
141 OmyJC19ROGR    (0)    2 :  0.230 0.363 0.223 0.184 
142 OmyJC19ROGR    (0)    2 :  0.238 0.351 0.234 0.177 
143 OmyJC19ROGR    (0)    2 :  0.043 0.071 0.757 0.129 
144 OmyJC19ROGR    (0)    2 :  0.289 0.024 0.122 0.565 
145 OmyJC19ROGR    (0)    2 :  0.267 0.043 0.056 0.634 
146 OmyJC19ROGR    (1)    2 :  0.095 0.093 0.698 0.114 
147 OmyJC19ROGR    (0)    2 :  0.526 0.090 0.195 0.189 
148 OmyJC19ROGR    (0)    2 :  0.508 0.030 0.182 0.280 
149 OmyJC19ROGR    (1)    2 :  0.182 0.106 0.558 0.154 
150 OmyJC19ROGR    (1)    2 :  0.208 0.074 0.587 0.131 
151 OmyJC19ROGR    (0)    2 :  0.344 0.163 0.222 0.271 
152 OmyJC19ROGR    (0)    2 :  0.290 0.072 0.199 0.439 
153 OmyJC19ROGR    (0)    2 :  0.054 0.057 0.852 0.038 
154 OmyJC19ROGR    (1)    2 :  0.387 0.088 0.079 0.446 
155 OmyJC19ROGR    (0)    2 :  0.200 0.121 0.357 0.322 
156 OmyJC19ROGR    (1)    2 :  0.381 0.144 0.263 0.211 
157 OmyJC19ROGR    (0)    2 :  0.152 0.091 0.310 0.447 
158 OmyJC19ROGR    (0)    2 :  0.258 0.025 0.295 0.422 
159 OmyJC19ROGR    (0)    2 :  0.435 0.059 0.067 0.440 
160 OmyJC19ROGR    (0)    2 :  0.429 0.086 0.366 0.120 
161 OmyJC19ROGR    (0)    2 :  0.262 0.037 0.414 0.287 
162 OmyJC19ROGR    (0)    2 :  0.472 0.072 0.205 0.250 
163 OmyJC19ROGR    (0)    2 :  0.132 0.058 0.644 0.166 
164 OmyJC19ROGR    (0)    2 :  0.481 0.045 0.125 0.348 
165 OmyJC19ROGR    (0)    2 :  0.268 0.031 0.219 0.481 
166 OmyJC19ROGR    (0)    2 :  0.319 0.082 0.104 0.495 
167 OmyJC19ROGR    (1)    2 :  0.166 0.122 0.468 0.244 
168 OmyJC19ROGR    (0)    2 :  0.297 0.099 0.157 0.447 
169 OmyJC19ROGR    (0)    2 :  0.036 0.921 0.018 0.025 
170 OmyJC19ROGR    (0)    2 :  0.082 0.075 0.747 0.096 
171 OmyJC19ROGR    (0)    2 :  0.412 0.041 0.115 0.432 
172 OmyJC19ROGR    (0)    2 :  0.123 0.359 0.434 0.084 
173 OmyJC19ROGR    (0)    2 :  0.040 0.888 0.037 0.035 
174 OmyJC19ROGR    (0)    2 :  0.143 0.038 0.229 0.590 
175 OmyJC19ROGR    (0)    2 :  0.257 0.046 0.098 0.598 
176 OmyJC19ROGR    (0)    2 :  0.148 0.111 0.655 0.087 
177 OmyJC19ROGR    (0)    2 :  0.050 0.019 0.856 0.075 
178 OmyJC19ROGR    (0)    2 :  0.503 0.059 0.029 0.409 
179 OmyJC19ROGR    (0)    2 :  0.194 0.027 0.544 0.235 
180 OmyJC19ROGR    (0)    2 :  0.039 0.864 0.059 0.038 
181 OmyJC19ROGR    (0)    2 :  0.400 0.068 0.112 0.420 
182 OmyJC19ROGR    (0)    2 :  0.378 0.202 0.113 0.307 
183 OmyJC19ROGR    (0)    2 :  0.371 0.045 0.124 0.460 
184 OmyJC19ROGR    (0)    2 :  0.111 0.658 0.134 0.096 
185 OmyJC19ROGR    (1)    2 :  0.284 0.018 0.187 0.510 
186 OmyJC19ROGR    (0)    2 :  0.079 0.096 0.655 0.170 
187 OmyJC19ROGR    (0)    2 :  0.160 0.036 0.070 0.734 
188 OmyJC19ROGR    (0)    2 :  0.228 0.051 0.213 0.508 
189 OmyJC19ROGR    (0)    2 :  0.156 0.215 0.427 0.203 
190 OmyJC19ROGR    (0)    2 :  0.098 0.046 0.778 0.079 
191 OmyJC19ROGR    (0)    2 :  0.108 0.047 0.596 0.249 
192 OmyJC19ROGR    (0)    2 :  0.794 0.050 0.047 0.109 
193 OmyJC19ROGR    (1)    2 :  0.291 0.161 0.220 0.328 
194 OmyJC19ROGR    (0)    2 :  0.842 0.026 0.066 0.066 
195 OmyJC19ROGR    (0)    2 :  0.081 0.811 0.033 0.076 
196 OmyJC19ROGR    (0)    2 :  0.091 0.044 0.045 0.819 
197 OmyJC19ROGR    (0)    2 :  0.225 0.085 0.461 0.229 
198 OmyJC19ROGR    (0)    2 :  0.116 0.743 0.076 0.065 
199 OmyJC19ROGR    (0)    2 :  0.362 0.035 0.143 0.460 
200 OmyJC19ROGR    (0)    2 :  0.100 0.105 0.660 0.136 
201 OmyJC19ROGR    (0)    2 :  0.540 0.037 0.102 0.322 
202 OmyJC19ROGR    (0)    2 :  0.075 0.017 0.857 0.050 
203 OmyJC19ROGR    (0)    2 :  0.301 0.060 0.208 0.432 
204 OmyJC19ROGR    (0)    2 :  0.445 0.072 0.204 0.279 
205 OmyJC19ROGR    (0)    2 :  0.186 0.171 0.153 0.489 
206 OmyJC19ROGR    (0)    2 :  0.042 0.873 0.036 0.049 
207 OmyJC19ROGR    (0)    2 :  0.189 0.311 0.141 0.359 
208 OmyJC19ROGR    (0)    2 :  0.545 0.045 0.076 0.333 
209 OmyJC19ROGR    (0)    2 :  0.080 0.526 0.267 0.128 
210 OmyJC19ROGR    (0)    2 :  0.032 0.896 0.025 0.046 
211 OmyJC19ROGR    (0)    2 :  0.270 0.236 0.195 0.299 
212 OmyJC19ROGR    (1)    2 :  0.129 0.204 0.561 0.106 
213 OmyJC19ROGR    (1)    2 :  0.155 0.052 0.135 0.658 
214 OmyJC19ROGR    (0)    2 :  0.358 0.064 0.079 0.499 
215 OmyJC19ROGR    (0)    2 :  0.768 0.040 0.087 0.104 
216 OmyJC19ROGR    (0)    2 :  0.078 0.784 0.043 0.095 
217 OmyJC19ROGR    (0)    2 :  0.214 0.441 0.098 0.247 
218 OmyJC19ROGR    (0)    2 :  0.113 0.046 0.538 0.303 
219 OmyJC19ROGR    (0)    2 :  0.584 0.126 0.051 0.239 
220 OmyJC19ROGR    (0)    2 :  0.443 0.017 0.254 0.286 
221 OmyJC19ROGR    (0)    2 :  0.104 0.254 0.100 0.543 
222 OmyJC19ROGR    (0)    2 :  0.283 0.052 0.465 0.199 
223 OmyJC19ROGR    (0)    2 :  0.298 0.073 0.159 0.470 
224 OmyJC19ROGR    (0)    2 :  0.601 0.041 0.080 0.278 
225 OmyJC19ROGR    (0)    2 :  0.029 0.926 0.020 0.025 
226 OmyJC19ROGR    (0)    2 :  0.293 0.253 0.076 0.378 
227 OmyJC19ROGR    (1)    2 :  0.028 0.888 0.050 0.034 
228 OmyJC19ROGR    (0)    2 :  0.506 0.048 0.058 0.388 
229 OmyJC19ROGR    (1)    2 :  0.147 0.041 0.194 0.618 
230 OmyJC19ROGR    (0)    2 :  0.123 0.240 0.228 0.410 
231 OmyJC19ROGR    (0)    2 :  0.301 0.113 0.079 0.507 
232 OmyJC19ROGR    (1)    2 :  0.287 0.068 0.200 0.445 
233 OmyJC19ROGR    (0)    2 :  0.335 0.202 0.159 0.304 
234 OmyJC19ROGR    (0)    2 :  0.032 0.905 0.029 0.035 
235 OmyJC19ROGR    (0)    2 :  0.137 0.667 0.120 0.076 
236 OmyJC19ROGR    (1)    2 :  0.550 0.047 0.224 0.178 
237 OmyJC19ROGR    (0)    2 :  0.481 0.082 0.200 0.237 
238 OmyJC19ROGR    (0)    2 :  0.437 0.114 0.067 0.382 
239 OmyJC19ROGR    (0)    2 :  0.613 0.119 0.129 0.139 
240 OmyJC19ROGR    (0)    2 :  0.209 0.073 0.155 0.563 
241 OmyJC19ROGR    (0)    2 :  0.141 0.117 0.590 0.151 
242 OmyJC19ROGR    (0)    2 :  0.683 0.034 0.188 0.094 
243 OmyJC19ROGR    (0)    2 :  0.254 0.066 0.427 0.253 
244 OmyJC19ROGR    (0)    2 :  0.144 0.094 0.506 0.257 
245 OmyJC19ROGR    (0)    2 :  0.025 0.920 0.026 0.029 
246 OmyJC19ROGR    (0)    2 :  0.103 0.221 0.578 0.098 
247 OmyJC19ROGR    (0)    2 :  0.090 0.650 0.142 0.118 
248 OmyJC19ROGR    (0)    2 :  0.100 0.577 0.116 0.207 
249 OmyJC19ROGR    (0)    2 :  0.241 0.091 0.078 0.590 
250 OmyJC19ROGR    (0)    2 :  0.404 0.128 0.172 0.295 
251 OmyJC19ROGR    (0)    2 :  0.217 0.072 0.126 0.585 
252 OmyJC19ROGR    (0)    2 :  0.052 0.048 0.823 0.078 
253 OmyJC19ROGR    (0)    2 :  0.460 0.130 0.120 0.291 
254 OmyJC19ROGR    (0)    2 :  0.149 0.073 0.549 0.229 
255 OmyJC19ROGR    (0)    2 :  0.078 0.049 0.587 0.286 
256 OmyJC19ROGR    (0)    2 :  0.090 0.342 0.402 0.165 
257 OmyJC19ROGR    (0)    2 :  0.133 0.108 0.091 0.668 
258 OmyAC19ROGR    (0)    1 :  0.313 0.210 0.185 0.293 
259 OmyAC19ROGR    (1)    1 :  0.277 0.463 0.108 0.153 
260 OmyAC19ROGR    (0)    1 :  0.704 0.041 0.088 0.166 
261 OmyAC19ROGR    (0)    1 :  0.259 0.074 0.071 0.596 
262 OmyAC19ROGR    (0)    1 :  0.271 0.150 0.168 0.412 
263 OmyAC19ROGR    (0)    1 :  0.170 0.075 0.588 0.168 
264 OmyAC19ROGR    (0)    1 :  0.250 0.088 0.167 0.494 
265 OmyAC19ROGR    (0)    1 :  0.258 0.066 0.335 0.340 
266 OmyAC19ROGR    (0)    1 :  0.157 0.031 0.070 0.742 
267 OmyAC19ROGR    (0)    1 :  0.256 0.182 0.176 0.386 
268 OmyAC19ROGR    (1)    1 :  0.145 0.218 0.504 0.133 
269 OmyAC19ROGR    (1)    1 :  0.353 0.194 0.094 0.358 
270 OmyAC19ROGR    (0)    1 :  0.071 0.048 0.455 0.426 
271 OmyAC19ROGR    (0)    1 :  0.306 0.341 0.111 0.242 
272 OmyAC19ROGR    (0)    1 :  0.298 0.201 0.061 0.440 
273 OmyAC19ROGR    (0)    1 :  0.408 0.056 0.276 0.260 
274 OmyAC19ROGR    (0)    1 :  0.056 0.779 0.051 0.114 
275 OmyAC19ROGR    (0)    1 :  0.340 0.136 0.375 0.149 
276 OmyAC19ROGR    (0)    1 :  0.583 0.086 0.156 0.175 
277 OmyAC19ROGR    (0)    1 :  0.403 0.108 0.055 0.434 
278 OmyAC19ROGR    (0)    1 :  0.262 0.369 0.090 0.279 
279 OmyAC19ROGR    (0)    1 :  0.585 0.224 0.061 0.131 
280 OmyAC19ROGR    (0)    1 :  0.110 0.165 0.385 0.339 
281 OmyAC19ROGR    (0)    1 :  0.469 0.073 0.121 0.337 
282 OmyAC19ROGR    (0)    1 :  0.182 0.236 0.210 0.372 
283 OmyAC19ROGR    (0)    1 :  0.478 0.064 0.109 0.349 
284 OmyAC19ROGR    (0)    1 :  0.305 0.034 0.216 0.446 
285 OmyAC19ROGR    (0)    1 :  0.310 0.072 0.410 0.208 
286 OmyAC19ROGR    (0)    1 :  0.436 0.035 0.296 0.233 
287 OmyAC19ROGR    (0)    1 :  0.018 0.951 0.014 0.017 
288 OmyAC19ROGR    (0)    1 :  0.095 0.797 0.049 0.059 
289 OmyAC19ROGR    (0)    1 :  0.494 0.178 0.118 0.211 
290 OmyAC19ROGR    (1)    1 :  0.019 0.932 0.026 0.023 
291 OmyAC19ROGR    (0)    1 :  0.163 0.454 0.212 0.171 
292 OmyAC19ROGR    (1)    1 :  0.336 0.233 0.093 0.339 
293 OmyAC19ROGR    (0)    1 :  0.126 0.039 0.725 0.110 
294 OmyAC19ROGR    (0)    1 :  0.266 0.395 0.077 0.261 
295 OmyAC19ROGR    (0)    1 :  0.402 0.047 0.217 0.333 
296 OmyAC19ROGR    (0)    1 :  0.579 0.059 0.169 0.193 
297 OmyAC19ROGR    (0)    1 :  0.079 0.774 0.046 0.100 
298 OmyAC19ROGR    (0)    1 :  0.652 0.039 0.080 0.228 
299 OmyAC19ROGR    (0)    1 :  0.189 0.302 0.362 0.148 
300 OmyAC19ROGR    (0)    1 :  0.415 0.054 0.177 0.354 
301 OmyAC19ROGR    (0)    1 :  0.037 0.900 0.026 0.037 
302 OmyAC19ROGR    (0)    1 :  0.245 0.524 0.078 0.153 
303 OmyAC19ROGR    (0)    1 :  0.447 0.142 0.087 0.324 
304 OmyAC19ROGR    (0)    1 :  0.590 0.161 0.128 0.121 
305 OmyAC19ROGR    (0)    1 :  0.599 0.049 0.126 0.226 
306 OmyAC19ROGR    (0)    1 :  0.083 0.700 0.031 0.186 
307 OmyAC19ROGR    (1)    1 :  0.200 0.038 0.338 0.425 
308 OmyAC19ROGR    (0)    1 :  0.358 0.125 0.082 0.435 
309 OmyAC19ROGR    (1)    1 :  0.045 0.883 0.035 0.037 
310 OmyAC19ROGR    (0)    1 :  0.177 0.429 0.100 0.294 
311 OmyAC19ROGR    (0)    1 :  0.274 0.525 0.078 0.123 
312 OmyAC19ROGR    (0)    1 :  0.146 0.047 0.605 0.201 
313 OmyAC19ROGR    (0)    1 :  0.423 0.024 0.138 0.415 
314 OmyAC19ROGR    (0)    1 :  0.130 0.065 0.676 0.129 
315 OmyAC19ROGR    (0)    1 :  0.302 0.091 0.153 0.454 
316 OmyAC19ROGR    (0)    1 :  0.250 0.043 0.129 0.578 
317 OmyAC19ROGR    (0)    1 :  0.191 0.064 0.575 0.170 
318 OmyAC19ROGR    (0)    1 :  0.176 0.038 0.529 0.257 
319 OmyAC19ROGR    (1)    1 :  0.526 0.027 0.175 0.272 
320 OmyAC19ROGR    (0)    1 :  0.466 0.020 0.115 0.398 
321 OmyAC19ROGR    (0)    1 :  0.431 0.046 0.104 0.418 
322 OmyAC19ROGR    (0)    1 :  0.177 0.535 0.102 0.186 
323 OmyAC19ROGR    (0)    1 :  0.578 0.042 0.045 0.335 
324 OmyAC19ROGR    (0)    1 :  0.178 0.044 0.196 0.582 
325 OmyAC19ROGR    (0)    1 :  0.142 0.394 0.071 0.393 
326 OmyAC19ROGR    (0)    1 :  0.240 0.066 0.067 0.627 
327 OmyAC19ROGR    (0)    1 :  0.378 0.052 0.217 0.352 
328 OmyAC20ROGR    (1)    1 :  0.558 0.042 0.188 0.212 
329 OmyAC20ROGR    (0)    1 :  0.313 0.106 0.436 0.145 
330 OmyAC20ROGR    (0)    1 :  0.264 0.102 0.280 0.355 
331 OmyAC20ROGR    (0)    1 :  0.138 0.365 0.226 0.272 
332 OmyAC20ROGR    (0)    1 :  0.201 0.281 0.298 0.220 
333 OmyAC20ROGR    (0)    1 :  0.093 0.369 0.345 0.193 
334 OmyAC20ROGR    (0)    1 :  0.147 0.031 0.701 0.122 
335 OmyAC20ROGR    (0)    1 :  0.285 0.067 0.319 0.328 
336 OmyAC20ROGR    (0)    1 :  0.287 0.181 0.175 0.357 
337 OmyAC20ROGR    (0)    1 :  0.231 0.505 0.100 0.164 
338 OmyAC20ROGR    (0)    1 :  0.171 0.196 0.382 0.251 
339 OmyAC20ROGR    (0)    1 :  0.350 0.166 0.139 0.345 
340 OmyAC20ROGR    (0)    1 :  0.062 0.066 0.785 0.088 
341 OmyAC20ROGR    (0)    1 :  0.094 0.100 0.700 0.106 
342 OmyAC20ROGR    (0)    1 :  0.227 0.241 0.309 0.223 
343 OmyAC20ROGR    (0)    1 :  0.143 0.089 0.402 0.366 
344 OmyAC20ROGR    (0)    1 :  0.118 0.219 0.416 0.248 
345 OmyAC20ROGR    (1)    1 :  0.189 0.187 0.075 0.549 
346 OmyAC20ROGR    (0)    1 :  0.150 0.255 0.177 0.418 
347 OmyAC20ROGR    (0)    1 :  0.169 0.314 0.139 0.378 
348 OmyAC20ROGR    (0)    1 :  0.091 0.237 0.563 0.109 
349 OmyAC20ROGR    (0)    1 :  0.142 0.086 0.514 0.259 
350 OmyAC20ROGR    (0)    1 :  0.521 0.112 0.100 0.268 
351 OmyAC20ROGR    (0)    1 :  0.211 0.172 0.360 0.256 
352 OmyAC20ROGR    (0)    1 :  0.520 0.073 0.136 0.271 
353 OmyAC20ROGR    (0)    1 :  0.171 0.041 0.175 0.614 
354 OmyAC20ROGR    (0)    1 :  0.117 0.344 0.402 0.137 
355 OmyAC20ROGR    (0)    1 :  0.242 0.107 0.470 0.182 
356 OmyAC20ROGR    (0)    1 :  0.570 0.067 0.187 0.175 
357 OmyAC20ROGR    (0)    1 :  0.378 0.129 0.076 0.417 
358 OmyAC20ROGR    (0)    1 :  0.484 0.054 0.138 0.324 
359 OmyAC20ROGR    (0)    1 :  0.628 0.251 0.024 0.097 
360 OmyAC20ROGR    (0)    1 :  0.183 0.279 0.191 0.347 
361 OmyAC20ROGR    (0)    1 :  0.496 0.061 0.073 0.370 
362 OmyAC20ROGR    (0)    1 :  0.394 0.063 0.071 0.471 
363 OmyAC20ROGR    (0)    1 :  0.135 0.183 0.369 0.313 
364 OmyAC20ROGR    (1)    1 :  0.340 0.045 0.501 0.114 
365 OmyAC20ROGR    (0)    1 :  0.389 0.030 0.114 0.467 
366 OmyAC20ROGR    (0)    1 :  0.119 0.036 0.367 0.477 
367 OmyAC20ROGR    (0)    1 :  0.190 0.144 0.118 0.549 
368 OmyAC20ROGR    (1)    1 :  0.710 0.103 0.063 0.124 
369 OmyAC20ROGR    (0)    1 :  0.147 0.380 0.267 0.206 
370 OmyAC20ROGR    (0)    1 :  0.091 0.753 0.081 0.075 
371 OmyAC20ROGR    (0)    1 :  0.060 0.841 0.042 0.057 
372 OmyAC20ROGR    (2)    1 :  0.027 0.909 0.027 0.038 
373 OmyAC20ROGR    (0)    1 :  0.159 0.473 0.054 0.314 
374 OmyAC20ROGR    (0)    1 :  0.361 0.041 0.302 0.295 
375 OmyAC20ROGR    (0)    1 :  0.247 0.113 0.119 0.521 
376 OmyAC20ROGR    (0)    1 :  0.166 0.581 0.120 0.133 
377 OmyAC20ROGR    (0)    1 :  0.149 0.033 0.469 0.350 
378 OmyAC20ROGR    (0)    1 :  0.370 0.034 0.335 0.261 
379 OmyAC20ROGR    (0)    1 :  0.151 0.479 0.193 0.177 
380 OmyAC20ROGR    (1)    1 :  0.136 0.031 0.085 0.748 
381 OmyAC20ROGR    (0)    1 :  0.364 0.150 0.063 0.424 
382 OmyAC20ROGR    (0)    1 :  0.047 0.876 0.028 0.050 
383 OmyAC20ROGR    (0)    1 :  0.185 0.186 0.046 0.584 
384 OmyAC20ROGR    (0)    1 :  0.199 0.396 0.227 0.178 
385 OmyAC20ROGR    (0)    1 :  0.377 0.292 0.041 0.291 
386 OmyAC20ROGR    (0)    1 :  0.170 0.171 0.134 0.525 
387 OmyAC20ROGR    (0)    1 :  0.293 0.391 0.061 0.255 
388 OmyAC20ROGR    (0)    1 :  0.150 0.329 0.341 0.180 
389 OmyAC20ROGR    (0)    1 :  0.597 0.043 0.069 0.290 
390 OmyAC20ROGR    (0)    1 :  0.441 0.037 0.173 0.349 
391 OmyAC20ROGR    (0)    1 :  0.171 0.460 0.230 0.139 
392 OmyAC20ROGR    (0)    1 :  0.193 0.331 0.225 0.251 
393 OmyAC20ROGR    (0)    1 :  0.130 0.088 0.275 0.507 
394 OmyAC20ROGR    (1)    1 :  0.631 0.114 0.077 0.178 
395 OmyAC20ROGR    (0)    1 :  0.241 0.091 0.283 0.384 
396 OmyAC20ROGR    (0)    1 :  0.608 0.061 0.114 0.218 
397 OmyAC20ROGR    (0)    1 :  0.358 0.357 0.071 0.214 
398 OmyAC20ROGR    (0)    1 :  0.072 0.729 0.120 0.079 
399 OmyAC20ROGR    (0)    1 :  0.190 0.268 0.162 0.380 
400 OmyAC20ROGR    (0)    1 :  0.277 0.148 0.197 0.378 
401 OmyAC20ROGR    (1)    1 :  0.041 0.869 0.061 0.029 
402 OmyAC20ROGR    (0)    1 :  0.167 0.040 0.602 0.191 
403 OmyAC20ROGR    (0)    1 :  0.239 0.193 0.374 0.195 
404 OmyAC20ROGR    (0)    1 :  0.249 0.038 0.411 0.302 
405 OmyAC20ROGR    (0)    1 :  0.224 0.351 0.051 0.374 
406 OmyAC20ROGR    (0)    1 :  0.280 0.111 0.340 0.269 
407 OmyAC20ROGR    (0)    1 :  0.351 0.075 0.043 0.531 
408 OmyAC20ROGR    (0)    1 :  0.247 0.111 0.324 0.317 
409 OmyAC20ROGR    (0)    1 :  0.544 0.081 0.041 0.334 
410 OmyAC20ROGR    (0)    1 :  0.045 0.900 0.028 0.027 
411 OmyAC20ROGR    (0)    1 :  0.183 0.618 0.085 0.114 
412 OmyAC20ROGR    (0)    1 :  0.153 0.156 0.442 0.248 
413 OmyAC20ROGR    (0)    1 :  0.597 0.059 0.045 0.300 
414 OmyAC20ROGR    (0)    1 :  0.174 0.392 0.295 0.139 
415 OmyAC20ROGR    (0)    1 :  0.339 0.039 0.255 0.368 
416 OmyAC20ROGR    (0)    1 :  0.239 0.104 0.283 0.374 
417 OmyAC20ROGR    (0)    1 :  0.435 0.041 0.188 0.337 
418 OmyAC20ROGR    (0)    1 :  0.363 0.204 0.117 0.316 
419 OmyAC20ROGR    (0)    1 :  0.339 0.436 0.065 0.160 
420 OmyAC20ROGR    (0)    1 :  0.379 0.045 0.335 0.241 
421 OmyAC20ROGR    (0)    1 :  0.241 0.147 0.331 0.282 
422 OmyAC20ROGR    (0)    1 :  0.034 0.899 0.035 0.031 
423 OmyAC20ROGR    (0)    1 :  0.278 0.046 0.044 0.632 
424 OmyAC20ROGR    (0)    1 :  0.463 0.036 0.071 0.430 
425 OmyAC20ROGR    (0)    1 :  0.025 0.848 0.096 0.030 
426 OmyAC20ROGR    (0)    1 :  0.260 0.118 0.098 0.524 
427 OmyAC20ROGR    (0)    1 :  0.274 0.249 0.126 0.351 
428 OmyAC20ROGR    (0)    1 :  0.025 0.924 0.026 0.025 
429 OmyAC20ROGR    (0)    1 :  0.616 0.033 0.101 0.249 
430 OmyAC20ROGR    (0)    1 :  0.472 0.120 0.053 0.356 
431 OmyAC20ROGR    (0)    1 :  0.096 0.539 0.150 0.216 
432 OmyAC20ROGR    (0)    1 :  0.048 0.853 0.046 0.052 
433 OmyAC20ROGR    (0)    1 :  0.036 0.892 0.041 0.030 
434 OmyAC20ROGR    (0)    1 :  0.417 0.282 0.041 0.260 
435 OmyAC20ROGR    (0)    1 :  0.081 0.028 0.180 0.712 
436 OmyAC20ROGR    (0)    1 :  0.268 0.061 0.041 0.630 
437 OmyAC20ROGR    (0)    1 :  0.168 0.668 0.070 0.094 
438 OmyAC20ROGR    (0)    1 :  0.293 0.421 0.089 0.196 
439 OmyAC20ROGR    (0)    1 :  0.363 0.085 0.093 0.459 
440 OmyAC20ROGR    (0)    1 :  0.058 0.784 0.067 0.091 
441 OmyAC20ROGR    (0)    1 :  0.480 0.028 0.144 0.347 
442 OmyAC20ROGR    (0)    1 :  0.447 0.079 0.098 0.377 
443 OmyAC20ROGR    (0)    1 :  0.246 0.036 0.610 0.108 
444 OmyAC20ROGR    (0)    1 :  0.336 0.141 0.052 0.471 
445 OmyAC20ROGR    (0)    1 :  0.495 0.132 0.071 0.302 
446 OmyJC18ROGR    (0)    2 :  0.136 0.072 0.570 0.221 
447 OmyJC18ROGR    (0)    2 :  0.228 0.069 0.108 0.596 
448 OmyJC18ROGR    (0)    2 :  0.178 0.083 0.047 0.692 
449 OmyJC18ROGR    (0)    2 :  0.125 0.702 0.102 0.070 
450 OmyJC18ROGR    (0)    2 :  0.101 0.713 0.104 0.082 
451 OmyJC18ROGR    (0)    2 :  0.045 0.874 0.036 0.045 
452 OmyJC18ROGR    (0)    2 :  0.159 0.302 0.239 0.300 
453 OmyJC18ROGR    (0)    2 :  0.167 0.038 0.651 0.144 
454 OmyJC18ROGR    (0)    2 :  0.042 0.873 0.033 0.052 
455 OmyJC18ROGR    (0)    2 :  0.618 0.051 0.072 0.259 
456 OmyJC18ROGR    (0)    2 :  0.057 0.872 0.025 0.046 
457 OmyJC18ROGR    (0)    2 :  0.314 0.066 0.075 0.545 
458 OmyJC18ROGR    (0)    2 :  0.158 0.182 0.512 0.148 
459 OmyJC18ROGR    (0)    2 :  0.371 0.027 0.410 0.191 
460 OmyJC18ROGR    (2)    2 :  0.225 0.475 0.118 0.182 
461 OmyJC18ROGR    (1)    2 :  0.158 0.353 0.295 0.194 
462 OmyJC18ROGR    (3)    2 :  0.216 0.446 0.192 0.146 
463 OmyJC18ROGR    (1)    2 :  0.082 0.716 0.085 0.117 
464 OmyJC18ROGR    (3)    2 :  0.160 0.031 0.050 0.759 
465 OmyJC18ROGR    (3)    2 :  0.566 0.073 0.075 0.286 
466 OmyJC18ROGR    (0)    2 :  0.238 0.211 0.118 0.433 
467 OmyJC18ROGR    (1)    2 :  0.538 0.063 0.118 0.281 
468 OmyJC18ROGR    (0)    2 :  0.616 0.077 0.060 0.248 
469 OmyJC18ROGR    (0)    2 :  0.103 0.772 0.053 0.072 
470 OmyJC18ROGR    (3)    2 :  0.164 0.561 0.088 0.186 
471 OmyJC18ROGR    (1)    2 :  0.181 0.348 0.190 0.281 
472 OmyJC18ROGR    (1)    2 :  0.233 0.109 0.091 0.567 
473 OmyJC18ROGR    (2)    2 :  0.176 0.045 0.104 0.675 
474 OmyJC18ROGR    (0)    2 :  0.134 0.047 0.604 0.215 
475 OmyJC18ROGR    (1)    2 :  0.051 0.694 0.201 0.054 
476 OmyJC18ROGR    (2)    2 :  0.288 0.027 0.472 0.213 
477 OmyJC18ROGR    (3)    2 :  0.555 0.143 0.116 0.186 
478 OmyJC18ROGR    (0)    2 :  0.149 0.077 0.477 0.298 
479 OmyJC18ROGR    (0)    2 :  0.370 0.033 0.103 0.494 
480 OmyJC18ROGR    (0)    2 :  0.335 0.208 0.092 0.365 
481 OmyJC18ROGR    (2)    2 :  0.152 0.277 0.292 0.279 
482 OmyJC18ROGR    (3)    2 :  0.668 0.025 0.104 0.203 
483 OmyJC18ROGR    (3)    2 :  0.510 0.065 0.045 0.380 
484 OmyJC18ROGR    (3)    2 :  0.380 0.068 0.272 0.280 
485 OmyJC18ROGR    (2)    2 :  0.098 0.660 0.066 0.176 
486 OmyJC18ROGR    (2)    2 :  0.253 0.473 0.093 0.180 
487 OmyJC18ROGR    (1)    2 :  0.114 0.138 0.433 0.315 
488 OmyJC18ROGR    (3)    2 :  0.211 0.079 0.159 0.551 
489 OmyJC18ROGR    (0)    2 :  0.266 0.052 0.232 0.450 
490 OmyJC18ROGR    (2)    2 :  0.470 0.116 0.165 0.249 
491 OmyJC18ROGR    (4)    2 :  0.120 0.145 0.622 0.114 
492 OmyJC18ROGR    (4)    2 :  0.152 0.030 0.737 0.081 
493 OmyJC18ROGR    (3)    2 :  0.274 0.175 0.082 0.469 
494 OmyJC18ROGR    (3)    2 :  0.046 0.887 0.027 0.041 
495 OmyJC18ROGR    (3)    2 :  0.115 0.198 0.539 0.149 
496 OmyJC18ROGR    (0)    2 :  0.315 0.108 0.354 0.223 
497 OmyJC18ROGR    (5)    2 :  0.381 0.126 0.251 0.243 
498 OmyJC18ROGR    (3)    2 :  0.139 0.267 0.219 0.375 
499 OmyJC18ROGR    (1)    2 :  0.416 0.076 0.262 0.246 
500 OmyJC18ROGR    (1)    2 :  0.498 0.037 0.199 0.266 
501 OmyJC18ROGR    (3)    2 :  0.131 0.501 0.131 0.236 
502 OmyJC18ROGR    (1)    2 :  0.584 0.238 0.055 0.123 
503 OmyJC18ROGR    (4)    2 :  0.286 0.073 0.047 0.595 
504 OmyJC18ROGR    (1)    2 :  0.434 0.352 0.051 0.163 
505 OmyJC18ROGR    (0)    2 :  0.195 0.298 0.368 0.140 
506 OmyJC18ROGR    (6)    2 :  0.254 0.091 0.424 0.231 
507 OmyJC18ROGR    (0)    2 :  0.403 0.183 0.097 0.317 
508 OmyJC18ROGR    (0)    2 :  0.604 0.098 0.098 0.200 
509 OmyJC18ROGR    (2)    2 :  0.038 0.875 0.045 0.042 
510 OmyJC18ROGR    (1)    2 :  0.294 0.042 0.215 0.448 
511 OmyJC18ROGR    (3)    2 :  0.075 0.168 0.658 0.099 
512 OmyJC18ROGR    (2)    2 :  0.086 0.780 0.031 0.102 
513 OmyJC18ROGR    (7)    2 :  0.100 0.241 0.536 0.124 
514 OmyJC18ROGR    (3)    2 :  0.119 0.586 0.218 0.077 
515 OmyJC18ROGR    (0)    2 :  0.332 0.089 0.175 0.404 
516 OmyJC18ROGR    (2)    2 :  0.171 0.257 0.168 0.405 
517 OmyJC18ROGR    (2)    2 :  0.140 0.329 0.329 0.201 
518 OmyJC18ROGR    (0)    2 :  0.408 0.067 0.122 0.404 
519 OmyJC18ROGR    (7)    2 :  0.055 0.094 0.749 0.102 
520 OmyJC18ROGR    (4)    2 :  0.070 0.253 0.491 0.186 
521 OmyJC18ROGR    (1)    2 :  0.160 0.226 0.380 0.234 
522 OmyJC18ROGR    (1)    2 :  0.457 0.158 0.058 0.327 
523 OmyJC18ROGR    (3)    2 :  0.559 0.065 0.118 0.258 
524 OmyJC18ROGR    (1)    2 :  0.486 0.049 0.058 0.407 
525 OmyJC18ROGR    (2)    2 :  0.374 0.180 0.348 0.097 
526 OmyJC18ROGR    (1)    2 :  0.367 0.117 0.396 0.120 
527 OmyJC18ROGR    (0)    2 :  0.186 0.048 0.419 0.347 
528 OmyJC18ROGR    (0)    2 :  0.356 0.054 0.114 0.476 
529 OmyJC18ROGR    (1)    2 :  0.167 0.046 0.140 0.647 
530 OmyJC18ROGR    (0)    2 :  0.737 0.036 0.053 0.174 
531 OmyJC18ROGR    (0)    2 :  0.197 0.060 0.046 0.698 
532 OmyJC18ROGR    (1)    2 :  0.534 0.038 0.092 0.336 
533 OmyJC18ROGR    (2)    2 :  0.104 0.024 0.224 0.648 
534 OmyJC18ROGR    (2)    2 :  0.378 0.074 0.099 0.449 
535 OmyJC18ROGR    (0)    2 :  0.221 0.082 0.479 0.218 
536 OmyJC18ROGR    (0)    2 :  0.050 0.042 0.796 0.112 
537 OmyJC18ROGR    (0)    2 :  0.213 0.039 0.485 0.263 
538 OmyJC18ROGR    (0)    2 :  0.148 0.054 0.045 0.753 
539 OmyJC18ROGR    (1)    2 :  0.547 0.078 0.110 0.265 
540 OmyJC18ROGR    (6)    2 :  0.186 0.072 0.189 0.552 
541 OmyJC18ROGR    (1)    2 :  0.161 0.072 0.180 0.586 
542 OmyJC18ROGR    (1)    2 :  0.137 0.213 0.181 0.469 
543 OmyJC18ROGR    (0)    2 :  0.190 0.267 0.090 0.453 
544 OmyJC18ROGR    (2)    2 :  0.189 0.055 0.267 0.488 
545 OmyJC18ROGR    (1)    2 :  0.272 0.625 0.030 0.073 
546 OmyJC18ROGR    (6)    2 :  0.217 0.020 0.084 0.679 
547 OmyJC18ROGR    (0)    2 :  0.365 0.143 0.037 0.455 
548 OmyJC18ROGR    (1)    2 :  0.184 0.222 0.238 0.356 
549 OmyJC18ROGR    (0)    2 :  0.246 0.059 0.077 0.618 
550 OmyJC18ROGR    (1)    2 :  0.057 0.794 0.063 0.086 
551 OmyJC18ROGR    (1)    2 :  0.110 0.085 0.632 0.172 
552 OmyJC18ROGR    (2)    2 :  0.277 0.133 0.115 0.475 
553 OmyJC18ROGR    (7)    2 :  0.287 0.100 0.196 0.417 
554 OmyJC18ROGR    (2)    2 :  0.181 0.045 0.158 0.616 
555 OmyJC18ROGR    (3)    2 :  0.252 0.050 0.283 0.415 
556 OmyJC18ROGR    (0)    2 :  0.047 0.084 0.764 0.105 
557 OmyJC18ROGR    (1)    2 :  0.160 0.557 0.107 0.177 
558 OmyJC18ROGR    (0)    2 :  0.044 0.172 0.721 0.063 
559 OmyJC18ROGR    (0)    2 :  0.757 0.029 0.074 0.139 
560 OmyJC18ROGR    (5)    2 :  0.279 0.140 0.338 0.244 
561 OmyJC18ROGR    (0)    2 :  0.724 0.037 0.050 0.190 
562 OmyJC18ROGR    (6)    2 :  0.112 0.062 0.423 0.403 
563 OmyJC18ROGR    (2)    2 :  0.186 0.094 0.252 0.467 
564 OmyJC18ROGR    (3)    2 :  0.086 0.331 0.438 0.144 
565 OmyJC18ROGR    (3)    2 :  0.365 0.130 0.204 0.301 
566 OmyJC18ROGR    (1)    2 :  0.594 0.088 0.089 0.229 
567 OmyJC18ROGR    (0)    2 :  0.689 0.034 0.104 0.172 
568 OmyJC18ROGR    (3)    2 :  0.090 0.152 0.372 0.386 
569 OmyJC18ROGR    (2)    2 :  0.438 0.066 0.140 0.356 
570 OmyJC18ROGR    (0)    2 :  0.491 0.083 0.060 0.367 
571 OmyJC18ROGR    (1)    2 :  0.491 0.025 0.039 0.445 
572 OmyJC18ROGR    (4)    2 :  0.290 0.061 0.532 0.118 
573 OmyJC18ROGR    (3)    2 :  0.205 0.485 0.194 0.117 
574 OmyJC18ROGR    (5)    2 :  0.137 0.240 0.166 0.456 
575 OmyJC18ROGR    (3)    2 :  0.134 0.044 0.504 0.318 
576 OmyJC18ROGR    (0)    2 :  0.225 0.090 0.243 0.442 
577 OmyJC18ROGR    (0)    2 :  0.047 0.864 0.029 0.061 
578 OmyJC18ROGR    (1)    2 :  0.488 0.042 0.063 0.407 
579 OmyJC18ROGR    (0)    2 :  0.055 0.794 0.092 0.059 
580 OmyJC18ROGR    (0)    2 :  0.343 0.024 0.354 0.278 
581 OmyJC18ROGR    (3)    2 :  0.569 0.083 0.100 0.247 
582 OmyJC18ROGR    (6)    2 :  0.299 0.038 0.272 0.392 
583 OmyJC18ROGR    (3)    2 :  0.169 0.044 0.548 0.239 
584 OmyJC18ROGR    (3)    2 :  0.342 0.092 0.286 0.280 
585 OmyJC18ROGR    (1)    2 :  0.259 0.113 0.122 0.507 
586 OmyJC18ROGR    (1)    2 :  0.275 0.025 0.129 0.572 
587 OmyJC18ROGR    (0)    2 :  0.029 0.912 0.024 0.034 
588 OmyJC18ROGR    (0)    2 :  0.114 0.263 0.547 0.077 
589 OmyJC18ROGR    (1)    2 :  0.180 0.094 0.181 0.545 
590 OmyJC18ROGR    (2)    2 :  0.186 0.012 0.037 0.765 
591 OmyJC18ROGR    (0)    2 :  0.333 0.084 0.160 0.423 
592 OmyJC18ROGR    (3)    2 :  0.279 0.079 0.102 0.539 
593 OmyJC18ROGR    (0)    2 :  0.220 0.155 0.438 0.187 
594 OmyJC18ROGR    (1)    2 :  0.370 0.053 0.128 0.449 
595 OmyJC18ROGR    (0)    2 :  0.113 0.109 0.515 0.263 
596 OmyJC18ROGR    (1)    2 :  0.407 0.122 0.178 0.293 
597 OmyJC18ROGR    (0)    2 :  0.186 0.091 0.236 0.487 
598 OmyJC18ROGR    (1)    2 :  0.525 0.090 0.094 0.291 
599 OmyJC18ROGR    (0)    2 :  0.352 0.084 0.121 0.443 
600 OmyJC18ROGR    (0)    2 :  0.115 0.055 0.585 0.245 
601 OmyJC18ROGR    (0)    2 :  0.363 0.053 0.284 0.300 
602 OmyJC18ROGR    (0)    2 :  0.712 0.096 0.084 0.108 
603 OmyJC18ROGR    (0)    2 :  0.237 0.039 0.426 0.298 
604 OmyJC18ROGR    (0)    2 :  0.307 0.067 0.239 0.387 
605 OmyJC18ROGR    (0)    2 :  0.115 0.041 0.766 0.078 
606 OmyJC18ROGR    (0)    2 :  0.159 0.100 0.424 0.317 
607 OmyJC18ROGR    (0)    2 :  0.608 0.068 0.080 0.245 
608 OmyJC18ROGR    (0)    2 :  0.517 0.039 0.052 0.392 
609 OmyJC18ROGR    (0)    2 :  0.159 0.069 0.664 0.108 
610 OmyJC18ROGR    (4)    2 :  0.041 0.836 0.085 0.039 
611 OmyJC18ROGR    (0)    2 :  0.150 0.319 0.319 0.212 
612 OmyJC18ROGR    (2)    2 :  0.299 0.066 0.214 0.421 
613 OmyJC18ROGR    (0)    2 :  0.152 0.118 0.280 0.449 
614 OmyJC18ROGR    (0)    2 :  0.244 0.165 0.046 0.545 
615 OmyJC18ROGR    (0)    2 :  0.154 0.023 0.321 0.502 
616 OmyJC18ROGR    (0)    2 :  0.333 0.170 0.307 0.190 
617 OmyJC18ROGR    (0)    2 :  0.342 0.059 0.292 0.306 
618 OmyJC18ROGR    (0)    2 :  0.329 0.141 0.049 0.481 
619 OmyJC18ROGR    (0)    2 :  0.165 0.043 0.498 0.294 
620 OmyJC18ROGR    (0)    2 :  0.134 0.183 0.556 0.127 
621 OmyJC18ROGR    (1)    2 :  0.354 0.107 0.348 0.190 
622 OmyJC18ROGR    (2)    2 :  0.161 0.064 0.590 0.185 
623 OmyJC18ROGR    (1)    2 :  0.297 0.096 0.112 0.495 
624 OmyJC18ROGR    (2)    2 :  0.169 0.076 0.137 0.619 
625 OmyJC18ROGR    (0)    2 :  0.182 0.138 0.054 0.627 
626 OmyJC18ROGR    (6)    2 :  0.186 0.050 0.169 0.594 
627 OmyJC18ROGR    (0)    2 :  0.147 0.182 0.366 0.304 
628 OmyJC18ROGR    (0)    2 :  0.020 0.938 0.023 0.019 
629 OmyJC18ROGR    (1)    2 :  0.110 0.171 0.573 0.146 
630 OmyJC18ROGR    (1)    2 :  0.144 0.041 0.657 0.158 
631 OmyJC18ROGR    (3)    2 :  0.264 0.048 0.075 0.613 
632 OmyJC18ROGR    (0)    2 :  0.051 0.030 0.869 0.050 
633 OmyJC18ROGR    (4)    2 :  0.298 0.058 0.173 0.471 
634 OmyJC18ROGR    (2)    2 :  0.072 0.396 0.426 0.107 
635 OmyJC18ROGR    (0)    2 :  0.416 0.025 0.405 0.154 
636 OmyJC18ROGR    (0)    2 :  0.150 0.562 0.193 0.096 
637 OmyJC18ROGR    (0)    2 :  0.133 0.126 0.314 0.427 
638 OmyJC18ROGR    (0)    2 :  0.594 0.056 0.233 0.117 
639 OmyJC18ROGR    (1)    2 :  0.154 0.147 0.164 0.535 
640 OmyJC18ROGR    (1)    2 :  0.146 0.426 0.093 0.334 
641 OmyJC18ROGR    (0)    2 :  0.143 0.327 0.415 0.114 
642 OmyJC18ROGR    (3)    2 :  0.235 0.142 0.147 0.476 
643 OmyJC18ROGR    (1)    2 :  0.357 0.064 0.338 0.241 
644 OmyJC18ROGR    (7)    2 :  0.300 0.024 0.090 0.585 
645 OmyJC18ROGR    (4)    2 :  0.402 0.128 0.129 0.341 
646 OmyJC18ROGR    (0)    2 :  0.536 0.037 0.267 0.161 
647 OmyJC18ROGR    (1)    2 :  0.405 0.047 0.062 0.486 
648 OmyJC18ROGR    (1)    2 :  0.132 0.103 0.488 0.278 
649 OmyJC18ROGR    (0)    2 :  0.633 0.056 0.145 0.166 
650 OmyJC18ROGR    (1)    2 :  0.291 0.026 0.189 0.494 
651 OmyJC18ROGR    (5)    2 :  0.043 0.860 0.062 0.034 
652 OmyJC18ROGR    (1)    2 :  0.238 0.178 0.311 0.273 
653 OmyJC18ROGR    (3)    2 :  0.293 0.093 0.431 0.182 
654 OmyJC18ROGR    (1)    2 :  0.334 0.126 0.080 0.460 
655 OmyJC18ROGR    (2)    2 :  0.348 0.294 0.141 0.216 
656 OmyJC18ROGR    (0)    2 :  0.277 0.037 0.127 0.559 
657 OmyJC18ROGR    (0)    2 :  0.290 0.066 0.390 0.255 
658 OmyJC18ROGR    (0)    2 :  0.526 0.069 0.175 0.229 
659 OmyJC18ROGR    (5)    2 :  0.419 0.017 0.359 0.205 
660 OmyJC18ROGR    (3)    2 :  0.448 0.156 0.157 0.239 
661 OmyJC18ROGR    (2)    2 :  0.218 0.030 0.465 0.287 
662 OmyJC18ROGR    (1)    2 :  0.076 0.101 0.476 0.347 
663 OmyJC18ROGR    (2)    2 :  0.263 0.317 0.267 0.153 
664 OmyJC18ROGR    (0)    2 :  0.257 0.059 0.377 0.308 
665 OmyJC18ROGR    (0)    2 :  0.156 0.123 0.499 0.222 
666 OmyJC18ROGR    (0)    2 :  0.082 0.806 0.047 0.064 
667 OmyJC18ROGR    (0)    2 :  0.256 0.380 0.250 0.114 
668 OmyJC18ROGR    (2)    2 :  0.362 0.281 0.096 0.261 
669 OmyJC18ROGR    (4)    2 :  0.573 0.139 0.087 0.201 
670 OmyJC18ROGR    (6)    2 :  0.568 0.053 0.037 0.343 
671 OmyJC18ROGR    (3)    2 :  0.045 0.033 0.843 0.080 
672 OmyJC18ROGR    (0)    2 :  0.138 0.029 0.672 0.160 
673 OmyJC18ROGR    (4)    2 :  0.363 0.039 0.441 0.156 
674 OmyJC18ROGR    (0)    2 :  0.310 0.135 0.296 0.258 
675 OmyJC18ROGR    (0)    2 :  0.268 0.056 0.318 0.358 
