

----------------------------------------------------
STRUCTURE by Pritchard, Stephens and Donnelly (2000)
     and Falush, Stephens and Pritchard (2003)
       Code by Pritchard, Falush and Hubisz
             Version 2.3.4 (Jul 2012)
----------------------------------------------------



Command line arguments:   bin/structure -m "/Users/ddayan/FRA/premature_migration/Rogue_Half-Pounder/half-pounder/structure/halfpounder_2021/10k_20k_adm_corr/mainparams" -e "/Users/ddayan/FRA/premature_migration/Rogue_Half-Pounder/half-pounder/structure/halfpounder_2021/10k_20k_adm_corr/extraparams" 
Input File:    /Users/ddayan/FRA/premature_migration/Rogue_Half-Pounder/half-pounder/structure/halfpounder_2021/project_data

Run parameters:
   1000 individuals
   328 loci
   6 populations assumed
   10000 Burn-in period
   20000 Reps


--------------------------------------------
Proportion of membership of each pre-defined
 population in each of the 6 clusters

Given    Inferred Clusters                            Number of
 Pop       1      2      3      4      5      6      Individuals

  1:     0.173  0.135  0.171  0.180  0.159  0.182      275
  2:     0.169  0.155  0.163  0.172  0.175  0.166      643
  3:     0.058  0.672  0.075  0.034  0.046  0.114       42
  4:     0.253  0.062  0.207  0.038  0.294  0.147       40
--------------------------------------------

Allele-freq. divergence among pops (Net nucleotide distance),
computed using point estimates of P.

      1       2       3       4       5       6      
 1      -    0.0039  0.0012  0.0086  0.0014  0.0010  
 2   0.0039     -    0.0035  0.0114  0.0043  0.0031  
 3   0.0012  0.0035     -    0.0088  0.0017  0.0011  
 4   0.0086  0.0114  0.0088     -    0.0087  0.0080  
 5   0.0014  0.0043  0.0017  0.0087     -    0.0015  
 6   0.0010  0.0031  0.0011  0.0080  0.0015     -    

Average distances (expected heterozygosity) between individuals in same cluster:
cluster  1  : 0.2911 
cluster  2  : 0.2863 
cluster  3  : 0.2914 
cluster  4  : 0.2596 
cluster  5  : 0.2915 
cluster  6  : 0.2916 

--------------------------------------------
Estimated Ln Prob of Data   = -286347.6
Mean value of ln likelihood = -283310.7
Variance of ln likelihood   = 6073.8
Mean value of alpha         = 0.1425

Mean value of Fst_1         = 0.0126
Mean value of Fst_2         = 0.0265
Mean value of Fst_3         = 0.0139
Mean value of Fst_4         = 0.0726
Mean value of Fst_5         = 0.0148
Mean value of Fst_6         = 0.0111


Inferred ancestry of individuals:
        Label (%Miss) Pop:  Inferred clusters
  1 OmyAC19ROGR    (0)    1 :  0.202 0.177 0.191 0.013 0.078 0.339 
  2 OmyAC19ROGR    (0)    1 :  0.131 0.095 0.375 0.049 0.031 0.318 
  3 OmyAC19ROGR    (0)    1 :  0.305 0.112 0.314 0.049 0.074 0.147 
  4 OmyAC19ROGR    (0)    1 :  0.162 0.090 0.132 0.018 0.515 0.082 
  5 OmyAC19ROGR    (1)    1 :  0.007 0.009 0.010 0.953 0.009 0.012 
  6 OmyAC19ROGR    (0)    1 :  0.402 0.048 0.149 0.140 0.116 0.144 
  7 OmyAC19ROGR    (0)    1 :  0.158 0.090 0.092 0.141 0.186 0.332 
  8 OmyAC19ROGR    (0)    1 :  0.073 0.078 0.678 0.011 0.102 0.058 
  9 OmyAC19ROGR    (0)    1 :  0.201 0.125 0.137 0.215 0.074 0.248 
 10 OmyAC19ROGR    (0)    1 :  0.058 0.085 0.099 0.407 0.032 0.318 
 11 OmyAC19ROGR    (0)    1 :  0.183 0.113 0.067 0.040 0.546 0.051 
 12 OmyAC19ROGR    (0)    1 :  0.579 0.037 0.092 0.070 0.076 0.146 
 13 OmyAC19ROGR    (0)    1 :  0.067 0.071 0.567 0.016 0.242 0.036 
 14 OmyAC19ROGR    (0)    1 :  0.182 0.033 0.100 0.437 0.172 0.076 
 15 OmyAC19ROGR    (0)    1 :  0.105 0.028 0.066 0.397 0.369 0.034 
 16 OmyAC19ROGR    (0)    1 :  0.145 0.107 0.156 0.068 0.386 0.137 
 17 OmyAC19ROGR    (0)    1 :  0.183 0.012 0.630 0.048 0.071 0.056 
 18 OmyAC19ROGR    (2)    1 :  0.081 0.115 0.392 0.017 0.093 0.301 
 19 OmyAC19ROGR    (1)    1 :  0.063 0.099 0.266 0.032 0.330 0.210 
 20 OmyAC19ROGR    (0)    1 :  0.255 0.027 0.125 0.226 0.193 0.174 
 21 OmyAC19ROGR    (1)    1 :  0.138 0.078 0.251 0.159 0.136 0.238 
 22 OmyAC19ROGR    (0)    1 :  0.310 0.183 0.218 0.062 0.127 0.099 
 23 OmyAC19ROGR    (0)    1 :  0.147 0.072 0.359 0.209 0.077 0.136 
 24 OmyAC19ROGR    (0)    1 :  0.066 0.839 0.020 0.012 0.036 0.028 
 25 OmyAC19ROGR    (0)    1 :  0.071 0.055 0.261 0.184 0.313 0.117 
 26 OmyAC19ROGR    (0)    1 :  0.106 0.268 0.232 0.075 0.055 0.264 
 27 OmyAC19ROGR    (1)    1 :  0.174 0.040 0.057 0.037 0.614 0.077 
 28 OmyAC19ROGR    (0)    1 :  0.038 0.849 0.033 0.017 0.022 0.041 
 29 OmyAC19ROGR    (0)    1 :  0.072 0.064 0.202 0.039 0.106 0.517 
 30 OmyAC19ROGR    (0)    1 :  0.060 0.027 0.058 0.689 0.034 0.131 
 31 OmyAC19ROGR    (0)    1 :  0.279 0.076 0.324 0.035 0.135 0.151 
 32 OmyAC19ROGR    (0)    1 :  0.072 0.170 0.384 0.083 0.119 0.173 
 33 OmyAC19ROGR    (1)    1 :  0.253 0.312 0.099 0.087 0.094 0.155 
 34 OmyAC19ROGR    (0)    1 :  0.067 0.049 0.120 0.487 0.222 0.055 
 35 OmyAC19ROGR    (0)    1 :  0.143 0.166 0.339 0.038 0.066 0.248 
 36 OmyAC19ROGR    (0)    1 :  0.128 0.093 0.367 0.122 0.207 0.083 
 37 OmyAC19ROGR    (0)    1 :  0.071 0.645 0.076 0.070 0.092 0.045 
 38 OmyAC19ROGR    (0)    1 :  0.073 0.355 0.062 0.391 0.055 0.064 
 39 OmyAC19ROGR    (0)    1 :  0.080 0.025 0.553 0.036 0.025 0.282 
 40 OmyAC19ROGR    (0)    1 :  0.374 0.030 0.059 0.271 0.123 0.142 
 41 OmyAC19ROGR    (1)    1 :  0.322 0.072 0.084 0.030 0.235 0.257 
 42 OmyAC19ROGR    (0)    1 :  0.042 0.017 0.038 0.830 0.047 0.026 
 43 OmyAC19ROGR    (0)    1 :  0.435 0.074 0.217 0.026 0.033 0.214 
 44 OmyAC19ROGR    (6)    1 :  0.367 0.070 0.301 0.018 0.048 0.196 
 45 OmyAC19ROGR    (1)    1 :  0.154 0.232 0.093 0.366 0.062 0.093 
 46 OmyAC19ROGR    (0)    1 :  0.129 0.336 0.147 0.063 0.078 0.246 
 47 OmyAC19ROGR    (0)    1 :  0.091 0.685 0.041 0.042 0.066 0.075 
 48 OmyAC19ROGR    (0)    1 :  0.273 0.069 0.262 0.024 0.045 0.326 
 49 OmyAC19ROGR    (0)    1 :  0.220 0.308 0.143 0.023 0.224 0.082 
 50 OmyAC19ROGR    (0)    1 :  0.258 0.019 0.352 0.016 0.133 0.223 
 51 OmyAC19ROGR    (2)    1 :  0.058 0.032 0.035 0.743 0.079 0.053 
 52 OmyAC19ROGR    (0)    1 :  0.027 0.025 0.028 0.866 0.028 0.027 
 53 OmyAC19ROGR    (1)    1 :  0.138 0.651 0.089 0.031 0.043 0.048 
 54 OmyAC19ROGR    (0)    1 :  0.175 0.492 0.109 0.055 0.061 0.108 
 55 OmyAC19ROGR    (3)    1 :  0.199 0.035 0.486 0.051 0.139 0.089 
 56 OmyAC19ROGR    (0)    1 :  0.044 0.626 0.088 0.064 0.120 0.057 
 57 OmyAC19ROGR    (0)    1 :  0.072 0.628 0.151 0.013 0.079 0.056 
 58 OmyAC19ROGR    (0)    1 :  0.057 0.040 0.077 0.687 0.088 0.051 
 59 OmyAC19ROGR    (0)    1 :  0.281 0.392 0.150 0.012 0.081 0.084 
 60 OmyAC19ROGR    (1)    1 :  0.109 0.064 0.090 0.075 0.569 0.093 
 61 OmyAC19ROGR    (0)    1 :  0.153 0.272 0.112 0.036 0.050 0.378 
 62 OmyAC19ROGR    (0)    1 :  0.254 0.048 0.289 0.022 0.076 0.311 
 63 OmyAC19ROGR    (0)    1 :  0.097 0.502 0.056 0.229 0.063 0.054 
 64 OmyAC19ROGR    (2)    1 :  0.347 0.098 0.101 0.059 0.257 0.139 
 65 OmyAC19ROGR    (0)    1 :  0.118 0.071 0.511 0.036 0.181 0.083 
 66 OmyAC19ROGR    (3)    1 :  0.116 0.024 0.171 0.273 0.289 0.127 
 67 OmyAC19ROGR    (0)    1 :  0.035 0.562 0.093 0.024 0.169 0.116 
 68 OmyAC19ROGR    (1)    1 :  0.117 0.226 0.110 0.044 0.038 0.464 
 69 OmyAC19ROGR    (2)    1 :  0.042 0.484 0.113 0.154 0.057 0.149 
 70 OmyAC19ROGR    (0)    1 :  0.228 0.166 0.287 0.023 0.073 0.223 
 71 OmyAC19ROGR    (0)    1 :  0.167 0.081 0.485 0.027 0.173 0.067 
 72 OmyAC19ROGR    (4)    1 :  0.260 0.109 0.169 0.019 0.215 0.229 
 73 OmyAC19ROGR    (0)    1 :  0.093 0.113 0.435 0.128 0.026 0.206 
 74 OmyAC19ROGR    (0)    1 :  0.692 0.028 0.040 0.023 0.154 0.062 
 75 OmyAC19ROGR    (0)    1 :  0.077 0.238 0.259 0.105 0.168 0.153 
 76 OmyAC19ROGR    (0)    1 :  0.082 0.662 0.068 0.033 0.033 0.122 
 77 OmyAC19ROGR    (1)    1 :  0.021 0.010 0.007 0.923 0.020 0.018 
 78 OmyAC19ROGR    (0)    1 :  0.142 0.057 0.559 0.028 0.056 0.158 
 79 OmyAC19ROGR    (2)    1 :  0.056 0.062 0.371 0.027 0.034 0.450 
 80 OmyAC19ROGR    (1)    1 :  0.061 0.074 0.041 0.712 0.066 0.047 
 81 OmyAC19ROGR    (2)    1 :  0.225 0.067 0.076 0.363 0.049 0.219 
 82 OmyAC19ROGR    (1)    1 :  0.098 0.685 0.103 0.011 0.059 0.043 
 83 OmyAC19ROGR    (0)    1 :  0.146 0.231 0.217 0.037 0.096 0.274 
 84 OmyAC19ROGR    (0)    1 :  0.104 0.035 0.077 0.088 0.049 0.648 
 85 OmyAC19ROGR    (5)    1 :  0.070 0.095 0.590 0.018 0.170 0.056 
 86 OmyAC19ROGR    (0)    1 :  0.229 0.017 0.077 0.080 0.367 0.230 
 87 OmyAC19ROGR    (1)    1 :  0.181 0.220 0.042 0.032 0.061 0.464 
 88 OmyJC19ROGR    (0)    2 :  0.041 0.017 0.061 0.818 0.022 0.040 
 89 OmyJC19ROGR    (0)    2 :  0.179 0.055 0.122 0.044 0.124 0.476 
 90 OmyJC19ROGR    (0)    2 :  0.016 0.010 0.021 0.906 0.023 0.024 
 91 OmyJC19ROGR    (1)    2 :  0.113 0.405 0.134 0.012 0.178 0.158 
 92 OmyJC19ROGR    (0)    2 :  0.045 0.629 0.138 0.045 0.074 0.069 
 93 OmyJC19ROGR    (0)    2 :  0.030 0.801 0.069 0.011 0.046 0.043 
 94 OmyJC19ROGR    (0)    2 :  0.275 0.028 0.363 0.104 0.118 0.112 
 95 OmyJC19ROGR    (0)    2 :  0.264 0.023 0.243 0.068 0.045 0.357 
 96 OmyJC19ROGR    (0)    2 :  0.086 0.033 0.122 0.044 0.671 0.044 
 97 OmyJC19ROGR    (0)    2 :  0.017 0.731 0.061 0.123 0.022 0.046 
 98 OmyJC19ROGR    (0)    2 :  0.181 0.102 0.316 0.026 0.237 0.138 
 99 OmyJC19ROGR    (0)    2 :  0.107 0.487 0.099 0.059 0.161 0.088 
100 OmyJC19ROGR    (1)    2 :  0.093 0.040 0.584 0.032 0.131 0.120 
101 OmyJC19ROGR    (0)    2 :  0.067 0.139 0.163 0.480 0.066 0.086 
102 OmyJC19ROGR    (0)    2 :  0.114 0.038 0.161 0.047 0.498 0.141 
103 OmyJC19ROGR    (0)    2 :  0.137 0.079 0.186 0.092 0.134 0.372 
104 OmyJC19ROGR    (0)    2 :  0.092 0.312 0.282 0.021 0.046 0.247 
105 OmyJC19ROGR    (0)    2 :  0.164 0.584 0.026 0.092 0.077 0.057 
106 OmyJC19ROGR    (0)    2 :  0.016 0.025 0.010 0.918 0.008 0.024 
107 OmyJC19ROGR    (1)    2 :  0.056 0.094 0.049 0.060 0.678 0.063 
108 OmyJC19ROGR    (0)    2 :  0.171 0.234 0.192 0.054 0.239 0.110 
109 OmyJC19ROGR    (0)    2 :  0.102 0.020 0.092 0.097 0.635 0.053 
110 OmyJC19ROGR    (0)    2 :  0.064 0.416 0.095 0.266 0.048 0.111 
111 OmyJC19ROGR    (1)    2 :  0.085 0.397 0.190 0.072 0.145 0.110 
112 OmyJC19ROGR    (2)    2 :  0.217 0.047 0.221 0.082 0.311 0.122 
113 OmyJC19ROGR    (0)    2 :  0.082 0.039 0.086 0.599 0.106 0.089 
114 OmyJC19ROGR    (3)    2 :  0.090 0.043 0.311 0.033 0.079 0.444 
115 OmyJC19ROGR    (1)    2 :  0.535 0.292 0.050 0.049 0.028 0.045 
116 OmyJC19ROGR    (0)    2 :  0.141 0.041 0.336 0.066 0.070 0.345 
117 OmyJC19ROGR    (0)    2 :  0.101 0.032 0.611 0.103 0.090 0.062 
118 OmyJC19ROGR    (0)    2 :  0.094 0.066 0.250 0.018 0.059 0.512 
119 OmyJC19ROGR    (2)    2 :  0.113 0.043 0.085 0.031 0.241 0.487 
120 OmyJC19ROGR    (0)    2 :  0.026 0.857 0.042 0.011 0.026 0.038 
121 OmyJC19ROGR    (0)    2 :  0.361 0.027 0.250 0.027 0.116 0.219 
122 OmyJC19ROGR    (0)    2 :  0.163 0.128 0.191 0.044 0.154 0.319 
123 OmyJC19ROGR    (0)    2 :  0.090 0.115 0.084 0.012 0.478 0.221 
124 OmyJC19ROGR    (0)    2 :  0.581 0.039 0.088 0.087 0.079 0.127 
125 OmyJC19ROGR    (0)    2 :  0.167 0.311 0.118 0.082 0.028 0.294 
126 OmyJC19ROGR    (1)    2 :  0.091 0.036 0.078 0.671 0.079 0.045 
127 OmyJC19ROGR    (0)    2 :  0.036 0.030 0.032 0.027 0.780 0.095 
128 OmyJC19ROGR    (1)    2 :  0.040 0.441 0.063 0.031 0.156 0.269 
129 OmyJC19ROGR    (0)    2 :  0.036 0.058 0.664 0.170 0.025 0.048 
130 OmyJC19ROGR    (2)    2 :  0.506 0.021 0.103 0.043 0.043 0.284 
131 OmyJC19ROGR    (0)    2 :  0.237 0.095 0.427 0.047 0.079 0.115 
132 OmyJC19ROGR    (1)    2 :  0.097 0.434 0.058 0.037 0.155 0.218 
133 OmyJC19ROGR    (0)    2 :  0.210 0.050 0.499 0.021 0.077 0.143 
134 OmyJC19ROGR    (0)    2 :  0.111 0.063 0.074 0.045 0.101 0.606 
135 OmyJC19ROGR    (1)    2 :  0.023 0.884 0.022 0.017 0.022 0.031 
136 OmyJC19ROGR    (3)    2 :  0.122 0.091 0.128 0.026 0.130 0.503 
137 OmyJC19ROGR    (0)    2 :  0.375 0.035 0.058 0.148 0.281 0.104 
138 OmyJC19ROGR    (0)    2 :  0.064 0.027 0.131 0.678 0.065 0.033 
139 OmyJC19ROGR    (2)    2 :  0.238 0.031 0.599 0.013 0.044 0.074 
140 OmyJC19ROGR    (2)    2 :  0.098 0.046 0.563 0.055 0.162 0.077 
141 OmyJC19ROGR    (0)    2 :  0.105 0.108 0.229 0.223 0.123 0.213 
142 OmyJC19ROGR    (0)    2 :  0.081 0.162 0.120 0.257 0.228 0.151 
143 OmyJC19ROGR    (0)    2 :  0.105 0.691 0.086 0.033 0.040 0.046 
144 OmyJC19ROGR    (0)    2 :  0.070 0.031 0.798 0.012 0.043 0.047 
145 OmyJC19ROGR    (0)    2 :  0.320 0.037 0.092 0.020 0.407 0.125 
146 OmyJC19ROGR    (1)    2 :  0.091 0.532 0.161 0.053 0.042 0.122 
147 OmyJC19ROGR    (0)    2 :  0.061 0.097 0.046 0.032 0.626 0.137 
148 OmyJC19ROGR    (0)    2 :  0.224 0.141 0.123 0.015 0.405 0.092 
149 OmyJC19ROGR    (1)    2 :  0.085 0.390 0.191 0.060 0.076 0.198 
150 OmyJC19ROGR    (1)    2 :  0.081 0.354 0.076 0.035 0.154 0.299 
151 OmyJC19ROGR    (0)    2 :  0.075 0.070 0.452 0.061 0.052 0.291 
152 OmyJC19ROGR    (0)    2 :  0.157 0.090 0.034 0.030 0.638 0.050 
153 OmyJC19ROGR    (0)    2 :  0.030 0.873 0.020 0.023 0.029 0.026 
154 OmyJC19ROGR    (1)    2 :  0.258 0.027 0.067 0.036 0.103 0.508 
155 OmyJC19ROGR    (0)    2 :  0.177 0.180 0.175 0.055 0.064 0.348 
156 OmyJC19ROGR    (1)    2 :  0.309 0.152 0.075 0.085 0.203 0.176 
157 OmyJC19ROGR    (0)    2 :  0.279 0.148 0.224 0.052 0.114 0.184 
158 OmyJC19ROGR    (0)    2 :  0.109 0.148 0.287 0.013 0.201 0.241 
159 OmyJC19ROGR    (0)    2 :  0.258 0.023 0.108 0.026 0.458 0.127 
160 OmyJC19ROGR    (0)    2 :  0.241 0.201 0.072 0.045 0.212 0.229 
161 OmyJC19ROGR    (0)    2 :  0.387 0.207 0.181 0.017 0.114 0.093 
162 OmyJC19ROGR    (0)    2 :  0.063 0.106 0.053 0.036 0.569 0.174 
163 OmyJC19ROGR    (0)    2 :  0.136 0.449 0.043 0.029 0.120 0.223 
164 OmyJC19ROGR    (0)    2 :  0.215 0.048 0.300 0.019 0.350 0.069 
165 OmyJC19ROGR    (0)    2 :  0.299 0.179 0.315 0.014 0.148 0.045 
166 OmyJC19ROGR    (0)    2 :  0.565 0.048 0.097 0.036 0.064 0.189 
167 OmyJC19ROGR    (1)    2 :  0.190 0.259 0.091 0.058 0.101 0.301 
168 OmyJC19ROGR    (0)    2 :  0.051 0.062 0.390 0.042 0.112 0.343 
169 OmyJC19ROGR    (0)    2 :  0.014 0.010 0.016 0.919 0.020 0.022 
170 OmyJC19ROGR    (0)    2 :  0.094 0.652 0.108 0.040 0.058 0.047 
171 OmyJC19ROGR    (0)    2 :  0.161 0.095 0.331 0.019 0.274 0.119 
172 OmyJC19ROGR    (0)    2 :  0.050 0.280 0.114 0.310 0.096 0.150 
173 OmyJC19ROGR    (0)    2 :  0.019 0.019 0.019 0.878 0.033 0.031 
174 OmyJC19ROGR    (0)    2 :  0.442 0.120 0.164 0.021 0.066 0.187 
175 OmyJC19ROGR    (0)    2 :  0.212 0.038 0.520 0.022 0.085 0.124 
176 OmyJC19ROGR    (0)    2 :  0.035 0.402 0.136 0.056 0.103 0.267 
177 OmyJC19ROGR    (0)    2 :  0.076 0.827 0.020 0.008 0.036 0.033 
178 OmyJC19ROGR    (0)    2 :  0.153 0.012 0.036 0.034 0.721 0.044 
179 OmyJC19ROGR    (0)    2 :  0.163 0.355 0.144 0.012 0.123 0.202 
180 OmyJC19ROGR    (0)    2 :  0.019 0.032 0.037 0.847 0.019 0.046 
181 OmyJC19ROGR    (0)    2 :  0.116 0.030 0.034 0.026 0.072 0.723 
182 OmyJC19ROGR    (0)    2 :  0.070 0.050 0.699 0.067 0.055 0.059 
183 OmyJC19ROGR    (0)    2 :  0.275 0.049 0.208 0.019 0.161 0.288 
184 OmyJC19ROGR    (0)    2 :  0.056 0.083 0.205 0.565 0.037 0.054 
185 OmyJC19ROGR    (1)    2 :  0.041 0.029 0.867 0.006 0.020 0.037 
186 OmyJC19ROGR    (0)    2 :  0.076 0.472 0.258 0.069 0.034 0.093 
187 OmyJC19ROGR    (0)    2 :  0.723 0.043 0.040 0.018 0.081 0.096 
188 OmyJC19ROGR    (0)    2 :  0.117 0.103 0.634 0.027 0.081 0.037 
189 OmyJC19ROGR    (0)    2 :  0.080 0.149 0.065 0.108 0.048 0.550 
190 OmyJC19ROGR    (0)    2 :  0.051 0.680 0.052 0.023 0.050 0.144 
191 OmyJC19ROGR    (0)    2 :  0.388 0.357 0.072 0.025 0.081 0.077 
192 OmyJC19ROGR    (0)    2 :  0.053 0.025 0.072 0.035 0.651 0.164 
193 OmyJC19ROGR    (1)    2 :  0.248 0.092 0.079 0.078 0.349 0.154 
194 OmyJC19ROGR    (0)    2 :  0.037 0.026 0.035 0.011 0.846 0.046 
195 OmyJC19ROGR    (0)    2 :  0.044 0.015 0.057 0.809 0.038 0.038 
196 OmyJC19ROGR    (0)    2 :  0.522 0.016 0.073 0.028 0.027 0.334 
197 OmyJC19ROGR    (0)    2 :  0.224 0.280 0.118 0.045 0.075 0.258 
198 OmyJC19ROGR    (0)    2 :  0.045 0.053 0.039 0.721 0.099 0.043 
199 OmyJC19ROGR    (0)    2 :  0.112 0.042 0.708 0.017 0.058 0.063 
200 OmyJC19ROGR    (0)    2 :  0.113 0.606 0.079 0.056 0.054 0.092 
201 OmyJC19ROGR    (0)    2 :  0.239 0.056 0.136 0.020 0.304 0.245 
202 OmyJC19ROGR    (0)    2 :  0.046 0.834 0.028 0.010 0.057 0.025 
203 OmyJC19ROGR    (0)    2 :  0.300 0.077 0.123 0.033 0.233 0.235 
204 OmyJC19ROGR    (0)    2 :  0.296 0.142 0.156 0.034 0.255 0.117 
205 OmyJC19ROGR    (0)    2 :  0.551 0.051 0.092 0.093 0.142 0.071 
206 OmyJC19ROGR    (0)    2 :  0.023 0.028 0.037 0.818 0.041 0.052 
207 OmyJC19ROGR    (0)    2 :  0.275 0.066 0.090 0.234 0.192 0.143 
208 OmyJC19ROGR    (0)    2 :  0.192 0.042 0.223 0.023 0.457 0.064 
209 OmyJC19ROGR    (0)    2 :  0.057 0.183 0.253 0.420 0.039 0.048 
210 OmyJC19ROGR    (0)    2 :  0.030 0.012 0.017 0.883 0.021 0.038 
211 OmyJC19ROGR    (0)    2 :  0.094 0.071 0.294 0.102 0.130 0.309 
212 OmyJC19ROGR    (1)    2 :  0.185 0.361 0.060 0.119 0.114 0.161 
213 OmyJC19ROGR    (1)    2 :  0.352 0.052 0.266 0.020 0.047 0.263 
214 OmyJC19ROGR    (0)    2 :  0.323 0.032 0.030 0.024 0.550 0.042 
215 OmyJC19ROGR    (0)    2 :  0.125 0.050 0.123 0.019 0.274 0.409 
216 OmyJC19ROGR    (0)    2 :  0.069 0.024 0.063 0.772 0.042 0.030 
217 OmyJC19ROGR    (0)    2 :  0.104 0.070 0.079 0.341 0.193 0.213 
218 OmyJC19ROGR    (0)    2 :  0.228 0.491 0.081 0.021 0.129 0.050 
219 OmyJC19ROGR    (0)    2 :  0.195 0.023 0.086 0.063 0.276 0.356 
220 OmyJC19ROGR    (0)    2 :  0.066 0.123 0.187 0.010 0.488 0.126 
221 OmyJC19ROGR    (0)    2 :  0.260 0.044 0.080 0.173 0.141 0.302 
222 OmyJC19ROGR    (0)    2 :  0.388 0.225 0.164 0.023 0.074 0.125 
223 OmyJC19ROGR    (0)    2 :  0.337 0.047 0.062 0.037 0.275 0.242 
224 OmyJC19ROGR    (0)    2 :  0.081 0.058 0.090 0.021 0.655 0.094 
225 OmyJC19ROGR    (0)    2 :  0.015 0.013 0.014 0.917 0.026 0.015 
226 OmyJC19ROGR    (0)    2 :  0.106 0.020 0.335 0.142 0.050 0.347 
227 OmyJC19ROGR    (1)    2 :  0.030 0.025 0.022 0.891 0.014 0.018 
228 OmyJC19ROGR    (0)    2 :  0.449 0.025 0.167 0.027 0.235 0.098 
229 OmyJC19ROGR    (1)    2 :  0.220 0.112 0.507 0.021 0.079 0.061 
230 OmyJC19ROGR    (0)    2 :  0.228 0.139 0.163 0.153 0.191 0.126 
231 OmyJC19ROGR    (0)    2 :  0.296 0.037 0.139 0.056 0.223 0.248 
232 OmyJC19ROGR    (1)    2 :  0.100 0.111 0.307 0.030 0.118 0.334 
233 OmyJC19ROGR    (0)    2 :  0.159 0.083 0.115 0.103 0.363 0.177 
234 OmyJC19ROGR    (0)    2 :  0.014 0.018 0.021 0.902 0.024 0.020 
235 OmyJC19ROGR    (0)    2 :  0.043 0.109 0.066 0.598 0.127 0.057 
236 OmyJC19ROGR    (1)    2 :  0.055 0.135 0.043 0.016 0.658 0.093 
237 OmyJC19ROGR    (0)    2 :  0.130 0.125 0.090 0.038 0.332 0.285 
238 OmyJC19ROGR    (0)    2 :  0.129 0.033 0.037 0.054 0.673 0.075 
239 OmyJC19ROGR    (0)    2 :  0.032 0.038 0.171 0.047 0.082 0.630 
240 OmyJC19ROGR    (0)    2 :  0.215 0.075 0.459 0.032 0.096 0.123 
241 OmyJC19ROGR    (0)    2 :  0.178 0.273 0.149 0.055 0.037 0.309 
242 OmyJC19ROGR    (0)    2 :  0.040 0.105 0.079 0.015 0.260 0.502 
243 OmyJC19ROGR    (0)    2 :  0.293 0.238 0.228 0.032 0.135 0.073 
244 OmyJC19ROGR    (0)    2 :  0.256 0.373 0.102 0.053 0.136 0.080 
245 OmyJC19ROGR    (0)    2 :  0.016 0.011 0.026 0.910 0.017 0.019 
246 OmyJC19ROGR    (0)    2 :  0.083 0.520 0.059 0.130 0.085 0.123 
247 OmyJC19ROGR    (0)    2 :  0.086 0.131 0.078 0.593 0.060 0.051 
248 OmyJC19ROGR    (0)    2 :  0.086 0.028 0.284 0.483 0.036 0.083 
249 OmyJC19ROGR    (0)    2 :  0.390 0.049 0.113 0.043 0.314 0.091 
250 OmyJC19ROGR    (0)    2 :  0.091 0.069 0.418 0.059 0.194 0.168 
251 OmyJC19ROGR    (0)    2 :  0.288 0.040 0.074 0.028 0.068 0.502 
252 OmyJC19ROGR    (0)    2 :  0.033 0.696 0.048 0.024 0.026 0.173 
253 OmyJC19ROGR    (0)    2 :  0.055 0.041 0.625 0.048 0.089 0.141 
254 OmyJC19ROGR    (0)    2 :  0.181 0.405 0.115 0.045 0.085 0.168 
255 OmyJC19ROGR    (0)    2 :  0.290 0.428 0.055 0.024 0.083 0.122 
256 OmyJC19ROGR    (0)    2 :  0.227 0.278 0.045 0.246 0.073 0.131 
257 OmyJC19ROGR    (0)    2 :  0.475 0.047 0.137 0.058 0.106 0.175 
258 OmyAC19ROGR    (0)    1 :  0.358 0.105 0.186 0.132 0.122 0.098 
259 OmyAC19ROGR    (1)    1 :  0.130 0.061 0.093 0.349 0.226 0.140 
260 OmyAC19ROGR    (0)    1 :  0.093 0.044 0.245 0.021 0.386 0.212 
261 OmyAC19ROGR    (0)    1 :  0.167 0.025 0.547 0.035 0.053 0.173 
262 OmyAC19ROGR    (0)    1 :  0.071 0.081 0.133 0.062 0.053 0.600 
263 OmyAC19ROGR    (0)    1 :  0.197 0.465 0.057 0.044 0.123 0.114 
264 OmyAC19ROGR    (0)    1 :  0.464 0.055 0.106 0.035 0.088 0.251 
265 OmyAC19ROGR    (0)    1 :  0.296 0.216 0.060 0.036 0.148 0.244 
266 OmyAC19ROGR    (0)    1 :  0.607 0.039 0.171 0.013 0.066 0.104 
267 OmyAC19ROGR    (0)    1 :  0.113 0.062 0.191 0.086 0.148 0.399 
268 OmyAC19ROGR    (1)    1 :  0.126 0.364 0.128 0.132 0.160 0.089 
269 OmyAC19ROGR    (1)    1 :  0.088 0.029 0.484 0.108 0.129 0.162 
270 OmyAC19ROGR    (0)    1 :  0.330 0.376 0.084 0.028 0.079 0.104 
271 OmyAC19ROGR    (0)    1 :  0.081 0.048 0.312 0.178 0.228 0.153 
272 OmyAC19ROGR    (0)    1 :  0.532 0.024 0.057 0.114 0.043 0.229 
273 OmyAC19ROGR    (0)    1 :  0.090 0.073 0.516 0.031 0.100 0.190 
274 OmyAC19ROGR    (0)    1 :  0.057 0.040 0.044 0.745 0.035 0.079 
275 OmyAC19ROGR    (0)    1 :  0.113 0.230 0.138 0.066 0.255 0.198 
276 OmyAC19ROGR    (0)    1 :  0.334 0.054 0.298 0.042 0.129 0.142 
277 OmyAC19ROGR    (0)    1 :  0.296 0.029 0.238 0.057 0.114 0.266 
278 OmyAC19ROGR    (0)    1 :  0.132 0.037 0.097 0.265 0.428 0.041 
279 OmyAC19ROGR    (0)    1 :  0.073 0.032 0.124 0.155 0.550 0.066 
280 OmyAC19ROGR    (0)    1 :  0.130 0.314 0.081 0.085 0.070 0.321 
281 OmyAC19ROGR    (0)    1 :  0.048 0.053 0.666 0.030 0.163 0.040 
282 OmyAC19ROGR    (0)    1 :  0.160 0.055 0.078 0.092 0.059 0.556 
283 OmyAC19ROGR    (0)    1 :  0.323 0.064 0.198 0.033 0.187 0.194 
284 OmyAC19ROGR    (0)    1 :  0.456 0.126 0.122 0.017 0.111 0.168 
285 OmyAC19ROGR    (0)    1 :  0.174 0.203 0.116 0.034 0.110 0.364 
286 OmyAC19ROGR    (0)    1 :  0.230 0.175 0.265 0.018 0.198 0.114 
287 OmyAC19ROGR    (0)    1 :  0.008 0.008 0.012 0.949 0.008 0.015 
288 OmyAC19ROGR    (0)    1 :  0.030 0.037 0.049 0.763 0.079 0.042 
289 OmyAC19ROGR    (0)    1 :  0.077 0.053 0.244 0.097 0.459 0.070 
290 OmyAC19ROGR    (1)    1 :  0.016 0.018 0.016 0.918 0.017 0.015 
291 OmyAC19ROGR    (0)    1 :  0.138 0.126 0.052 0.393 0.138 0.152 
292 OmyAC19ROGR    (1)    1 :  0.274 0.051 0.332 0.154 0.095 0.094 
293 OmyAC19ROGR    (0)    1 :  0.080 0.584 0.132 0.020 0.111 0.073 
294 OmyAC19ROGR    (0)    1 :  0.150 0.036 0.113 0.310 0.266 0.125 
295 OmyAC19ROGR    (0)    1 :  0.193 0.101 0.242 0.015 0.147 0.301 
296 OmyAC19ROGR    (0)    1 :  0.309 0.124 0.259 0.025 0.175 0.108 
297 OmyAC19ROGR    (0)    1 :  0.056 0.021 0.053 0.728 0.068 0.074 
298 OmyAC19ROGR    (0)    1 :  0.239 0.044 0.071 0.017 0.546 0.083 
299 OmyAC19ROGR    (0)    1 :  0.075 0.181 0.054 0.147 0.243 0.300 
300 OmyAC19ROGR    (0)    1 :  0.119 0.074 0.357 0.021 0.355 0.075 
301 OmyAC19ROGR    (0)    1 :  0.032 0.012 0.022 0.892 0.017 0.025 
302 OmyAC19ROGR    (0)    1 :  0.186 0.048 0.050 0.411 0.225 0.080 
303 OmyAC19ROGR    (0)    1 :  0.156 0.034 0.497 0.077 0.148 0.088 
304 OmyAC19ROGR    (0)    1 :  0.064 0.054 0.088 0.087 0.644 0.063 
305 OmyAC19ROGR    (0)    1 :  0.077 0.046 0.144 0.021 0.644 0.068 
306 OmyAC19ROGR    (0)    1 :  0.155 0.015 0.079 0.662 0.028 0.061 
307 OmyAC19ROGR    (1)    1 :  0.162 0.205 0.163 0.018 0.252 0.199 
308 OmyAC19ROGR    (0)    1 :  0.178 0.035 0.111 0.062 0.199 0.415 
309 OmyAC19ROGR    (1)    1 :  0.022 0.029 0.034 0.861 0.027 0.027 
310 OmyAC19ROGR    (0)    1 :  0.147 0.041 0.156 0.291 0.060 0.305 
311 OmyAC19ROGR    (0)    1 :  0.097 0.028 0.059 0.440 0.115 0.261 
312 OmyAC19ROGR    (0)    1 :  0.078 0.493 0.075 0.024 0.202 0.128 
313 OmyAC19ROGR    (0)    1 :  0.191 0.066 0.043 0.012 0.249 0.439 
314 OmyAC19ROGR    (0)    1 :  0.053 0.554 0.120 0.032 0.084 0.157 
315 OmyAC19ROGR    (0)    1 :  0.254 0.086 0.241 0.057 0.185 0.177 
316 OmyAC19ROGR    (0)    1 :  0.172 0.053 0.080 0.027 0.098 0.570 
317 OmyAC19ROGR    (0)    1 :  0.033 0.279 0.489 0.026 0.081 0.092 
318 OmyAC19ROGR    (0)    1 :  0.179 0.349 0.185 0.017 0.056 0.214 
319 OmyAC19ROGR    (1)    1 :  0.146 0.078 0.438 0.014 0.209 0.115 
320 OmyAC19ROGR    (0)    1 :  0.376 0.047 0.038 0.008 0.502 0.029 
321 OmyAC19ROGR    (0)    1 :  0.262 0.042 0.244 0.017 0.369 0.067 
322 OmyAC19ROGR    (0)    1 :  0.093 0.043 0.258 0.423 0.042 0.141 
323 OmyAC19ROGR    (0)    1 :  0.460 0.024 0.240 0.017 0.181 0.079 
324 OmyAC19ROGR    (0)    1 :  0.750 0.065 0.027 0.013 0.037 0.107 
325 OmyAC19ROGR    (0)    1 :  0.145 0.028 0.227 0.258 0.036 0.306 
326 OmyAC19ROGR    (0)    1 :  0.441 0.040 0.233 0.035 0.180 0.071 
327 OmyAC19ROGR    (0)    1 :  0.545 0.122 0.035 0.022 0.164 0.111 
328 OmyAC20ROGR    (1)    1 :  0.058 0.141 0.077 0.023 0.431 0.269 
329 OmyAC20ROGR    (0)    1 :  0.082 0.214 0.059 0.047 0.273 0.325 
330 OmyAC20ROGR    (0)    1 :  0.321 0.139 0.279 0.056 0.110 0.095 
331 OmyAC20ROGR    (0)    1 :  0.227 0.123 0.096 0.247 0.185 0.122 
332 OmyAC20ROGR    (0)    1 :  0.132 0.155 0.267 0.171 0.060 0.214 
333 OmyAC20ROGR    (0)    1 :  0.097 0.249 0.065 0.280 0.073 0.236 
334 OmyAC20ROGR    (0)    1 :  0.099 0.371 0.308 0.015 0.072 0.135 
335 OmyAC20ROGR    (0)    1 :  0.138 0.117 0.078 0.025 0.147 0.495 
336 OmyAC20ROGR    (0)    1 :  0.060 0.036 0.051 0.063 0.096 0.694 
337 OmyAC20ROGR    (0)    1 :  0.069 0.035 0.128 0.385 0.162 0.221 
338 OmyAC20ROGR    (0)    1 :  0.134 0.149 0.135 0.111 0.069 0.402 
339 OmyAC20ROGR    (0)    1 :  0.253 0.075 0.282 0.085 0.119 0.186 
340 OmyAC20ROGR    (0)    1 :  0.064 0.743 0.061 0.032 0.024 0.077 
341 OmyAC20ROGR    (0)    1 :  0.071 0.642 0.072 0.044 0.050 0.121 
342 OmyAC20ROGR    (0)    1 :  0.238 0.236 0.087 0.134 0.163 0.143 
343 OmyAC20ROGR    (0)    1 :  0.261 0.211 0.088 0.039 0.064 0.336 
344 OmyAC20ROGR    (0)    1 :  0.445 0.160 0.051 0.095 0.042 0.207 
345 OmyAC20ROGR    (1)    1 :  0.125 0.024 0.205 0.090 0.076 0.480 
346 OmyAC20ROGR    (0)    1 :  0.378 0.087 0.075 0.149 0.064 0.247 
347 OmyAC20ROGR    (0)    1 :  0.127 0.064 0.299 0.189 0.111 0.209 
348 OmyAC20ROGR    (0)    1 :  0.087 0.566 0.037 0.161 0.063 0.086 
349 OmyAC20ROGR    (0)    1 :  0.221 0.226 0.071 0.030 0.041 0.411 
350 OmyAC20ROGR    (0)    1 :  0.072 0.039 0.100 0.044 0.674 0.071 
351 OmyAC20ROGR    (0)    1 :  0.212 0.136 0.054 0.065 0.039 0.494 
352 OmyAC20ROGR    (0)    1 :  0.191 0.086 0.126 0.039 0.349 0.209 
353 OmyAC20ROGR    (0)    1 :  0.206 0.042 0.051 0.016 0.088 0.596 
354 OmyAC20ROGR    (0)    1 :  0.053 0.221 0.354 0.183 0.079 0.111 
355 OmyAC20ROGR    (0)    1 :  0.068 0.244 0.499 0.036 0.115 0.038 
356 OmyAC20ROGR    (0)    1 :  0.207 0.143 0.137 0.029 0.264 0.221 
357 OmyAC20ROGR    (0)    1 :  0.172 0.047 0.126 0.055 0.546 0.055 
358 OmyAC20ROGR    (0)    1 :  0.223 0.073 0.082 0.032 0.495 0.095 
359 OmyAC20ROGR    (0)    1 :  0.053 0.016 0.063 0.167 0.619 0.082 
360 OmyAC20ROGR    (0)    1 :  0.234 0.088 0.161 0.149 0.220 0.148 
361 OmyAC20ROGR    (0)    1 :  0.402 0.040 0.071 0.032 0.412 0.042 
362 OmyAC20ROGR    (0)    1 :  0.183 0.031 0.314 0.026 0.253 0.194 
363 OmyAC20ROGR    (0)    1 :  0.106 0.261 0.094 0.095 0.089 0.355 
364 OmyAC20ROGR    (1)    1 :  0.066 0.400 0.158 0.024 0.217 0.135 
365 OmyAC20ROGR    (0)    1 :  0.127 0.040 0.038 0.013 0.039 0.743 
366 OmyAC20ROGR    (0)    1 :  0.370 0.212 0.251 0.023 0.042 0.102 
367 OmyAC20ROGR    (0)    1 :  0.365 0.048 0.240 0.070 0.070 0.208 
368 OmyAC20ROGR    (1)    1 :  0.047 0.031 0.095 0.057 0.241 0.529 
369 OmyAC20ROGR    (0)    1 :  0.056 0.206 0.238 0.261 0.116 0.123 
370 OmyAC20ROGR    (0)    1 :  0.081 0.043 0.069 0.689 0.023 0.094 
371 OmyAC20ROGR    (0)    1 :  0.029 0.022 0.039 0.832 0.043 0.035 
372 OmyAC20ROGR    (2)    1 :  0.026 0.010 0.016 0.914 0.014 0.021 
373 OmyAC20ROGR    (0)    1 :  0.162 0.045 0.140 0.429 0.133 0.091 
374 OmyAC20ROGR    (0)    1 :  0.370 0.108 0.163 0.018 0.139 0.203 
375 OmyAC20ROGR    (0)    1 :  0.214 0.062 0.141 0.058 0.226 0.299 
376 OmyAC20ROGR    (0)    1 :  0.076 0.035 0.154 0.498 0.101 0.135 
377 OmyAC20ROGR    (0)    1 :  0.309 0.292 0.182 0.016 0.084 0.117 
378 OmyAC20ROGR    (0)    1 :  0.055 0.070 0.265 0.017 0.147 0.445 
379 OmyAC20ROGR    (0)    1 :  0.132 0.093 0.073 0.395 0.166 0.140 
380 OmyAC20ROGR    (1)    1 :  0.412 0.031 0.324 0.017 0.082 0.134 
381 OmyAC20ROGR    (0)    1 :  0.478 0.030 0.168 0.069 0.116 0.138 
382 OmyAC20ROGR    (0)    1 :  0.036 0.017 0.035 0.866 0.020 0.027 
383 OmyAC20ROGR    (0)    1 :  0.207 0.020 0.327 0.091 0.129 0.226 
384 OmyAC20ROGR    (0)    1 :  0.122 0.122 0.202 0.278 0.123 0.154 
385 OmyAC20ROGR    (0)    1 :  0.254 0.018 0.177 0.190 0.282 0.079 
386 OmyAC20ROGR    (0)    1 :  0.129 0.035 0.056 0.082 0.057 0.641 
387 OmyAC20ROGR    (0)    1 :  0.200 0.028 0.064 0.328 0.309 0.070 
388 OmyAC20ROGR    (0)    1 :  0.136 0.153 0.090 0.213 0.070 0.337 
389 OmyAC20ROGR    (0)    1 :  0.099 0.036 0.026 0.018 0.721 0.100 
390 OmyAC20ROGR    (0)    1 :  0.281 0.078 0.365 0.015 0.183 0.078 
391 OmyAC20ROGR    (0)    1 :  0.052 0.207 0.066 0.403 0.188 0.084 
392 OmyAC20ROGR    (0)    1 :  0.143 0.105 0.101 0.228 0.076 0.347 
393 OmyAC20ROGR    (0)    1 :  0.275 0.136 0.108 0.042 0.158 0.281 
394 OmyAC20ROGR    (1)    1 :  0.083 0.026 0.076 0.052 0.396 0.367 
395 OmyAC20ROGR    (0)    1 :  0.144 0.159 0.343 0.045 0.096 0.214 
396 OmyAC20ROGR    (0)    1 :  0.139 0.050 0.092 0.022 0.642 0.054 
397 OmyAC20ROGR    (0)    1 :  0.188 0.031 0.221 0.255 0.138 0.167 
398 OmyAC20ROGR    (0)    1 :  0.081 0.084 0.035 0.686 0.053 0.062 
399 OmyAC20ROGR    (0)    1 :  0.133 0.054 0.114 0.127 0.047 0.525 
400 OmyAC20ROGR    (0)    1 :  0.331 0.062 0.161 0.090 0.063 0.293 
401 OmyAC20ROGR    (1)    1 :  0.035 0.040 0.029 0.854 0.021 0.021 
402 OmyAC20ROGR    (0)    1 :  0.139 0.500 0.125 0.018 0.115 0.102 
403 OmyAC20ROGR    (0)    1 :  0.048 0.198 0.081 0.107 0.228 0.338 
404 OmyAC20ROGR    (0)    1 :  0.219 0.174 0.378 0.018 0.111 0.101 
405 OmyAC20ROGR    (0)    1 :  0.125 0.026 0.139 0.297 0.261 0.152 
406 OmyAC20ROGR    (0)    1 :  0.129 0.153 0.301 0.053 0.168 0.195 
407 OmyAC20ROGR    (0)    1 :  0.460 0.020 0.055 0.046 0.086 0.334 
408 OmyAC20ROGR    (0)    1 :  0.145 0.197 0.302 0.062 0.111 0.183 
409 OmyAC20ROGR    (0)    1 :  0.422 0.021 0.102 0.036 0.289 0.131 
410 OmyAC20ROGR    (0)    1 :  0.030 0.011 0.022 0.879 0.032 0.026 
411 OmyAC20ROGR    (0)    1 :  0.057 0.027 0.085 0.555 0.164 0.112 
412 OmyAC20ROGR    (0)    1 :  0.173 0.376 0.101 0.095 0.152 0.104 
413 OmyAC20ROGR    (0)    1 :  0.555 0.020 0.070 0.029 0.244 0.083 
414 OmyAC20ROGR    (0)    1 :  0.087 0.142 0.135 0.306 0.065 0.265 
415 OmyAC20ROGR    (0)    1 :  0.255 0.105 0.226 0.021 0.143 0.250 
416 OmyAC20ROGR    (0)    1 :  0.281 0.150 0.198 0.060 0.179 0.131 
417 OmyAC20ROGR    (0)    1 :  0.169 0.080 0.039 0.013 0.620 0.079 
418 OmyAC20ROGR    (0)    1 :  0.279 0.052 0.059 0.090 0.115 0.405 
419 OmyAC20ROGR    (0)    1 :  0.152 0.034 0.109 0.375 0.286 0.044 
420 OmyAC20ROGR    (0)    1 :  0.182 0.112 0.276 0.022 0.225 0.182 
421 OmyAC20ROGR    (0)    1 :  0.169 0.170 0.403 0.072 0.126 0.061 
422 OmyAC20ROGR    (0)    1 :  0.025 0.018 0.027 0.880 0.020 0.030 
423 OmyAC20ROGR    (0)    1 :  0.604 0.022 0.056 0.026 0.209 0.082 
424 OmyAC20ROGR    (0)    1 :  0.119 0.027 0.650 0.024 0.094 0.086 
425 OmyAC20ROGR    (0)    1 :  0.018 0.069 0.025 0.859 0.014 0.016 
426 OmyAC20ROGR    (0)    1 :  0.227 0.028 0.415 0.056 0.078 0.195 
427 OmyAC20ROGR    (0)    1 :  0.357 0.046 0.119 0.133 0.122 0.223 
428 OmyAC20ROGR    (0)    1 :  0.015 0.016 0.014 0.911 0.017 0.027 
429 OmyAC20ROGR    (0)    1 :  0.137 0.049 0.069 0.023 0.628 0.094 
430 OmyAC20ROGR    (0)    1 :  0.237 0.018 0.162 0.073 0.170 0.339 
431 OmyAC20ROGR    (0)    1 :  0.057 0.050 0.053 0.402 0.051 0.387 
432 OmyAC20ROGR    (0)    1 :  0.031 0.036 0.024 0.841 0.027 0.041 
433 OmyAC20ROGR    (0)    1 :  0.015 0.026 0.025 0.887 0.027 0.020 
434 OmyAC20ROGR    (0)    1 :  0.060 0.017 0.156 0.125 0.346 0.295 
435 OmyAC20ROGR    (0)    1 :  0.139 0.058 0.149 0.010 0.021 0.624 
436 OmyAC20ROGR    (0)    1 :  0.369 0.019 0.127 0.030 0.196 0.259 
437 OmyAC20ROGR    (0)    1 :  0.067 0.028 0.049 0.574 0.244 0.038 
438 OmyAC20ROGR    (0)    1 :  0.058 0.031 0.434 0.222 0.120 0.135 
439 OmyAC20ROGR    (0)    1 :  0.167 0.044 0.289 0.037 0.061 0.403 
440 OmyAC20ROGR    (0)    1 :  0.072 0.041 0.055 0.749 0.029 0.054 
441 OmyAC20ROGR    (0)    1 :  0.347 0.076 0.225 0.017 0.153 0.181 
442 OmyAC20ROGR    (0)    1 :  0.101 0.039 0.191 0.033 0.068 0.568 
443 OmyAC20ROGR    (0)    1 :  0.036 0.359 0.445 0.012 0.044 0.104 
444 OmyAC20ROGR    (0)    1 :  0.193 0.030 0.055 0.075 0.412 0.234 
445 OmyAC20ROGR    (0)    1 :  0.117 0.027 0.174 0.075 0.404 0.204 
446 OmyJC18ROGR    (0)    2 :  0.191 0.527 0.061 0.046 0.087 0.087 
447 OmyJC18ROGR    (0)    2 :  0.235 0.063 0.312 0.035 0.139 0.216 
448 OmyJC18ROGR    (0)    2 :  0.569 0.022 0.187 0.046 0.107 0.069 
449 OmyJC18ROGR    (0)    2 :  0.042 0.057 0.047 0.656 0.135 0.063 
450 OmyJC18ROGR    (0)    2 :  0.054 0.059 0.056 0.637 0.052 0.143 
451 OmyJC18ROGR    (0)    2 :  0.025 0.013 0.064 0.853 0.027 0.018 
452 OmyJC18ROGR    (0)    2 :  0.434 0.110 0.200 0.176 0.035 0.045 
453 OmyJC18ROGR    (0)    2 :  0.083 0.519 0.070 0.019 0.211 0.097 
454 OmyJC18ROGR    (0)    2 :  0.023 0.016 0.045 0.850 0.027 0.040 
455 OmyJC18ROGR    (0)    2 :  0.141 0.041 0.252 0.019 0.479 0.069 
456 OmyJC18ROGR    (0)    2 :  0.035 0.011 0.024 0.832 0.029 0.069 
457 OmyJC18ROGR    (0)    2 :  0.139 0.023 0.535 0.037 0.074 0.193 
458 OmyJC18ROGR    (0)    2 :  0.165 0.332 0.050 0.121 0.133 0.200 
459 OmyJC18ROGR    (0)    2 :  0.165 0.163 0.132 0.012 0.124 0.404 
460 OmyJC18ROGR    (2)    2 :  0.164 0.051 0.069 0.322 0.066 0.327 
461 OmyJC18ROGR    (1)    2 :  0.097 0.116 0.108 0.261 0.105 0.313 
462 OmyJC18ROGR    (3)    2 :  0.058 0.104 0.167 0.340 0.093 0.238 
463 OmyJC18ROGR    (1)    2 :  0.049 0.074 0.046 0.664 0.075 0.091 
464 OmyJC18ROGR    (3)    2 :  0.794 0.023 0.083 0.016 0.045 0.039 
465 OmyJC18ROGR    (3)    2 :  0.144 0.045 0.245 0.046 0.420 0.101 
466 OmyJC18ROGR    (0)    2 :  0.137 0.038 0.226 0.107 0.081 0.411 
467 OmyJC18ROGR    (1)    2 :  0.152 0.043 0.128 0.026 0.370 0.282 
468 OmyJC18ROGR    (0)    2 :  0.025 0.020 0.040 0.023 0.813 0.079 
469 OmyJC18ROGR    (0)    2 :  0.037 0.024 0.052 0.753 0.072 0.062 
470 OmyJC18ROGR    (3)    2 :  0.100 0.038 0.060 0.398 0.345 0.059 
471 OmyJC18ROGR    (1)    2 :  0.159 0.075 0.064 0.213 0.060 0.429 
472 OmyJC18ROGR    (1)    2 :  0.356 0.027 0.351 0.057 0.029 0.180 
473 OmyJC18ROGR    (2)    2 :  0.401 0.046 0.317 0.020 0.064 0.151 
474 OmyJC18ROGR    (0)    2 :  0.124 0.540 0.080 0.036 0.120 0.101 
475 OmyJC18ROGR    (1)    2 :  0.043 0.165 0.033 0.656 0.041 0.063 
476 OmyJC18ROGR    (2)    2 :  0.101 0.236 0.153 0.014 0.068 0.428 
477 OmyJC18ROGR    (3)    2 :  0.056 0.045 0.152 0.066 0.121 0.560 
478 OmyJC18ROGR    (0)    2 :  0.187 0.258 0.370 0.035 0.059 0.091 
479 OmyJC18ROGR    (0)    2 :  0.709 0.042 0.074 0.013 0.077 0.084 
480 OmyJC18ROGR    (0)    2 :  0.463 0.042 0.185 0.096 0.046 0.169 
481 OmyJC18ROGR    (2)    2 :  0.202 0.142 0.354 0.178 0.055 0.068 
482 OmyJC18ROGR    (3)    2 :  0.084 0.052 0.167 0.011 0.506 0.180 
483 OmyJC18ROGR    (3)    2 :  0.272 0.024 0.242 0.026 0.336 0.100 
484 OmyJC18ROGR    (3)    2 :  0.121 0.100 0.077 0.027 0.214 0.460 
485 OmyJC18ROGR    (2)    2 :  0.128 0.035 0.116 0.616 0.054 0.051 
486 OmyJC18ROGR    (2)    2 :  0.099 0.047 0.117 0.402 0.247 0.088 
487 OmyJC18ROGR    (1)    2 :  0.155 0.199 0.227 0.065 0.050 0.304 
488 OmyJC18ROGR    (3)    2 :  0.206 0.053 0.234 0.039 0.157 0.311 
489 OmyJC18ROGR    (0)    2 :  0.148 0.059 0.364 0.015 0.078 0.337 
490 OmyJC18ROGR    (2)    2 :  0.157 0.068 0.127 0.043 0.136 0.469 
491 OmyJC18ROGR    (4)    2 :  0.111 0.498 0.132 0.089 0.074 0.097 
492 OmyJC18ROGR    (4)    2 :  0.047 0.708 0.071 0.015 0.096 0.063 
493 OmyJC18ROGR    (3)    2 :  0.163 0.038 0.328 0.086 0.229 0.156 
494 OmyJC18ROGR    (3)    2 :  0.022 0.022 0.027 0.870 0.027 0.033 
495 OmyJC18ROGR    (3)    2 :  0.189 0.347 0.138 0.149 0.079 0.098 
496 OmyJC18ROGR    (0)    2 :  0.098 0.237 0.192 0.068 0.262 0.143 
497 OmyJC18ROGR    (5)    2 :  0.223 0.131 0.070 0.048 0.135 0.394 
498 OmyJC18ROGR    (3)    2 :  0.105 0.050 0.125 0.106 0.030 0.584 
499 OmyJC18ROGR    (1)    2 :  0.096 0.079 0.278 0.036 0.153 0.357 
500 OmyJC18ROGR    (1)    2 :  0.141 0.074 0.089 0.017 0.219 0.461 
501 OmyJC18ROGR    (3)    2 :  0.187 0.055 0.247 0.378 0.050 0.084 
502 OmyJC18ROGR    (1)    2 :  0.115 0.021 0.031 0.144 0.646 0.044 
503 OmyJC18ROGR    (4)    2 :  0.517 0.019 0.134 0.034 0.180 0.116 
504 OmyJC18ROGR    (1)    2 :  0.100 0.037 0.095 0.259 0.451 0.058 
505 OmyJC18ROGR    (0)    2 :  0.143 0.207 0.078 0.217 0.199 0.155 
506 OmyJC18ROGR    (6)    2 :  0.075 0.170 0.518 0.035 0.111 0.091 
507 OmyJC18ROGR    (0)    2 :  0.114 0.050 0.317 0.106 0.129 0.284 
508 OmyJC18ROGR    (0)    2 :  0.116 0.042 0.130 0.055 0.590 0.067 
509 OmyJC18ROGR    (2)    2 :  0.013 0.020 0.022 0.905 0.025 0.016 
510 OmyJC18ROGR    (1)    2 :  0.147 0.125 0.120 0.017 0.211 0.381 
511 OmyJC18ROGR    (3)    2 :  0.084 0.625 0.059 0.101 0.043 0.088 
512 OmyJC18ROGR    (2)    2 :  0.052 0.018 0.038 0.739 0.115 0.039 
513 OmyJC18ROGR    (7)    2 :  0.091 0.328 0.202 0.130 0.125 0.124 
514 OmyJC18ROGR    (3)    2 :  0.068 0.168 0.038 0.598 0.086 0.042 
515 OmyJC18ROGR    (0)    2 :  0.286 0.088 0.209 0.051 0.153 0.213 
516 OmyJC18ROGR    (2)    2 :  0.406 0.074 0.119 0.141 0.090 0.171 
517 OmyJC18ROGR    (2)    2 :  0.084 0.227 0.310 0.201 0.050 0.129 
518 OmyJC18ROGR    (0)    2 :  0.193 0.064 0.097 0.031 0.360 0.255 
519 OmyJC18ROGR    (7)    2 :  0.100 0.664 0.047 0.039 0.030 0.121 
520 OmyJC18ROGR    (4)    2 :  0.174 0.234 0.167 0.162 0.040 0.223 
521 OmyJC18ROGR    (1)    2 :  0.259 0.163 0.271 0.115 0.099 0.094 
522 OmyJC18ROGR    (1)    2 :  0.142 0.022 0.547 0.073 0.124 0.093 
523 OmyJC18ROGR    (3)    2 :  0.130 0.063 0.078 0.032 0.551 0.146 
524 OmyJC18ROGR    (1)    2 :  0.195 0.034 0.339 0.025 0.342 0.066 
525 OmyJC18ROGR    (2)    2 :  0.083 0.270 0.049 0.130 0.308 0.159 
526 OmyJC18ROGR    (1)    2 :  0.160 0.260 0.059 0.061 0.284 0.175 
527 OmyJC18ROGR    (0)    2 :  0.202 0.227 0.086 0.026 0.127 0.332 
528 OmyJC18ROGR    (0)    2 :  0.273 0.044 0.074 0.023 0.380 0.206 
529 OmyJC18ROGR    (1)    2 :  0.302 0.041 0.516 0.023 0.036 0.083 
530 OmyJC18ROGR    (0)    2 :  0.169 0.019 0.047 0.016 0.708 0.041 
531 OmyJC18ROGR    (0)    2 :  0.611 0.022 0.088 0.027 0.214 0.039 
532 OmyJC18ROGR    (1)    2 :  0.219 0.054 0.482 0.017 0.128 0.101 
533 OmyJC18ROGR    (2)    2 :  0.284 0.120 0.306 0.013 0.055 0.222 
534 OmyJC18ROGR    (2)    2 :  0.214 0.036 0.494 0.050 0.124 0.083 
535 OmyJC18ROGR    (0)    2 :  0.468 0.177 0.040 0.026 0.059 0.231 
536 OmyJC18ROGR    (0)    2 :  0.106 0.727 0.065 0.023 0.031 0.047 
537 OmyJC18ROGR    (0)    2 :  0.180 0.259 0.261 0.018 0.167 0.115 
538 OmyJC18ROGR    (0)    2 :  0.547 0.029 0.258 0.023 0.086 0.057 
539 OmyJC18ROGR    (1)    2 :  0.141 0.067 0.086 0.035 0.569 0.102 
540 OmyJC18ROGR    (6)    2 :  0.035 0.042 0.678 0.030 0.046 0.170 
541 OmyJC18ROGR    (1)    2 :  0.427 0.111 0.176 0.038 0.097 0.151 
542 OmyJC18ROGR    (1)    2 :  0.403 0.092 0.041 0.105 0.072 0.288 
543 OmyJC18ROGR    (0)    2 :  0.131 0.040 0.207 0.175 0.217 0.231 
544 OmyJC18ROGR    (2)    2 :  0.361 0.099 0.048 0.027 0.061 0.404 
545 OmyJC18ROGR    (1)    2 :  0.033 0.012 0.125 0.548 0.254 0.029 
546 OmyJC18ROGR    (6)    2 :  0.702 0.035 0.081 0.011 0.076 0.094 
547 OmyJC18ROGR    (0)    2 :  0.195 0.018 0.409 0.092 0.149 0.137 
548 OmyJC18ROGR    (1)    2 :  0.109 0.067 0.586 0.095 0.062 0.081 
549 OmyJC18ROGR    (0)    2 :  0.592 0.036 0.125 0.025 0.075 0.146 
550 OmyJC18ROGR    (1)    2 :  0.041 0.032 0.060 0.775 0.041 0.050 
