

----------------------------------------------------
STRUCTURE by Pritchard, Stephens and Donnelly (2000)
     and Falush, Stephens and Pritchard (2003)
       Code by Pritchard, Falush and Hubisz
             Version 2.3.4 (Jul 2012)
----------------------------------------------------



Command line arguments:   bin/structure -m "/Users/ddayan/FRA/premature_migration/Rogue_Half-Pounder/half-pounder/structure/halfpounder_2021/10k_20k_adm_corr/mainparams" -e "/Users/ddayan/FRA/premature_migration/Rogue_Half-Pounder/half-pounder/structure/halfpounder_2021/10k_20k_adm_corr/extraparams" 
Input File:    /Users/ddayan/FRA/premature_migration/Rogue_Half-Pounder/half-pounder/structure/halfpounder_2021/project_data

Run parameters:
   1000 individuals
   328 loci
   5 populations assumed
   10000 Burn-in period
   20000 Reps


--------------------------------------------
Proportion of membership of each pre-defined
 population in each of the 5 clusters

Given    Inferred Clusters                     Number of
 Pop       1      2      3      4      5      Individuals

  1:     0.199  0.168  0.216  0.211  0.205      275
  2:     0.189  0.190  0.210  0.205  0.206      643
  3:     0.043  0.717  0.072  0.105  0.063       42
  4:     0.049  0.078  0.262  0.282  0.329       40
--------------------------------------------

Allele-freq. divergence among pops (Net nucleotide distance),
computed using point estimates of P.

      1       2       3       4       5      
 1      -    0.0105  0.0083  0.0076  0.0082  
 2   0.0105     -    0.0033  0.0025  0.0037  
 3   0.0083  0.0033     -    0.0007  0.0012  
 4   0.0076  0.0025  0.0007     -    0.0008  
 5   0.0082  0.0037  0.0012  0.0008     -    

Average distances (expected heterozygosity) between individuals in same cluster:
cluster  1  : 0.2610 
cluster  2  : 0.2872 
cluster  3  : 0.2913 
cluster  4  : 0.2932 
cluster  5  : 0.2919 

--------------------------------------------
Estimated Ln Prob of Data   = -285771.5
Mean value of ln likelihood = -283651.5
Variance of ln likelihood   = 4239.9
Mean value of alpha         = 0.1719

Mean value of Fst_1         = 0.0692
Mean value of Fst_2         = 0.0231
Mean value of Fst_3         = 0.0114
Mean value of Fst_4         = 0.0064
Mean value of Fst_5         = 0.0130


Inferred ancestry of individuals:
        Label (%Miss) Pop:  Inferred clusters
  1 OmyAC19ROGR    (0)    1 :  0.016 0.245 0.379 0.275 0.086 
  2 OmyAC19ROGR    (0)    1 :  0.084 0.212 0.179 0.480 0.046 
  3 OmyAC19ROGR    (0)    1 :  0.055 0.186 0.324 0.382 0.053 
  4 OmyAC19ROGR    (0)    1 :  0.016 0.160 0.351 0.175 0.298 
  5 OmyAC19ROGR    (1)    1 :  0.954 0.010 0.011 0.014 0.011 
  6 OmyAC19ROGR    (0)    1 :  0.135 0.044 0.582 0.181 0.059 
  7 OmyAC19ROGR    (0)    1 :  0.159 0.135 0.125 0.168 0.413 
  8 OmyAC19ROGR    (0)    1 :  0.017 0.166 0.105 0.343 0.368 
  9 OmyAC19ROGR    (0)    1 :  0.240 0.151 0.300 0.250 0.059 
 10 OmyAC19ROGR    (0)    1 :  0.496 0.128 0.075 0.198 0.103 
 11 OmyAC19ROGR    (0)    1 :  0.056 0.145 0.404 0.087 0.308 
 12 OmyAC19ROGR    (0)    1 :  0.094 0.053 0.526 0.180 0.146 
 13 OmyAC19ROGR    (0)    1 :  0.027 0.115 0.055 0.140 0.663 
 14 OmyAC19ROGR    (0)    1 :  0.444 0.026 0.081 0.082 0.367 
 15 OmyAC19ROGR    (0)    1 :  0.410 0.031 0.059 0.088 0.412 
 16 OmyAC19ROGR    (0)    1 :  0.078 0.147 0.222 0.196 0.357 
 17 OmyAC19ROGR    (0)    1 :  0.076 0.021 0.327 0.301 0.275 
 18 OmyAC19ROGR    (2)    1 :  0.017 0.246 0.117 0.405 0.215 
 19 OmyAC19ROGR    (1)    1 :  0.041 0.113 0.084 0.358 0.403 
 20 OmyAC19ROGR    (0)    1 :  0.221 0.035 0.409 0.171 0.164 
 21 OmyAC19ROGR    (1)    1 :  0.253 0.112 0.138 0.238 0.258 
 22 OmyAC19ROGR    (0)    1 :  0.073 0.312 0.173 0.277 0.165 
 23 OmyAC19ROGR    (0)    1 :  0.273 0.108 0.185 0.327 0.106 
 24 OmyAC19ROGR    (0)    1 :  0.013 0.800 0.089 0.067 0.032 
 25 OmyAC19ROGR    (0)    1 :  0.230 0.078 0.102 0.228 0.362 
 26 OmyAC19ROGR    (0)    1 :  0.079 0.244 0.133 0.480 0.064 
 27 OmyAC19ROGR    (1)    1 :  0.044 0.057 0.228 0.137 0.535 
 28 OmyAC19ROGR    (0)    1 :  0.022 0.878 0.047 0.031 0.022 
 29 OmyAC19ROGR    (0)    1 :  0.051 0.104 0.216 0.370 0.259 
 30 OmyAC19ROGR    (0)    1 :  0.747 0.047 0.069 0.101 0.037 
 31 OmyAC19ROGR    (0)    1 :  0.041 0.100 0.386 0.231 0.242 
 32 OmyAC19ROGR    (0)    1 :  0.126 0.221 0.138 0.258 0.257 
 33 OmyAC19ROGR    (1)    1 :  0.090 0.364 0.307 0.147 0.092 
 34 OmyAC19ROGR    (0)    1 :  0.501 0.070 0.045 0.117 0.267 
 35 OmyAC19ROGR    (0)    1 :  0.061 0.351 0.182 0.298 0.108 
 36 OmyAC19ROGR    (0)    1 :  0.177 0.094 0.210 0.302 0.217 
 37 OmyAC19ROGR    (0)    1 :  0.100 0.682 0.058 0.089 0.071 
 38 OmyAC19ROGR    (0)    1 :  0.422 0.348 0.038 0.108 0.083 
 39 OmyAC19ROGR    (0)    1 :  0.068 0.051 0.103 0.517 0.261 
 40 OmyAC19ROGR    (0)    1 :  0.314 0.039 0.229 0.197 0.221 
 41 OmyAC19ROGR    (1)    1 :  0.035 0.066 0.199 0.116 0.584 
 42 OmyAC19ROGR    (0)    1 :  0.844 0.016 0.050 0.040 0.050 
 43 OmyAC19ROGR    (0)    1 :  0.041 0.141 0.423 0.286 0.109 
 44 OmyAC19ROGR    (6)    1 :  0.031 0.096 0.595 0.219 0.059 
 45 OmyAC19ROGR    (1)    1 :  0.364 0.282 0.169 0.111 0.074 
 46 OmyAC19ROGR    (0)    1 :  0.063 0.388 0.103 0.369 0.077 
 47 OmyAC19ROGR    (0)    1 :  0.049 0.704 0.094 0.083 0.069 
 48 OmyAC19ROGR    (0)    1 :  0.036 0.113 0.348 0.389 0.113 
 49 OmyAC19ROGR    (0)    1 :  0.026 0.353 0.298 0.195 0.129 
 50 OmyAC19ROGR    (0)    1 :  0.017 0.028 0.241 0.207 0.507 
 51 OmyAC19ROGR    (2)    1 :  0.774 0.048 0.062 0.050 0.066 
 52 OmyAC19ROGR    (0)    1 :  0.871 0.030 0.034 0.032 0.033 
 53 OmyAC19ROGR    (1)    1 :  0.033 0.725 0.093 0.105 0.044 
 54 OmyAC19ROGR    (0)    1 :  0.067 0.529 0.118 0.163 0.123 
 55 OmyAC19ROGR    (3)    1 :  0.075 0.057 0.216 0.330 0.321 
 56 OmyAC19ROGR    (0)    1 :  0.062 0.699 0.052 0.069 0.118 
 57 OmyAC19ROGR    (0)    1 :  0.021 0.660 0.078 0.166 0.076 
 58 OmyAC19ROGR    (0)    1 :  0.712 0.056 0.081 0.096 0.054 
 59 OmyAC19ROGR    (0)    1 :  0.020 0.498 0.200 0.158 0.123 
 60 OmyAC19ROGR    (1)    1 :  0.098 0.081 0.180 0.211 0.430 
 61 OmyAC19ROGR    (0)    1 :  0.044 0.431 0.122 0.303 0.100 
 62 OmyAC19ROGR    (0)    1 :  0.028 0.065 0.300 0.519 0.088 
 63 OmyAC19ROGR    (0)    1 :  0.253 0.464 0.136 0.082 0.064 
 64 OmyAC19ROGR    (2)    1 :  0.065 0.114 0.490 0.166 0.164 
 65 OmyAC19ROGR    (0)    1 :  0.043 0.124 0.199 0.233 0.402 
 66 OmyAC19ROGR    (3)    1 :  0.277 0.047 0.064 0.139 0.474 
 67 OmyAC19ROGR    (0)    1 :  0.026 0.593 0.091 0.180 0.109 
 68 OmyAC19ROGR    (1)    1 :  0.064 0.303 0.121 0.431 0.081 
 69 OmyAC19ROGR    (2)    1 :  0.166 0.585 0.051 0.124 0.075 
 70 OmyAC19ROGR    (0)    1 :  0.029 0.207 0.335 0.246 0.183 
 71 OmyAC19ROGR    (0)    1 :  0.035 0.158 0.210 0.296 0.301 
 72 OmyAC19ROGR    (4)    1 :  0.022 0.103 0.465 0.231 0.178 
 73 OmyAC19ROGR    (0)    1 :  0.176 0.245 0.212 0.312 0.054 
 74 OmyAC19ROGR    (0)    1 :  0.026 0.042 0.636 0.121 0.175 
 75 OmyAC19ROGR    (0)    1 :  0.104 0.254 0.140 0.206 0.296 
 76 OmyAC19ROGR    (0)    1 :  0.044 0.719 0.100 0.097 0.040 
 77 OmyAC19ROGR    (1)    1 :  0.926 0.014 0.027 0.017 0.017 
 78 OmyAC19ROGR    (0)    1 :  0.038 0.085 0.316 0.349 0.212 
 79 OmyAC19ROGR    (2)    1 :  0.054 0.167 0.244 0.389 0.146 
 80 OmyAC19ROGR    (1)    1 :  0.720 0.085 0.073 0.047 0.076 
 81 OmyAC19ROGR    (2)    1 :  0.413 0.085 0.245 0.157 0.100 
 82 OmyAC19ROGR    (1)    1 :  0.015 0.717 0.108 0.093 0.067 
 83 OmyAC19ROGR    (0)    1 :  0.043 0.398 0.120 0.179 0.260 
 84 OmyAC19ROGR    (0)    1 :  0.131 0.060 0.158 0.506 0.144 
 85 OmyAC19ROGR    (5)    1 :  0.033 0.200 0.145 0.358 0.264 
 86 OmyAC19ROGR    (0)    1 :  0.119 0.032 0.194 0.171 0.484 
 87 OmyAC19ROGR    (1)    1 :  0.041 0.381 0.183 0.288 0.107 
 88 OmyJC19ROGR    (0)    2 :  0.851 0.027 0.035 0.049 0.039 
 89 OmyJC19ROGR    (0)    2 :  0.055 0.065 0.161 0.565 0.154 
 90 OmyJC19ROGR    (0)    2 :  0.915 0.016 0.025 0.025 0.019 
 91 OmyJC19ROGR    (1)    2 :  0.016 0.356 0.136 0.215 0.277 
 92 OmyJC19ROGR    (0)    2 :  0.048 0.714 0.076 0.097 0.065 
 93 OmyJC19ROGR    (0)    2 :  0.019 0.822 0.050 0.053 0.055 
 94 OmyJC19ROGR    (0)    2 :  0.137 0.030 0.502 0.180 0.152 
 95 OmyJC19ROGR    (0)    2 :  0.110 0.030 0.330 0.435 0.095 
 96 OmyJC19ROGR    (0)    2 :  0.063 0.052 0.149 0.111 0.625 
 97 OmyJC19ROGR    (0)    2 :  0.149 0.734 0.043 0.055 0.020 
 98 OmyJC19ROGR    (0)    2 :  0.031 0.121 0.385 0.279 0.184 
 99 OmyJC19ROGR    (0)    2 :  0.076 0.532 0.134 0.111 0.146 
100 OmyJC19ROGR    (1)    2 :  0.041 0.062 0.249 0.421 0.227 
101 OmyJC19ROGR    (0)    2 :  0.523 0.174 0.086 0.148 0.069 
102 OmyJC19ROGR    (0)    2 :  0.062 0.042 0.170 0.369 0.357 
103 OmyJC19ROGR    (0)    2 :  0.115 0.134 0.185 0.460 0.106 
104 OmyJC19ROGR    (0)    2 :  0.028 0.410 0.116 0.353 0.093 
105 OmyJC19ROGR    (0)    2 :  0.118 0.586 0.229 0.030 0.036 
106 OmyJC19ROGR    (0)    2 :  0.928 0.032 0.014 0.015 0.010 
107 OmyJC19ROGR    (1)    2 :  0.110 0.129 0.166 0.150 0.445 
108 OmyJC19ROGR    (0)    2 :  0.052 0.283 0.264 0.184 0.217 
109 OmyJC19ROGR    (0)    2 :  0.147 0.027 0.163 0.173 0.490 
110 OmyJC19ROGR    (0)    2 :  0.303 0.467 0.089 0.100 0.040 
111 OmyJC19ROGR    (1)    2 :  0.066 0.522 0.081 0.179 0.152 
112 OmyJC19ROGR    (2)    2 :  0.118 0.063 0.352 0.239 0.228 
113 OmyJC19ROGR    (0)    2 :  0.655 0.047 0.094 0.078 0.125 
114 OmyJC19ROGR    (3)    2 :  0.039 0.076 0.147 0.522 0.216 
115 OmyJC19ROGR    (1)    2 :  0.056 0.351 0.468 0.099 0.027 
116 OmyJC19ROGR    (0)    2 :  0.066 0.062 0.207 0.487 0.178 
117 OmyJC19ROGR    (0)    2 :  0.154 0.052 0.341 0.264 0.189 
118 OmyJC19ROGR    (0)    2 :  0.023 0.117 0.235 0.503 0.121 
119 OmyJC19ROGR    (2)    2 :  0.039 0.051 0.285 0.188 0.437 
120 OmyJC19ROGR    (0)    2 :  0.015 0.851 0.036 0.056 0.042 
121 OmyJC19ROGR    (0)    2 :  0.039 0.045 0.277 0.334 0.305 
122 OmyJC19ROGR    (0)    2 :  0.056 0.140 0.179 0.388 0.237 
123 OmyJC19ROGR    (0)    2 :  0.019 0.157 0.201 0.210 0.413 
124 OmyJC19ROGR    (0)    2 :  0.114 0.043 0.652 0.112 0.079 
125 OmyJC19ROGR    (0)    2 :  0.094 0.381 0.181 0.290 0.054 
126 OmyJC19ROGR    (1)    2 :  0.747 0.034 0.120 0.044 0.054 
127 OmyJC19ROGR    (0)    2 :  0.030 0.040 0.068 0.080 0.782 
128 OmyJC19ROGR    (1)    2 :  0.043 0.616 0.094 0.168 0.080 
129 OmyJC19ROGR    (0)    2 :  0.269 0.152 0.114 0.383 0.082 
130 OmyJC19ROGR    (2)    2 :  0.047 0.031 0.562 0.293 0.066 
131 OmyJC19ROGR    (0)    2 :  0.059 0.161 0.364 0.329 0.087 
132 OmyJC19ROGR    (1)    2 :  0.034 0.512 0.160 0.169 0.125 
133 OmyJC19ROGR    (0)    2 :  0.024 0.081 0.342 0.418 0.135 
134 OmyJC19ROGR    (0)    2 :  0.063 0.096 0.105 0.335 0.401 
135 OmyJC19ROGR    (1)    2 :  0.026 0.876 0.041 0.033 0.024 
136 OmyJC19ROGR    (3)    2 :  0.035 0.097 0.254 0.472 0.143 
137 OmyJC19ROGR    (0)    2 :  0.156 0.044 0.221 0.078 0.502 
138 OmyJC19ROGR    (0)    2 :  0.741 0.021 0.095 0.085 0.057 
139 OmyJC19ROGR    (2)    2 :  0.021 0.055 0.280 0.480 0.164 
140 OmyJC19ROGR    (2)    2 :  0.080 0.064 0.154 0.242 0.461 
141 OmyJC19ROGR    (0)    2 :  0.301 0.130 0.101 0.186 0.283 
142 OmyJC19ROGR    (0)    2 :  0.277 0.159 0.152 0.197 0.215 
143 OmyJC19ROGR    (0)    2 :  0.042 0.759 0.088 0.076 0.035 
144 OmyJC19ROGR    (0)    2 :  0.016 0.061 0.080 0.513 0.330 
145 OmyJC19ROGR    (0)    2 :  0.031 0.034 0.499 0.277 0.159 
146 OmyJC19ROGR    (1)    2 :  0.061 0.627 0.063 0.183 0.065 
147 OmyJC19ROGR    (0)    2 :  0.052 0.156 0.144 0.183 0.466 
148 OmyJC19ROGR    (0)    2 :  0.018 0.150 0.247 0.176 0.410 
149 OmyJC19ROGR    (1)    2 :  0.059 0.482 0.094 0.238 0.127 
150 OmyJC19ROGR    (1)    2 :  0.056 0.479 0.108 0.198 0.158 
151 OmyJC19ROGR    (0)    2 :  0.090 0.156 0.091 0.328 0.335 
152 OmyJC19ROGR    (0)    2 :  0.040 0.138 0.531 0.093 0.199 
153 OmyJC19ROGR    (0)    2 :  0.027 0.879 0.029 0.032 0.032 
154 OmyJC19ROGR    (1)    2 :  0.048 0.049 0.287 0.355 0.260 
155 OmyJC19ROGR    (0)    2 :  0.085 0.242 0.204 0.279 0.189 
156 OmyJC19ROGR    (1)    2 :  0.095 0.227 0.171 0.165 0.342 
157 OmyJC19ROGR    (0)    2 :  0.067 0.223 0.365 0.233 0.112 
158 OmyJC19ROGR    (0)    2 :  0.016 0.180 0.220 0.412 0.172 
159 OmyJC19ROGR    (0)    2 :  0.036 0.036 0.358 0.194 0.377 
160 OmyJC19ROGR    (0)    2 :  0.054 0.256 0.251 0.109 0.329 
161 OmyJC19ROGR    (0)    2 :  0.024 0.309 0.331 0.149 0.187 
162 OmyJC19ROGR    (0)    2 :  0.041 0.168 0.185 0.174 0.432 
163 OmyJC19ROGR    (0)    2 :  0.039 0.628 0.113 0.117 0.102 
164 OmyJC19ROGR    (0)    2 :  0.029 0.070 0.269 0.267 0.365 
165 OmyJC19ROGR    (0)    2 :  0.017 0.188 0.413 0.195 0.186 
166 OmyJC19ROGR    (0)    2 :  0.040 0.073 0.352 0.292 0.244 
167 OmyJC19ROGR    (1)    2 :  0.077 0.414 0.097 0.279 0.134 
168 OmyJC19ROGR    (0)    2 :  0.048 0.075 0.098 0.661 0.118 
169 OmyJC19ROGR    (0)    2 :  0.939 0.011 0.017 0.013 0.020 
170 OmyJC19ROGR    (0)    2 :  0.050 0.693 0.109 0.082 0.066 
171 OmyJC19ROGR    (0)    2 :  0.023 0.080 0.385 0.238 0.274 
172 OmyJC19ROGR    (0)    2 :  0.285 0.387 0.061 0.159 0.107 
173 OmyJC19ROGR    (0)    2 :  0.889 0.028 0.027 0.026 0.031 
174 OmyJC19ROGR    (0)    2 :  0.025 0.124 0.505 0.263 0.084 
175 OmyJC19ROGR    (0)    2 :  0.025 0.065 0.473 0.254 0.183 
176 OmyJC19ROGR    (0)    2 :  0.079 0.549 0.055 0.214 0.104 
177 OmyJC19ROGR    (0)    2 :  0.013 0.846 0.060 0.056 0.025 
178 OmyJC19ROGR    (0)    2 :  0.040 0.022 0.250 0.084 0.605 
179 OmyJC19ROGR    (0)    2 :  0.019 0.379 0.183 0.241 0.178 
180 OmyJC19ROGR    (0)    2 :  0.864 0.036 0.031 0.039 0.030 
181 OmyJC19ROGR    (0)    2 :  0.037 0.075 0.500 0.224 0.164 
182 OmyJC19ROGR    (0)    2 :  0.136 0.088 0.111 0.360 0.305 
183 OmyJC19ROGR    (0)    2 :  0.028 0.076 0.316 0.238 0.341 
184 OmyJC19ROGR    (0)    2 :  0.626 0.116 0.044 0.131 0.082 
185 OmyJC19ROGR    (1)    2 :  0.009 0.056 0.041 0.818 0.077 
186 OmyJC19ROGR    (0)    2 :  0.070 0.573 0.114 0.189 0.054 
187 OmyJC19ROGR    (0)    2 :  0.019 0.040 0.837 0.059 0.045 
188 OmyJC19ROGR    (0)    2 :  0.029 0.154 0.508 0.160 0.148 
189 OmyJC19ROGR    (0)    2 :  0.171 0.288 0.142 0.277 0.123 
190 OmyJC19ROGR    (0)    2 :  0.030 0.753 0.061 0.100 0.057 
191 OmyJC19ROGR    (0)    2 :  0.029 0.384 0.454 0.085 0.048 
192 OmyJC19ROGR    (0)    2 :  0.032 0.025 0.068 0.148 0.727 
193 OmyJC19ROGR    (1)    2 :  0.100 0.116 0.332 0.194 0.258 
194 OmyJC19ROGR    (0)    2 :  0.016 0.056 0.063 0.119 0.746 
195 OmyJC19ROGR    (0)    2 :  0.819 0.022 0.068 0.043 0.048 
196 OmyJC19ROGR    (0)    2 :  0.023 0.026 0.678 0.235 0.038 
197 OmyJC19ROGR    (0)    2 :  0.048 0.377 0.137 0.200 0.239 
198 OmyJC19ROGR    (0)    2 :  0.738 0.061 0.060 0.059 0.082 
199 OmyJC19ROGR    (0)    2 :  0.023 0.079 0.193 0.443 0.261 
200 OmyJC19ROGR    (0)    2 :  0.068 0.677 0.058 0.138 0.059 
201 OmyJC19ROGR    (0)    2 :  0.019 0.077 0.449 0.194 0.261 
202 OmyJC19ROGR    (0)    2 :  0.014 0.847 0.047 0.035 0.058 
203 OmyJC19ROGR    (0)    2 :  0.037 0.108 0.538 0.137 0.179 
204 OmyJC19ROGR    (0)    2 :  0.036 0.161 0.297 0.230 0.276 
205 OmyJC19ROGR    (0)    2 :  0.107 0.068 0.589 0.129 0.108 
206 OmyJC19ROGR    (0)    2 :  0.861 0.035 0.034 0.047 0.023 
207 OmyJC19ROGR    (0)    2 :  0.249 0.111 0.298 0.183 0.159 
208 OmyJC19ROGR    (0)    2 :  0.030 0.045 0.200 0.112 0.613 
209 OmyJC19ROGR    (0)    2 :  0.479 0.219 0.072 0.161 0.070 
210 OmyJC19ROGR    (0)    2 :  0.897 0.019 0.033 0.026 0.024 
211 OmyJC19ROGR    (0)    2 :  0.138 0.093 0.080 0.522 0.168 
212 OmyJC19ROGR    (1)    2 :  0.165 0.441 0.147 0.159 0.088 
213 OmyJC19ROGR    (1)    2 :  0.029 0.091 0.370 0.373 0.137 
214 OmyJC19ROGR    (0)    2 :  0.036 0.047 0.705 0.109 0.103 
215 OmyJC19ROGR    (0)    2 :  0.021 0.073 0.037 0.094 0.776 
216 OmyJC19ROGR    (0)    2 :  0.798 0.029 0.076 0.045 0.051 
217 OmyJC19ROGR    (0)    2 :  0.387 0.084 0.160 0.174 0.194 
218 OmyJC19ROGR    (0)    2 :  0.023 0.544 0.241 0.103 0.089 
219 OmyJC19ROGR    (0)    2 :  0.081 0.031 0.088 0.200 0.600 
220 OmyJC19ROGR    (0)    2 :  0.012 0.168 0.230 0.362 0.229 
221 OmyJC19ROGR    (0)    2 :  0.213 0.061 0.392 0.271 0.063 
222 OmyJC19ROGR    (0)    2 :  0.033 0.289 0.228 0.256 0.195 
223 OmyJC19ROGR    (0)    2 :  0.043 0.100 0.428 0.194 0.236 
224 OmyJC19ROGR    (0)    2 :  0.026 0.058 0.131 0.126 0.659 
225 OmyJC19ROGR    (0)    2 :  0.925 0.016 0.018 0.018 0.023 
226 OmyJC19ROGR    (0)    2 :  0.168 0.034 0.235 0.349 0.214 
227 OmyJC19ROGR    (1)    2 :  0.894 0.033 0.033 0.023 0.017 
228 OmyJC19ROGR    (0)    2 :  0.038 0.036 0.285 0.190 0.452 
229 OmyJC19ROGR    (1)    2 :  0.023 0.160 0.475 0.255 0.087 
230 OmyJC19ROGR    (0)    2 :  0.162 0.128 0.519 0.126 0.064 
231 OmyJC19ROGR    (0)    2 :  0.072 0.050 0.298 0.343 0.238 
232 OmyJC19ROGR    (1)    2 :  0.040 0.120 0.145 0.493 0.201 
233 OmyJC19ROGR    (0)    2 :  0.155 0.110 0.282 0.212 0.241 
234 OmyJC19ROGR    (0)    2 :  0.919 0.023 0.018 0.022 0.018 
235 OmyJC19ROGR    (0)    2 :  0.651 0.101 0.043 0.079 0.125 
236 OmyJC19ROGR    (1)    2 :  0.024 0.167 0.142 0.112 0.555 
237 OmyJC19ROGR    (0)    2 :  0.049 0.159 0.200 0.241 0.350 
238 OmyJC19ROGR    (0)    2 :  0.074 0.048 0.446 0.150 0.282 
239 OmyJC19ROGR    (0)    2 :  0.066 0.056 0.053 0.585 0.240 
240 OmyJC19ROGR    (0)    2 :  0.043 0.118 0.336 0.357 0.146 
241 OmyJC19ROGR    (0)    2 :  0.074 0.468 0.113 0.202 0.144 
242 OmyJC19ROGR    (0)    2 :  0.017 0.126 0.035 0.128 0.693 
243 OmyJC19ROGR    (0)    2 :  0.040 0.330 0.227 0.203 0.199 
244 OmyJC19ROGR    (0)    2 :  0.062 0.354 0.337 0.129 0.118 
245 OmyJC19ROGR    (0)    2 :  0.922 0.016 0.018 0.032 0.013 
246 OmyJC19ROGR    (0)    2 :  0.159 0.521 0.135 0.104 0.080 
247 OmyJC19ROGR    (0)    2 :  0.641 0.126 0.103 0.054 0.076 
248 OmyJC19ROGR    (0)    2 :  0.543 0.059 0.090 0.233 0.075 
249 OmyJC19ROGR    (0)    2 :  0.059 0.038 0.599 0.148 0.157 
250 OmyJC19ROGR    (0)    2 :  0.070 0.118 0.211 0.249 0.352 
251 OmyJC19ROGR    (0)    2 :  0.040 0.081 0.542 0.221 0.115 
252 OmyJC19ROGR    (0)    2 :  0.032 0.764 0.082 0.091 0.032 
253 OmyJC19ROGR    (0)    2 :  0.072 0.065 0.109 0.417 0.338 
254 OmyJC19ROGR    (0)    2 :  0.047 0.431 0.248 0.191 0.083 
255 OmyJC19ROGR    (0)    2 :  0.031 0.498 0.237 0.188 0.046 
256 OmyJC19ROGR    (0)    2 :  0.288 0.310 0.214 0.111 0.077 
257 OmyJC19ROGR    (0)    2 :  0.056 0.048 0.746 0.090 0.059 
258 OmyAC19ROGR    (0)    1 :  0.157 0.183 0.097 0.184 0.380 
259 OmyAC19ROGR    (1)    1 :  0.393 0.075 0.091 0.233 0.208 
260 OmyAC19ROGR    (0)    1 :  0.022 0.050 0.087 0.159 0.683 
261 OmyAC19ROGR    (0)    1 :  0.037 0.045 0.276 0.488 0.154 
262 OmyAC19ROGR    (0)    1 :  0.076 0.115 0.166 0.500 0.143 
263 OmyAC19ROGR    (0)    1 :  0.045 0.478 0.239 0.108 0.129 
264 OmyAC19ROGR    (0)    1 :  0.049 0.085 0.387 0.310 0.168 
265 OmyAC19ROGR    (0)    1 :  0.040 0.210 0.431 0.221 0.099 
266 OmyAC19ROGR    (0)    1 :  0.018 0.039 0.739 0.129 0.074 
267 OmyAC19ROGR    (0)    1 :  0.116 0.116 0.255 0.386 0.126 
268 OmyAC19ROGR    (1)    1 :  0.154 0.410 0.113 0.199 0.123 
269 OmyAC19ROGR    (1)    1 :  0.137 0.045 0.148 0.290 0.380 
270 OmyAC19ROGR    (0)    1 :  0.031 0.412 0.350 0.160 0.048 
271 OmyAC19ROGR    (0)    1 :  0.272 0.078 0.095 0.266 0.289 
272 OmyAC19ROGR    (0)    1 :  0.150 0.029 0.469 0.173 0.178 
273 OmyAC19ROGR    (0)    1 :  0.033 0.163 0.148 0.226 0.430 
274 OmyAC19ROGR    (0)    1 :  0.775 0.037 0.054 0.096 0.037 
275 OmyAC19ROGR    (0)    1 :  0.084 0.250 0.093 0.263 0.311 
276 OmyAC19ROGR    (0)    1 :  0.050 0.082 0.211 0.245 0.412 
277 OmyAC19ROGR    (0)    1 :  0.061 0.038 0.174 0.295 0.432 
278 OmyAC19ROGR    (0)    1 :  0.305 0.050 0.310 0.139 0.196 
279 OmyAC19ROGR    (0)    1 :  0.157 0.042 0.047 0.097 0.656 
280 OmyAC19ROGR    (0)    1 :  0.093 0.296 0.215 0.328 0.068 
281 OmyAC19ROGR    (0)    1 :  0.042 0.080 0.109 0.416 0.353 
282 OmyAC19ROGR    (0)    1 :  0.155 0.115 0.169 0.423 0.138 
283 OmyAC19ROGR    (0)    1 :  0.035 0.074 0.265 0.285 0.342 
284 OmyAC19ROGR    (0)    1 :  0.029 0.153 0.489 0.180 0.149 
285 OmyAC19ROGR    (0)    1 :  0.046 0.286 0.225 0.222 0.221 
286 OmyAC19ROGR    (0)    1 :  0.022 0.255 0.219 0.196 0.309 
287 OmyAC19ROGR    (0)    1 :  0.954 0.010 0.014 0.012 0.010 
288 OmyAC19ROGR    (0)    1 :  0.794 0.045 0.036 0.062 0.063 
289 OmyAC19ROGR    (0)    1 :  0.113 0.063 0.102 0.142 0.580 
290 OmyAC19ROGR    (1)    1 :  0.937 0.016 0.014 0.014 0.018 
291 OmyAC19ROGR    (0)    1 :  0.394 0.176 0.160 0.149 0.120 
292 OmyAC19ROGR    (1)    1 :  0.162 0.060 0.218 0.245 0.315 
293 OmyAC19ROGR    (0)    1 :  0.028 0.642 0.123 0.103 0.105 
294 OmyAC19ROGR    (0)    1 :  0.348 0.051 0.129 0.107 0.366 
295 OmyAC19ROGR    (0)    1 :  0.020 0.131 0.371 0.149 0.329 
296 OmyAC19ROGR    (0)    1 :  0.037 0.124 0.154 0.274 0.412 
297 OmyAC19ROGR    (0)    1 :  0.774 0.026 0.065 0.062 0.074 
298 OmyAC19ROGR    (0)    1 :  0.025 0.052 0.161 0.112 0.651 
299 OmyAC19ROGR    (0)    1 :  0.251 0.242 0.131 0.201 0.176 
300 OmyAC19ROGR    (0)    1 :  0.030 0.115 0.225 0.301 0.329 
301 OmyAC19ROGR    (0)    1 :  0.901 0.021 0.024 0.028 0.026 
302 OmyAC19ROGR    (0)    1 :  0.496 0.052 0.104 0.108 0.238 
303 OmyAC19ROGR    (0)    1 :  0.087 0.047 0.157 0.183 0.525 
304 OmyAC19ROGR    (0)    1 :  0.124 0.087 0.084 0.106 0.600 
305 OmyAC19ROGR    (0)    1 :  0.030 0.075 0.185 0.210 0.500 
306 OmyAC19ROGR    (0)    1 :  0.702 0.024 0.142 0.066 0.065 
307 OmyAC19ROGR    (1)    1 :  0.021 0.228 0.265 0.352 0.133 
308 OmyAC19ROGR    (0)    1 :  0.081 0.047 0.337 0.393 0.143 
309 OmyAC19ROGR    (1)    1 :  0.873 0.028 0.036 0.038 0.026 
310 OmyAC19ROGR    (0)    1 :  0.352 0.065 0.189 0.280 0.113 
311 OmyAC19ROGR    (0)    1 :  0.500 0.047 0.065 0.139 0.249 
312 OmyAC19ROGR    (0)    1 :  0.034 0.541 0.141 0.133 0.151 
313 OmyAC19ROGR    (0)    1 :  0.018 0.096 0.379 0.301 0.206 
314 OmyAC19ROGR    (0)    1 :  0.039 0.625 0.086 0.148 0.101 
315 OmyAC19ROGR    (0)    1 :  0.068 0.102 0.363 0.199 0.268 
316 OmyAC19ROGR    (0)    1 :  0.032 0.080 0.514 0.281 0.093 
317 OmyAC19ROGR    (0)    1 :  0.032 0.459 0.047 0.341 0.122 
318 OmyAC19ROGR    (0)    1 :  0.019 0.376 0.203 0.305 0.098 
319 OmyAC19ROGR    (1)    1 :  0.019 0.107 0.249 0.152 0.472 
320 OmyAC19ROGR    (0)    1 :  0.011 0.046 0.614 0.064 0.265 
321 OmyAC19ROGR    (0)    1 :  0.031 0.071 0.355 0.186 0.358 
322 OmyAC19ROGR    (0)    1 :  0.492 0.086 0.071 0.222 0.129 
323 OmyAC19ROGR    (0)    1 :  0.026 0.034 0.306 0.158 0.475 
324 OmyAC19ROGR    (0)    1 :  0.023 0.087 0.725 0.099 0.065 
325 OmyAC19ROGR    (0)    1 :  0.305 0.036 0.187 0.376 0.095 
326 OmyAC19ROGR    (0)    1 :  0.045 0.038 0.646 0.129 0.142 
327 OmyAC19ROGR    (0)    1 :  0.031 0.131 0.625 0.067 0.146 
328 OmyAC20ROGR    (1)    1 :  0.029 0.180 0.165 0.202 0.423 
329 OmyAC20ROGR    (0)    1 :  0.066 0.350 0.118 0.228 0.238 
330 OmyAC20ROGR    (0)    1 :  0.075 0.189 0.370 0.228 0.139 
331 OmyAC20ROGR    (0)    1 :  0.274 0.112 0.367 0.147 0.101 
332 OmyAC20ROGR    (0)    1 :  0.211 0.217 0.271 0.194 0.107 
333 OmyAC20ROGR    (0)    1 :  0.299 0.294 0.267 0.081 0.060 
334 OmyAC20ROGR    (0)    1 :  0.020 0.515 0.097 0.269 0.099 
335 OmyAC20ROGR    (0)    1 :  0.032 0.195 0.323 0.255 0.194 
336 OmyAC20ROGR    (0)    1 :  0.102 0.082 0.110 0.469 0.237 
337 OmyAC20ROGR    (0)    1 :  0.437 0.063 0.133 0.164 0.204 
338 OmyAC20ROGR    (0)    1 :  0.135 0.242 0.187 0.342 0.094 
339 OmyAC20ROGR    (0)    1 :  0.093 0.109 0.275 0.147 0.375 
340 OmyAC20ROGR    (0)    1 :  0.032 0.777 0.068 0.074 0.049 
341 OmyAC20ROGR    (0)    1 :  0.073 0.643 0.073 0.146 0.065 
342 OmyAC20ROGR    (0)    1 :  0.164 0.315 0.178 0.184 0.159 
343 OmyAC20ROGR    (0)    1 :  0.047 0.231 0.256 0.379 0.087 
344 OmyAC20ROGR    (0)    1 :  0.154 0.291 0.352 0.116 0.086 
345 OmyAC20ROGR    (1)    1 :  0.127 0.029 0.315 0.428 0.100 
346 OmyAC20ROGR    (0)    1 :  0.162 0.113 0.450 0.198 0.077 
347 OmyAC20ROGR    (0)    1 :  0.254 0.076 0.310 0.233 0.127 
348 OmyAC20ROGR    (0)    1 :  0.167 0.584 0.134 0.057 0.059 
349 OmyAC20ROGR    (0)    1 :  0.045 0.318 0.264 0.306 0.066 
350 OmyAC20ROGR    (0)    1 :  0.066 0.064 0.152 0.203 0.514 
351 OmyAC20ROGR    (0)    1 :  0.098 0.194 0.337 0.298 0.072 
352 OmyAC20ROGR    (0)    1 :  0.042 0.099 0.158 0.247 0.454 
353 OmyAC20ROGR    (0)    1 :  0.025 0.094 0.430 0.404 0.047 
354 OmyAC20ROGR    (0)    1 :  0.241 0.314 0.088 0.288 0.069 
355 OmyAC20ROGR    (0)    1 :  0.048 0.272 0.078 0.531 0.073 
356 OmyAC20ROGR    (0)    1 :  0.042 0.147 0.177 0.309 0.325 
357 OmyAC20ROGR    (0)    1 :  0.082 0.048 0.387 0.162 0.321 
358 OmyAC20ROGR    (0)    1 :  0.041 0.071 0.320 0.205 0.363 
359 OmyAC20ROGR    (0)    1 :  0.163 0.022 0.038 0.051 0.726 
360 OmyAC20ROGR    (0)    1 :  0.203 0.124 0.227 0.309 0.137 
361 OmyAC20ROGR    (0)    1 :  0.037 0.039 0.370 0.087 0.468 
362 OmyAC20ROGR    (0)    1 :  0.038 0.035 0.177 0.326 0.423 
363 OmyAC20ROGR    (0)    1 :  0.131 0.332 0.200 0.240 0.097 
364 OmyAC20ROGR    (1)    1 :  0.034 0.444 0.096 0.144 0.282 
365 OmyAC20ROGR    (0)    1 :  0.017 0.062 0.484 0.295 0.142 
366 OmyAC20ROGR    (0)    1 :  0.027 0.255 0.487 0.157 0.076 
367 OmyAC20ROGR    (0)    1 :  0.081 0.064 0.588 0.166 0.102 
368 OmyAC20ROGR    (1)    1 :  0.076 0.039 0.075 0.340 0.471 
369 OmyAC20ROGR    (0)    1 :  0.317 0.221 0.080 0.257 0.125 
370 OmyAC20ROGR    (0)    1 :  0.758 0.061 0.066 0.077 0.038 
371 OmyAC20ROGR    (0)    1 :  0.836 0.031 0.036 0.051 0.045 
372 OmyAC20ROGR    (2)    1 :  0.924 0.018 0.022 0.019 0.016 
373 OmyAC20ROGR    (0)    1 :  0.439 0.039 0.329 0.114 0.080 
374 OmyAC20ROGR    (0)    1 :  0.024 0.180 0.299 0.174 0.324 
375 OmyAC20ROGR    (0)    1 :  0.070 0.057 0.594 0.149 0.130 
376 OmyAC20ROGR    (0)    1 :  0.531 0.063 0.077 0.232 0.097 
377 OmyAC20ROGR    (0)    1 :  0.020 0.335 0.383 0.165 0.097 
378 OmyAC20ROGR    (0)    1 :  0.017 0.143 0.088 0.519 0.233 
379 OmyAC20ROGR    (0)    1 :  0.466 0.115 0.131 0.179 0.109 
380 OmyAC20ROGR    (1)    1 :  0.020 0.043 0.682 0.180 0.075 
381 OmyAC20ROGR    (0)    1 :  0.086 0.036 0.415 0.179 0.285 
382 OmyAC20ROGR    (0)    1 :  0.869 0.020 0.044 0.037 0.030 
383 OmyAC20ROGR    (0)    1 :  0.111 0.027 0.423 0.335 0.104 
384 OmyAC20ROGR    (0)    1 :  0.318 0.127 0.121 0.272 0.161 
385 OmyAC20ROGR    (0)    1 :  0.216 0.028 0.186 0.139 0.431 
386 OmyAC20ROGR    (0)    1 :  0.132 0.073 0.454 0.266 0.075 
387 OmyAC20ROGR    (0)    1 :  0.324 0.027 0.395 0.075 0.179 
388 OmyAC20ROGR    (0)    1 :  0.267 0.252 0.150 0.225 0.106 
389 OmyAC20ROGR    (0)    1 :  0.024 0.052 0.260 0.078 0.586 
390 OmyAC20ROGR    (0)    1 :  0.019 0.109 0.257 0.158 0.457 
391 OmyAC20ROGR    (0)    1 :  0.413 0.186 0.127 0.156 0.117 
392 OmyAC20ROGR    (0)    1 :  0.285 0.157 0.133 0.285 0.140 
393 OmyAC20ROGR    (0)    1 :  0.057 0.163 0.438 0.263 0.079 
394 OmyAC20ROGR    (1)    1 :  0.077 0.037 0.097 0.207 0.583 
395 OmyAC20ROGR    (0)    1 :  0.051 0.191 0.141 0.492 0.126 
396 OmyAC20ROGR    (0)    1 :  0.030 0.074 0.227 0.120 0.549 
397 OmyAC20ROGR    (0)    1 :  0.276 0.047 0.280 0.149 0.248 
398 OmyAC20ROGR    (0)    1 :  0.731 0.101 0.064 0.051 0.052 
399 OmyAC20ROGR    (0)    1 :  0.186 0.116 0.204 0.297 0.198 
400 OmyAC20ROGR    (0)    1 :  0.111 0.082 0.277 0.289 0.241 
401 OmyAC20ROGR    (1)    1 :  0.873 0.055 0.019 0.027 0.026 
402 OmyAC20ROGR    (0)    1 :  0.022 0.568 0.134 0.170 0.106 
403 OmyAC20ROGR    (0)    1 :  0.128 0.219 0.098 0.453 0.101 
404 OmyAC20ROGR    (0)    1 :  0.022 0.226 0.283 0.295 0.174 
405 OmyAC20ROGR    (0)    1 :  0.291 0.032 0.425 0.167 0.086 
406 OmyAC20ROGR    (0)    1 :  0.069 0.239 0.123 0.341 0.228 
407 OmyAC20ROGR    (0)    1 :  0.048 0.029 0.525 0.158 0.240 
408 OmyAC20ROGR    (0)    1 :  0.077 0.225 0.154 0.399 0.145 
409 OmyAC20ROGR    (0)    1 :  0.059 0.027 0.374 0.173 0.368 
410 OmyAC20ROGR    (0)    1 :  0.907 0.015 0.021 0.025 0.032 
411 OmyAC20ROGR    (0)    1 :  0.582 0.048 0.076 0.102 0.193 
412 OmyAC20ROGR    (0)    1 :  0.114 0.381 0.244 0.118 0.144 
413 OmyAC20ROGR    (0)    1 :  0.033 0.022 0.377 0.083 0.485 
414 OmyAC20ROGR    (0)    1 :  0.334 0.250 0.060 0.201 0.155 
415 OmyAC20ROGR    (0)    1 :  0.022 0.170 0.189 0.456 0.164 
416 OmyAC20ROGR    (0)    1 :  0.065 0.175 0.321 0.265 0.175 
417 OmyAC20ROGR    (0)    1 :  0.021 0.143 0.344 0.125 0.367 
418 OmyAC20ROGR    (0)    1 :  0.142 0.056 0.285 0.326 0.190 
419 OmyAC20ROGR    (0)    1 :  0.425 0.039 0.209 0.124 0.203 
420 OmyAC20ROGR    (0)    1 :  0.028 0.217 0.167 0.336 0.251 
421 OmyAC20ROGR    (0)    1 :  0.099 0.245 0.266 0.169 0.221 
422 OmyAC20ROGR    (0)    1 :  0.909 0.017 0.029 0.022 0.023 
423 OmyAC20ROGR    (0)    1 :  0.029 0.020 0.768 0.079 0.104 
424 OmyAC20ROGR    (0)    1 :  0.022 0.050 0.137 0.374 0.417 
425 OmyAC20ROGR    (0)    1 :  0.861 0.066 0.020 0.020 0.032 
426 OmyAC20ROGR    (0)    1 :  0.079 0.053 0.367 0.319 0.181 
427 OmyAC20ROGR    (0)    1 :  0.167 0.072 0.343 0.240 0.178 
428 OmyAC20ROGR    (0)    1 :  0.919 0.018 0.019 0.026 0.018 
429 OmyAC20ROGR    (0)    1 :  0.024 0.073 0.234 0.094 0.576 
430 OmyAC20ROGR    (0)    1 :  0.083 0.025 0.124 0.325 0.443 
431 OmyAC20ROGR    (0)    1 :  0.484 0.092 0.110 0.239 0.074 
432 OmyAC20ROGR    (0)    1 :  0.855 0.025 0.039 0.037 0.044 
433 OmyAC20ROGR    (0)    1 :  0.902 0.028 0.019 0.024 0.027 
434 OmyAC20ROGR    (0)    1 :  0.179 0.028 0.118 0.295 0.380 
435 OmyAC20ROGR    (0)    1 :  0.017 0.092 0.360 0.472 0.060 
436 OmyAC20ROGR    (0)    1 :  0.033 0.022 0.694 0.148 0.103 
437 OmyAC20ROGR    (0)    1 :  0.661 0.046 0.079 0.079 0.134 
438 OmyAC20ROGR    (0)    1 :  0.308 0.067 0.064 0.365 0.196 
439 OmyAC20ROGR    (0)    1 :  0.057 0.052 0.267 0.193 0.430 
440 OmyAC20ROGR    (0)    1 :  0.775 0.052 0.072 0.056 0.046 
441 OmyAC20ROGR    (0)    1 :  0.020 0.085 0.175 0.308 0.413 
442 OmyAC20ROGR    (0)    1 :  0.050 0.051 0.108 0.507 0.285 
443 OmyAC20ROGR    (0)    1 :  0.015 0.523 0.043 0.327 0.092 
444 OmyAC20ROGR    (0)    1 :  0.105 0.044 0.463 0.171 0.216 
445 OmyAC20ROGR    (0)    1 :  0.090 0.038 0.157 0.231 0.484 
446 OmyJC18ROGR    (0)    2 :  0.042 0.594 0.139 0.113 0.112 
447 OmyJC18ROGR    (0)    2 :  0.040 0.068 0.458 0.197 0.236 
448 OmyJC18ROGR    (0)    2 :  0.054 0.035 0.461 0.275 0.175 
449 OmyJC18ROGR    (0)    2 :  0.695 0.065 0.053 0.086 0.100 
450 OmyJC18ROGR    (0)    2 :  0.679 0.077 0.076 0.096 0.072 
451 OmyJC18ROGR    (0)    2 :  0.874 0.024 0.025 0.048 0.028 
452 OmyJC18ROGR    (0)    2 :  0.239 0.202 0.283 0.183 0.092 
453 OmyJC18ROGR    (0)    2 :  0.025 0.563 0.052 0.211 0.150 
454 OmyJC18ROGR    (0)    2 :  0.878 0.020 0.027 0.036 0.039 
455 OmyJC18ROGR    (0)    2 :  0.028 0.046 0.150 0.173 0.604 
456 OmyJC18ROGR    (0)    2 :  0.887 0.017 0.028 0.035 0.033 
457 OmyJC18ROGR    (0)    2 :  0.044 0.040 0.382 0.337 0.197 
458 OmyJC18ROGR    (0)    2 :  0.164 0.434 0.130 0.140 0.131 
459 OmyJC18ROGR    (0)    2 :  0.018 0.285 0.225 0.220 0.252 
460 OmyJC18ROGR    (2)    2 :  0.411 0.078 0.092 0.253 0.166 
461 OmyJC18ROGR    (1)    2 :  0.333 0.178 0.151 0.265 0.073 
462 OmyJC18ROGR    (3)    2 :  0.377 0.113 0.080 0.244 0.186 
463 OmyJC18ROGR    (1)    2 :  0.722 0.058 0.089 0.061 0.070 
464 OmyJC18ROGR    (3)    2 :  0.019 0.023 0.764 0.120 0.075 
465 OmyJC18ROGR    (3)    2 :  0.049 0.048 0.170 0.124 0.608 
466 OmyJC18ROGR    (0)    2 :  0.135 0.063 0.155 0.530 0.118 
467 OmyJC18ROGR    (1)    2 :  0.032 0.069 0.206 0.282 0.411 
468 OmyJC18ROGR    (0)    2 :  0.040 0.034 0.105 0.208 0.613 
469 OmyJC18ROGR    (0)    2 :  0.781 0.029 0.032 0.065 0.092 
470 OmyJC18ROGR    (3)    2 :  0.517 0.057 0.143 0.153 0.130 
471 OmyJC18ROGR    (1)    2 :  0.263 0.109 0.253 0.268 0.107 
472 OmyJC18ROGR    (1)    2 :  0.077 0.066 0.240 0.440 0.177 
473 OmyJC18ROGR    (2)    2 :  0.031 0.053 0.525 0.313 0.078 
474 OmyJC18ROGR    (0)    2 :  0.034 0.521 0.169 0.206 0.071 
475 OmyJC18ROGR    (1)    2 :  0.688 0.184 0.041 0.049 0.038 
476 OmyJC18ROGR    (2)    2 :  0.018 0.309 0.206 0.256 0.212 
477 OmyJC18ROGR    (3)    2 :  0.089 0.076 0.074 0.388 0.372 
478 OmyJC18ROGR    (0)    2 :  0.047 0.410 0.156 0.277 0.111 
479 OmyJC18ROGR    (0)    2 :  0.019 0.054 0.681 0.093 0.152 
480 OmyJC18ROGR    (0)    2 :  0.153 0.062 0.374 0.232 0.179 
481 OmyJC18ROGR    (2)    2 :  0.208 0.182 0.226 0.293 0.090 
482 OmyJC18ROGR    (3)    2 :  0.016 0.071 0.134 0.266 0.513 
483 OmyJC18ROGR    (3)    2 :  0.035 0.023 0.187 0.254 0.501 
484 OmyJC18ROGR    (3)    2 :  0.039 0.161 0.155 0.434 0.212 
485 OmyJC18ROGR    (2)    2 :  0.645 0.034 0.184 0.066 0.071 
486 OmyJC18ROGR    (2)    2 :  0.412 0.050 0.111 0.177 0.250 
487 OmyJC18ROGR    (1)    2 :  0.081 0.277 0.106 0.457 0.079 
488 OmyJC18ROGR    (3)    2 :  0.049 0.075 0.220 0.580 0.077 
489 OmyJC18ROGR    (0)    2 :  0.027 0.113 0.120 0.494 0.246 
490 OmyJC18ROGR    (2)    2 :  0.070 0.109 0.227 0.338 0.257 
491 OmyJC18ROGR    (4)    2 :  0.100 0.563 0.118 0.129 0.089 
492 OmyJC18ROGR    (4)    2 :  0.019 0.767 0.040 0.059 0.115 
493 OmyJC18ROGR    (3)    2 :  0.101 0.042 0.247 0.392 0.217 
494 OmyJC18ROGR    (3)    2 :  0.884 0.028 0.030 0.027 0.032 
495 OmyJC18ROGR    (3)    2 :  0.148 0.474 0.164 0.120 0.093 
496 OmyJC18ROGR    (0)    2 :  0.071 0.266 0.110 0.262 0.291 
497 OmyJC18ROGR    (5)    2 :  0.079 0.185 0.201 0.288 0.247 
498 OmyJC18ROGR    (3)    2 :  0.170 0.132 0.147 0.433 0.118 
499 OmyJC18ROGR    (1)    2 :  0.039 0.145 0.159 0.356 0.301 
500 OmyJC18ROGR    (1)    2 :  0.021 0.105 0.178 0.314 0.383 
501 OmyJC18ROGR    (3)    2 :  0.442 0.091 0.153 0.228 0.086 
502 OmyJC18ROGR    (1)    2 :  0.171 0.037 0.151 0.105 0.535 
503 OmyJC18ROGR    (4)    2 :  0.049 0.031 0.383 0.129 0.408 
504 OmyJC18ROGR    (1)    2 :  0.249 0.031 0.074 0.103 0.543 
505 OmyJC18ROGR    (0)    2 :  0.219 0.270 0.117 0.193 0.201 
506 OmyJC18ROGR    (6)    2 :  0.048 0.271 0.108 0.400 0.173 
507 OmyJC18ROGR    (0)    2 :  0.118 0.072 0.142 0.402 0.266 
508 OmyJC18ROGR    (0)    2 :  0.074 0.055 0.102 0.138 0.630 
509 OmyJC18ROGR    (2)    2 :  0.901 0.035 0.021 0.025 0.019 
510 OmyJC18ROGR    (1)    2 :  0.023 0.131 0.251 0.439 0.156 
511 OmyJC18ROGR    (3)    2 :  0.116 0.691 0.071 0.071 0.050 
512 OmyJC18ROGR    (2)    2 :  0.783 0.020 0.076 0.052 0.070 
513 OmyJC18ROGR    (7)    2 :  0.192 0.454 0.077 0.170 0.107 
514 OmyJC18ROGR    (3)    2 :  0.612 0.187 0.063 0.048 0.090 
515 OmyJC18ROGR    (0)    2 :  0.059 0.097 0.265 0.406 0.173 
516 OmyJC18ROGR    (2)    2 :  0.198 0.089 0.435 0.159 0.120 
517 OmyJC18ROGR    (2)    2 :  0.236 0.281 0.138 0.266 0.079 
518 OmyJC18ROGR    (0)    2 :  0.045 0.082 0.277 0.320 0.277 
519 OmyJC18ROGR    (7)    2 :  0.053 0.736 0.097 0.078 0.036 
520 OmyJC18ROGR    (4)    2 :  0.191 0.376 0.148 0.222 0.062 
521 OmyJC18ROGR    (1)    2 :  0.163 0.257 0.156 0.284 0.140 
522 OmyJC18ROGR    (1)    2 :  0.096 0.044 0.128 0.241 0.492 
523 OmyJC18ROGR    (3)    2 :  0.042 0.085 0.194 0.235 0.444 
524 OmyJC18ROGR    (1)    2 :  0.031 0.048 0.223 0.130 0.568 
525 OmyJC18ROGR    (2)    2 :  0.125 0.314 0.097 0.101 0.363 
526 OmyJC18ROGR    (1)    2 :  0.083 0.311 0.218 0.175 0.214 
527 OmyJC18ROGR    (0)    2 :  0.031 0.279 0.266 0.323 0.101 
528 OmyJC18ROGR    (0)    2 :  0.028 0.065 0.551 0.185 0.170 
529 OmyJC18ROGR    (1)    2 :  0.031 0.078 0.553 0.262 0.077 
530 OmyJC18ROGR    (0)    2 :  0.021 0.034 0.108 0.086 0.751 
531 OmyJC18ROGR    (0)    2 :  0.025 0.025 0.766 0.069 0.115 
532 OmyJC18ROGR    (1)    2 :  0.021 0.070 0.130 0.234 0.545 
533 OmyJC18ROGR    (2)    2 :  0.017 0.173 0.416 0.316 0.079 
534 OmyJC18ROGR    (2)    2 :  0.051 0.064 0.244 0.364 0.277 
535 OmyJC18ROGR    (0)    2 :  0.040 0.357 0.212 0.197 0.193 
536 OmyJC18ROGR    (0)    2 :  0.023 0.696 0.159 0.084 0.038 
537 OmyJC18ROGR    (0)    2 :  0.032 0.340 0.216 0.278 0.133 
538 OmyJC18ROGR    (0)    2 :  0.037 0.029 0.657 0.145 0.133 
539 OmyJC18ROGR    (1)    2 :  0.052 0.076 0.236 0.111 0.524 
540 OmyJC18ROGR    (6)    2 :  0.039 0.064 0.098 0.735 0.064 
541 OmyJC18ROGR    (1)    2 :  0.041 0.096 0.661 0.142 0.060 
542 OmyJC18ROGR    (1)    2 :  0.148 0.126 0.499 0.161 0.067 
543 OmyJC18ROGR    (0)    2 :  0.190 0.053 0.231 0.408 0.118 
544 OmyJC18ROGR    (2)    2 :  0.035 0.142 0.459 0.259 0.104 
545 OmyJC18ROGR    (1)    2 :  0.577 0.018 0.029 0.054 0.322 
546 OmyJC18ROGR    (6)    2 :  0.015 0.047 0.708 0.139 0.091 
547 OmyJC18ROGR    (0)    2 :  0.102 0.020 0.207 0.203 0.469 
548 OmyJC18ROGR    (1)    2 :  0.132 0.132 0.146 0.458 0.131 
549 OmyJC18ROGR    (0)    2 :  0.034 0.057 0.526 0.262 0.122 
550 OmyJC18ROGR    (1)    2 :  0.792 0.038 0.051 0.074 0.044 
551 OmyJC18ROGR    (1)    2 :  0.044 0.564 0.115 0.194 0.083 
552 OmyJC18ROGR    (2)    2 :  0.082 0.058 0.294 0.359 0.207 
553 OmyJC18ROGR    (7)    2 :  0.064 0.114 0.548 0.118 0.156 
554 OmyJC18ROGR    (2)    2 :  0.031 0.125 0.390 0.330 0.124 
555 OmyJC18ROGR    (3)    2 :  0.024 0.204 0.263 0.337 0.173 
556 OmyJC18ROGR    (0)    2 :  0.064 0.751 0.093 0.071 0.021 
557 OmyJC18ROGR    (1)    2 :  0.527 0.056 0.086 0.201 0.130 
558 OmyJC18ROGR    (0)    2 :  0.117 0.730 0.060 0.056 0.036 
559 OmyJC18ROGR    (0)    2 :  0.022 0.046 0.067 0.274 0.592 
560 OmyJC18ROGR    (5)    2 :  0.088 0.162 0.066 0.487 0.198 
561 OmyJC18ROGR    (0)    2 :  0.026 0.034 0.112 0.064 0.764 
562 OmyJC18ROGR    (6)    2 :  0.039 0.303 0.385 0.207 0.066 
563 OmyJC18ROGR    (2)    2 :  0.064 0.164 0.285 0.352 0.134 
564 OmyJC18ROGR    (3)    2 :  0.254 0.344 0.225 0.117 0.060 
565 OmyJC18ROGR    (3)    2 :  0.084 0.134 0.175 0.375 0.233 
566 OmyJC18ROGR    (1)    2 :  0.060 0.048 0.120 0.223 0.550 
567 OmyJC18ROGR    (0)    2 :  0.028 0.068 0.070 0.258 0.575 
568 OmyJC18ROGR    (3)    2 :  0.087 0.272 0.484 0.118 0.038 
569 OmyJC18ROGR    (2)    2 :  0.039 0.110 0.126 0.393 0.331 
570 OmyJC18ROGR    (0)    2 :  0.059 0.040 0.159 0.138 0.604 
571 OmyJC18ROGR    (1)    2 :  0.017 0.027 0.531 0.211 0.214 
572 OmyJC18ROGR    (4)    2 :  0.044 0.475 0.109 0.100 0.272 
573 OmyJC18ROGR    (3)    2 :  0.455 0.156 0.097 0.123 0.169 
574 OmyJC18ROGR    (5)    2 :  0.190 0.126 0.411 0.172 0.102 
575 OmyJC18ROGR    (3)    2 :  0.022 0.335 0.389 0.188 0.066 
576 OmyJC18ROGR    (0)    2 :  0.049 0.142 0.507 0.191 0.110 
577 OmyJC18ROGR    (0)    2 :  0.874 0.021 0.043 0.032 0.031 
578 OmyJC18ROGR    (1)    2 :  0.027 0.034 0.430 0.306 0.203 
579 OmyJC18ROGR    (0)    2 :  0.781 0.061 0.038 0.056 0.064 
580 OmyJC18ROGR    (0)    2 :  0.015 0.189 0.305 0.270 0.221 
581 OmyJC18ROGR    (3)    2 :  0.049 0.071 0.168 0.282 0.430 
582 OmyJC18ROGR    (6)    2 :  0.025 0.200 0.314 0.298 0.164 
583 OmyJC18ROGR    (3)    2 :  0.027 0.346 0.476 0.074 0.078 
584 OmyJC18ROGR    (3)    2 :  0.061 0.220 0.285 0.174 0.260 
585 OmyJC18ROGR    (1)    2 :  0.066 0.045 0.110 0.643 0.136 
586 OmyJC18ROGR    (1)    2 :  0.016 0.072 0.663 0.136 0.113 
587 OmyJC18ROGR    (0)    2 :  0.912 0.016 0.031 0.020 0.021 
588 OmyJC18ROGR    (0)    2 :  0.226 0.535 0.056 0.064 0.119 
589 OmyJC18ROGR    (1)    2 :  0.056 0.100 0.346 0.405 0.093 
590 OmyJC18ROGR    (2)    2 :  0.009 0.023 0.742 0.115 0.111 
591 OmyJC18ROGR    (0)    2 :  0.045 0.107 0.314 0.275 0.259 
592 OmyJC18ROGR    (3)    2 :  0.050 0.063 0.606 0.112 0.169 
593 OmyJC18ROGR    (0)    2 :  0.108 0.304 0.147 0.303 0.139 
594 OmyJC18ROGR    (1)    2 :  0.030 0.081 0.242 0.435 0.212 
595 OmyJC18ROGR    (0)    2 :  0.068 0.423 0.137 0.311 0.061 
596 OmyJC18ROGR    (1)    2 :  0.081 0.106 0.397 0.154 0.262 
597 OmyJC18ROGR    (0)    2 :  0.063 0.146 0.200 0.453 0.138 
598 OmyJC18ROGR    (1)    2 :  0.063 0.050 0.293 0.262 0.331 
599 OmyJC18ROGR    (0)    2 :  0.060 0.065 0.451 0.206 0.217 
600 OmyJC18ROGR    (0)    2 :  0.037 0.357 0.239 0.301 0.066 
601 OmyJC18ROGR    (0)    2 :  0.030 0.204 0.293 0.201 0.272 
602 OmyJC18ROGR    (0)    2 :  0.070 0.047 0.073 0.109 0.700 
603 OmyJC18ROGR    (0)    2 :  0.026 0.418 0.149 0.216 0.190 
604 OmyJC18ROGR    (0)    2 :  0.043 0.164 0.407 0.187 0.200 
605 OmyJC18ROGR    (0)    2 :  0.026 0.634 0.036 0.208 0.096 
606 OmyJC18ROGR    (0)    2 :  0.048 0.242 0.331 0.298 0.081 
