

----------------------------------------------------
STRUCTURE by Pritchard, Stephens and Donnelly (2000)
     and Falush, Stephens and Pritchard (2003)
       Code by Pritchard, Falush and Hubisz
             Version 2.3.4 (Jul 2012)
----------------------------------------------------



Command line arguments:   bin/structure -m "/Users/ddayan/FRA/premature_migration/Rogue_Half-Pounder/half-pounder/structure/halfpounder_2021/10k_20k_adm_corr/mainparams" -e "/Users/ddayan/FRA/premature_migration/Rogue_Half-Pounder/half-pounder/structure/halfpounder_2021/10k_20k_adm_corr/extraparams" 
Input File:    /Users/ddayan/FRA/premature_migration/Rogue_Half-Pounder/half-pounder/structure/halfpounder_2021/project_data

Run parameters:
   1000 individuals
   328 loci
   6 populations assumed
   10000 Burn-in period
   20000 Reps


--------------------------------------------
Proportion of membership of each pre-defined
 population in each of the 6 clusters

Given    Inferred Clusters                            Number of
 Pop       1      2      3      4      5      6      Individuals

  1:     0.163  0.134  0.179  0.170  0.178  0.175      275
  2:     0.172  0.155  0.172  0.166  0.165  0.170      643
  3:     0.051  0.670  0.036  0.098  0.075  0.069       42
  4:     0.289  0.056  0.039  0.199  0.213  0.204       40
--------------------------------------------

Allele-freq. divergence among pops (Net nucleotide distance),
computed using point estimates of P.

      1       2       3       4       5       6      
 1      -    0.0045  0.0089  0.0015  0.0011  0.0014  
 2   0.0045     -    0.0116  0.0031  0.0031  0.0036  
 3   0.0089  0.0116     -    0.0083  0.0082  0.0088  
 4   0.0015  0.0031  0.0083     -    0.0005  0.0009  
 5   0.0011  0.0031  0.0082  0.0005     -    0.0004  
 6   0.0014  0.0036  0.0088  0.0009  0.0004     -    

Average distances (expected heterozygosity) between individuals in same cluster:
cluster  1  : 0.2914 
cluster  2  : 0.2863 
cluster  3  : 0.2592 
cluster  4  : 0.2921 
cluster  5  : 0.2920 
cluster  6  : 0.2913 

--------------------------------------------
Estimated Ln Prob of Data   = -286191.7
Mean value of ln likelihood = -283380.7
Variance of ln likelihood   = 5622.0
Mean value of alpha         = 0.1490

Mean value of Fst_1         = 0.0162
Mean value of Fst_2         = 0.0264
Mean value of Fst_3         = 0.0744
Mean value of Fst_4         = 0.0108
Mean value of Fst_5         = 0.0098
Mean value of Fst_6         = 0.0128


Inferred ancestry of individuals:
        Label (%Miss) Pop:  Inferred clusters
  1 OmyAC19ROGR    (0)    1 :  0.069 0.211 0.011 0.168 0.331 0.210 
  2 OmyAC19ROGR    (0)    1 :  0.028 0.108 0.051 0.480 0.213 0.121 
  3 OmyAC19ROGR    (0)    1 :  0.054 0.090 0.046 0.348 0.211 0.251 
  4 OmyAC19ROGR    (0)    1 :  0.365 0.084 0.017 0.141 0.243 0.149 
  5 OmyAC19ROGR    (1)    1 :  0.012 0.010 0.945 0.010 0.010 0.012 
  6 OmyAC19ROGR    (0)    1 :  0.040 0.034 0.120 0.074 0.406 0.326 
  7 OmyAC19ROGR    (0)    1 :  0.341 0.113 0.145 0.085 0.133 0.182 
  8 OmyAC19ROGR    (0)    1 :  0.260 0.175 0.013 0.280 0.178 0.094 
  9 OmyAC19ROGR    (0)    1 :  0.042 0.087 0.177 0.164 0.369 0.160 
 10 OmyAC19ROGR    (0)    1 :  0.056 0.096 0.426 0.184 0.127 0.111 
 11 OmyAC19ROGR    (0)    1 :  0.352 0.123 0.047 0.046 0.282 0.149 
 12 OmyAC19ROGR    (0)    1 :  0.121 0.042 0.079 0.084 0.200 0.474 
 13 OmyAC19ROGR    (0)    1 :  0.562 0.116 0.019 0.142 0.105 0.056 
 14 OmyAC19ROGR    (0)    1 :  0.316 0.020 0.432 0.064 0.071 0.097 
 15 OmyAC19ROGR    (0)    1 :  0.439 0.026 0.380 0.038 0.043 0.074 
 16 OmyAC19ROGR    (0)    1 :  0.333 0.135 0.073 0.108 0.170 0.181 
 17 OmyAC19ROGR    (0)    1 :  0.136 0.015 0.051 0.265 0.344 0.188 
 18 OmyAC19ROGR    (2)    1 :  0.156 0.182 0.017 0.373 0.143 0.129 
 19 OmyAC19ROGR    (1)    1 :  0.265 0.123 0.039 0.322 0.170 0.082 
 20 OmyAC19ROGR    (0)    1 :  0.112 0.017 0.206 0.060 0.211 0.393 
 21 OmyAC19ROGR    (1)    1 :  0.145 0.085 0.199 0.250 0.213 0.109 
 22 OmyAC19ROGR    (0)    1 :  0.099 0.175 0.054 0.269 0.169 0.233 
 23 OmyAC19ROGR    (0)    1 :  0.054 0.078 0.191 0.322 0.272 0.083 
 24 OmyAC19ROGR    (0)    1 :  0.033 0.800 0.011 0.045 0.049 0.063 
 25 OmyAC19ROGR    (0)    1 :  0.294 0.053 0.189 0.188 0.142 0.134 
 26 OmyAC19ROGR    (0)    1 :  0.046 0.186 0.068 0.504 0.125 0.071 
 27 OmyAC19ROGR    (1)    1 :  0.587 0.042 0.045 0.068 0.107 0.152 
 28 OmyAC19ROGR    (0)    1 :  0.019 0.853 0.016 0.039 0.032 0.040 
 29 OmyAC19ROGR    (0)    1 :  0.122 0.059 0.035 0.335 0.273 0.175 
 30 OmyAC19ROGR    (0)    1 :  0.027 0.031 0.668 0.157 0.052 0.064 
 31 OmyAC19ROGR    (0)    1 :  0.157 0.092 0.028 0.137 0.323 0.263 
 32 OmyAC19ROGR    (0)    1 :  0.184 0.154 0.107 0.158 0.251 0.146 
 33 OmyAC19ROGR    (1)    1 :  0.074 0.254 0.063 0.106 0.260 0.243 
 34 OmyAC19ROGR    (0)    1 :  0.219 0.059 0.484 0.075 0.062 0.101 
 35 OmyAC19ROGR    (0)    1 :  0.093 0.226 0.049 0.362 0.139 0.131 
 36 OmyAC19ROGR    (0)    1 :  0.182 0.083 0.090 0.354 0.207 0.084 
 37 OmyAC19ROGR    (0)    1 :  0.069 0.618 0.083 0.097 0.082 0.051 
 38 OmyAC19ROGR    (0)    1 :  0.038 0.322 0.390 0.143 0.061 0.047 
 39 OmyAC19ROGR    (0)    1 :  0.088 0.033 0.033 0.707 0.097 0.041 
 40 OmyAC19ROGR    (0)    1 :  0.181 0.034 0.309 0.122 0.141 0.213 
 41 OmyAC19ROGR    (1)    1 :  0.477 0.075 0.024 0.070 0.154 0.200 
 42 OmyAC19ROGR    (0)    1 :  0.043 0.015 0.814 0.037 0.047 0.044 
 43 OmyAC19ROGR    (0)    1 :  0.037 0.094 0.032 0.240 0.169 0.428 
 44 OmyAC19ROGR    (6)    1 :  0.056 0.061 0.027 0.137 0.442 0.278 
 45 OmyAC19ROGR    (1)    1 :  0.058 0.214 0.313 0.055 0.137 0.223 
 46 OmyAC19ROGR    (0)    1 :  0.066 0.284 0.047 0.334 0.193 0.077 
 47 OmyAC19ROGR    (0)    1 :  0.056 0.682 0.046 0.055 0.045 0.116 
 48 OmyAC19ROGR    (0)    1 :  0.068 0.089 0.030 0.227 0.296 0.290 
 49 OmyAC19ROGR    (0)    1 :  0.149 0.256 0.024 0.163 0.246 0.163 
 50 OmyAC19ROGR    (0)    1 :  0.226 0.017 0.017 0.170 0.141 0.429 
 51 OmyAC19ROGR    (2)    1 :  0.087 0.041 0.738 0.029 0.048 0.057 
 52 OmyAC19ROGR    (0)    1 :  0.028 0.036 0.845 0.035 0.031 0.026 
 53 OmyAC19ROGR    (1)    1 :  0.031 0.632 0.026 0.084 0.071 0.156 
 54 OmyAC19ROGR    (0)    1 :  0.071 0.451 0.046 0.158 0.139 0.135 
 55 OmyAC19ROGR    (3)    1 :  0.132 0.045 0.048 0.304 0.139 0.331 
 56 OmyAC19ROGR    (0)    1 :  0.114 0.629 0.057 0.076 0.079 0.045 
 57 OmyAC19ROGR    (0)    1 :  0.059 0.608 0.015 0.134 0.095 0.089 
 58 OmyAC19ROGR    (0)    1 :  0.053 0.039 0.675 0.080 0.100 0.053 
 59 OmyAC19ROGR    (0)    1 :  0.075 0.371 0.010 0.122 0.164 0.257 
 60 OmyAC19ROGR    (1)    1 :  0.380 0.084 0.083 0.126 0.250 0.077 
 61 OmyAC19ROGR    (0)    1 :  0.055 0.269 0.032 0.162 0.179 0.302 
 62 OmyAC19ROGR    (0)    1 :  0.052 0.045 0.022 0.347 0.235 0.299 
 63 OmyAC19ROGR    (0)    1 :  0.054 0.421 0.229 0.097 0.129 0.070 
 64 OmyAC19ROGR    (2)    1 :  0.195 0.091 0.070 0.114 0.198 0.333 
 65 OmyAC19ROGR    (0)    1 :  0.314 0.100 0.040 0.180 0.194 0.173 
 66 OmyAC19ROGR    (3)    1 :  0.355 0.037 0.252 0.137 0.103 0.116 
 67 OmyAC19ROGR    (0)    1 :  0.133 0.482 0.020 0.102 0.192 0.072 
 68 OmyAC19ROGR    (1)    1 :  0.036 0.263 0.041 0.331 0.187 0.143 
 69 OmyAC19ROGR    (2)    1 :  0.074 0.499 0.180 0.103 0.086 0.058 
 70 OmyAC19ROGR    (0)    1 :  0.112 0.196 0.022 0.330 0.164 0.177 
 71 OmyAC19ROGR    (0)    1 :  0.228 0.111 0.028 0.233 0.235 0.166 
 72 OmyAC19ROGR    (4)    1 :  0.128 0.097 0.021 0.147 0.311 0.296 
 73 OmyAC19ROGR    (0)    1 :  0.037 0.133 0.133 0.334 0.155 0.208 
 74 OmyAC19ROGR    (0)    1 :  0.205 0.030 0.020 0.066 0.294 0.384 
 75 OmyAC19ROGR    (0)    1 :  0.255 0.240 0.102 0.176 0.133 0.095 
 76 OmyAC19ROGR    (0)    1 :  0.043 0.612 0.041 0.137 0.112 0.055 
 77 OmyAC19ROGR    (1)    1 :  0.019 0.016 0.918 0.016 0.012 0.019 
 78 OmyAC19ROGR    (0)    1 :  0.112 0.056 0.032 0.410 0.197 0.194 
 79 OmyAC19ROGR    (2)    1 :  0.053 0.087 0.035 0.310 0.306 0.208 
 80 OmyAC19ROGR    (1)    1 :  0.075 0.093 0.703 0.048 0.042 0.039 
 81 OmyAC19ROGR    (2)    1 :  0.080 0.056 0.396 0.109 0.196 0.163 
 82 OmyAC19ROGR    (1)    1 :  0.069 0.646 0.012 0.110 0.084 0.079 
 83 OmyAC19ROGR    (0)    1 :  0.180 0.290 0.042 0.202 0.127 0.159 
 84 OmyAC19ROGR    (0)    1 :  0.104 0.055 0.091 0.327 0.194 0.229 
 85 OmyAC19ROGR    (5)    1 :  0.220 0.151 0.024 0.318 0.203 0.084 
 86 OmyAC19ROGR    (0)    1 :  0.488 0.023 0.075 0.126 0.122 0.166 
 87 OmyAC19ROGR    (1)    1 :  0.104 0.257 0.024 0.324 0.170 0.121 
 88 OmyJC19ROGR    (0)    2 :  0.030 0.025 0.828 0.060 0.028 0.028 
 89 OmyJC19ROGR    (0)    2 :  0.105 0.056 0.044 0.545 0.123 0.127 
 90 OmyJC19ROGR    (0)    2 :  0.022 0.017 0.903 0.019 0.020 0.020 
 91 OmyJC19ROGR    (1)    2 :  0.201 0.405 0.012 0.160 0.129 0.093 
 92 OmyJC19ROGR    (0)    2 :  0.101 0.610 0.044 0.104 0.084 0.057 
 93 OmyJC19ROGR    (0)    2 :  0.038 0.754 0.014 0.064 0.088 0.043 
 94 OmyJC19ROGR    (0)    2 :  0.105 0.023 0.109 0.171 0.314 0.278 
 95 OmyJC19ROGR    (0)    2 :  0.055 0.020 0.074 0.440 0.197 0.213 
 96 OmyJC19ROGR    (0)    2 :  0.577 0.043 0.051 0.101 0.102 0.126 
 97 OmyJC19ROGR    (0)    2 :  0.022 0.714 0.133 0.050 0.053 0.029 
 98 OmyJC19ROGR    (0)    2 :  0.162 0.108 0.021 0.150 0.337 0.222 
 99 OmyJC19ROGR    (0)    2 :  0.149 0.425 0.060 0.070 0.147 0.150 
100 OmyJC19ROGR    (1)    2 :  0.107 0.041 0.028 0.575 0.184 0.066 
101 OmyJC19ROGR    (0)    2 :  0.049 0.143 0.470 0.156 0.116 0.066 
102 OmyJC19ROGR    (0)    2 :  0.292 0.045 0.065 0.214 0.219 0.166 
103 OmyJC19ROGR    (0)    2 :  0.077 0.083 0.110 0.424 0.194 0.113 
104 OmyJC19ROGR    (0)    2 :  0.047 0.364 0.024 0.306 0.134 0.126 
105 OmyJC19ROGR    (0)    2 :  0.049 0.458 0.117 0.024 0.137 0.215 
106 OmyJC19ROGR    (0)    2 :  0.011 0.028 0.923 0.017 0.010 0.012 
107 OmyJC19ROGR    (1)    2 :  0.523 0.113 0.068 0.042 0.189 0.065 
108 OmyJC19ROGR    (0)    2 :  0.172 0.161 0.052 0.102 0.266 0.246 
109 OmyJC19ROGR    (0)    2 :  0.518 0.023 0.150 0.115 0.120 0.075 
110 OmyJC19ROGR    (0)    2 :  0.039 0.471 0.230 0.087 0.116 0.056 
111 OmyJC19ROGR    (1)    2 :  0.081 0.453 0.078 0.154 0.143 0.090 
112 OmyJC19ROGR    (2)    2 :  0.157 0.045 0.088 0.138 0.326 0.245 
113 OmyJC19ROGR    (0)    2 :  0.113 0.044 0.591 0.084 0.073 0.096 
114 OmyJC19ROGR    (3)    2 :  0.085 0.049 0.028 0.564 0.148 0.125 
115 OmyJC19ROGR    (1)    2 :  0.021 0.248 0.045 0.094 0.203 0.390 
116 OmyJC19ROGR    (0)    2 :  0.071 0.040 0.049 0.585 0.151 0.105 
117 OmyJC19ROGR    (0)    2 :  0.122 0.031 0.107 0.225 0.354 0.160 
118 OmyJC19ROGR    (0)    2 :  0.079 0.088 0.016 0.461 0.171 0.184 
119 OmyJC19ROGR    (2)    2 :  0.354 0.037 0.037 0.157 0.212 0.202 
120 OmyJC19ROGR    (0)    2 :  0.026 0.849 0.012 0.049 0.035 0.028 
121 OmyJC19ROGR    (0)    2 :  0.173 0.028 0.033 0.330 0.139 0.296 
122 OmyJC19ROGR    (0)    2 :  0.141 0.122 0.044 0.315 0.247 0.131 
123 OmyJC19ROGR    (0)    2 :  0.503 0.115 0.016 0.160 0.107 0.099 
124 OmyJC19ROGR    (0)    2 :  0.076 0.038 0.098 0.113 0.254 0.421 
125 OmyJC19ROGR    (0)    2 :  0.033 0.245 0.088 0.235 0.147 0.253 
126 OmyJC19ROGR    (1)    2 :  0.052 0.034 0.666 0.039 0.113 0.096 
127 OmyJC19ROGR    (0)    2 :  0.834 0.032 0.026 0.028 0.034 0.046 
128 OmyJC19ROGR    (1)    2 :  0.103 0.504 0.029 0.182 0.122 0.061 
129 OmyJC19ROGR    (0)    2 :  0.055 0.096 0.216 0.381 0.179 0.073 
130 OmyJC19ROGR    (2)    2 :  0.058 0.021 0.041 0.230 0.261 0.388 
131 OmyJC19ROGR    (0)    2 :  0.069 0.098 0.049 0.367 0.203 0.214 
132 OmyJC19ROGR    (1)    2 :  0.109 0.506 0.028 0.135 0.107 0.114 
133 OmyJC19ROGR    (0)    2 :  0.083 0.062 0.018 0.347 0.338 0.151 
134 OmyJC19ROGR    (0)    2 :  0.282 0.084 0.054 0.226 0.147 0.206 
135 OmyJC19ROGR    (1)    2 :  0.021 0.863 0.019 0.029 0.042 0.026 
136 OmyJC19ROGR    (3)    2 :  0.147 0.127 0.028 0.395 0.194 0.109 
137 OmyJC19ROGR    (0)    2 :  0.548 0.033 0.123 0.056 0.095 0.146 
138 OmyJC19ROGR    (0)    2 :  0.060 0.021 0.683 0.092 0.081 0.063 
139 OmyJC19ROGR    (2)    2 :  0.079 0.043 0.016 0.372 0.196 0.294 
140 OmyJC19ROGR    (2)    2 :  0.360 0.058 0.076 0.225 0.157 0.124 
141 OmyJC19ROGR    (0)    2 :  0.216 0.116 0.248 0.210 0.115 0.095 
142 OmyJC19ROGR    (0)    2 :  0.151 0.177 0.248 0.119 0.149 0.156 
143 OmyJC19ROGR    (0)    2 :  0.035 0.669 0.037 0.076 0.097 0.086 
144 OmyJC19ROGR    (0)    2 :  0.103 0.045 0.012 0.538 0.154 0.148 
145 OmyJC19ROGR    (0)    2 :  0.178 0.039 0.023 0.144 0.413 0.204 
146 OmyJC19ROGR    (1)    2 :  0.036 0.493 0.056 0.190 0.129 0.095 
147 OmyJC19ROGR    (0)    2 :  0.500 0.120 0.040 0.085 0.184 0.072 
148 OmyJC19ROGR    (0)    2 :  0.310 0.127 0.021 0.047 0.175 0.320 
149 OmyJC19ROGR    (1)    2 :  0.077 0.389 0.051 0.181 0.185 0.117 
150 OmyJC19ROGR    (1)    2 :  0.190 0.377 0.041 0.155 0.123 0.115 
151 OmyJC19ROGR    (0)    2 :  0.193 0.085 0.074 0.422 0.125 0.100 
152 OmyJC19ROGR    (0)    2 :  0.294 0.099 0.035 0.044 0.325 0.203 
153 OmyJC19ROGR    (0)    2 :  0.030 0.863 0.024 0.020 0.022 0.042 
154 OmyJC19ROGR    (1)    2 :  0.190 0.030 0.032 0.163 0.254 0.331 
155 OmyJC19ROGR    (0)    2 :  0.100 0.180 0.059 0.273 0.219 0.170 
156 OmyJC19ROGR    (1)    2 :  0.254 0.168 0.082 0.110 0.127 0.258 
157 OmyJC19ROGR    (0)    2 :  0.081 0.157 0.051 0.208 0.308 0.195 
158 OmyJC19ROGR    (0)    2 :  0.152 0.140 0.014 0.239 0.326 0.129 
159 OmyJC19ROGR    (0)    2 :  0.352 0.022 0.027 0.147 0.248 0.203 
160 OmyJC19ROGR    (0)    2 :  0.276 0.205 0.042 0.037 0.098 0.342 
161 OmyJC19ROGR    (0)    2 :  0.144 0.198 0.019 0.122 0.181 0.338 
162 OmyJC19ROGR    (0)    2 :  0.472 0.141 0.044 0.078 0.148 0.117 
163 OmyJC19ROGR    (0)    2 :  0.088 0.483 0.030 0.111 0.119 0.169 
164 OmyJC19ROGR    (0)    2 :  0.249 0.071 0.016 0.193 0.293 0.178 
165 OmyJC19ROGR    (0)    2 :  0.120 0.147 0.015 0.116 0.384 0.218 
166 OmyJC19ROGR    (0)    2 :  0.154 0.060 0.040 0.170 0.162 0.414 
167 OmyJC19ROGR    (1)    2 :  0.100 0.273 0.058 0.242 0.135 0.191 
168 OmyJC19ROGR    (0)    2 :  0.103 0.057 0.041 0.556 0.190 0.052 
169 OmyJC19ROGR    (0)    2 :  0.030 0.012 0.913 0.016 0.012 0.017 
170 OmyJC19ROGR    (0)    2 :  0.057 0.614 0.050 0.087 0.099 0.093 
171 OmyJC19ROGR    (0)    2 :  0.224 0.072 0.019 0.166 0.285 0.235 
172 OmyJC19ROGR    (0)    2 :  0.072 0.328 0.286 0.156 0.086 0.072 
173 OmyJC19ROGR    (0)    2 :  0.029 0.031 0.865 0.022 0.031 0.022 
174 OmyJC19ROGR    (0)    2 :  0.066 0.106 0.021 0.195 0.284 0.328 
175 OmyJC19ROGR    (0)    2 :  0.121 0.036 0.018 0.348 0.342 0.135 
176 OmyJC19ROGR    (0)    2 :  0.073 0.469 0.064 0.160 0.184 0.050 
177 OmyJC19ROGR    (0)    2 :  0.026 0.817 0.012 0.023 0.058 0.064 
178 OmyJC19ROGR    (0)    2 :  0.676 0.016 0.033 0.060 0.110 0.105 
179 OmyJC19ROGR    (0)    2 :  0.117 0.348 0.017 0.159 0.176 0.183 
180 OmyJC19ROGR    (0)    2 :  0.020 0.038 0.842 0.041 0.028 0.030 
181 OmyJC19ROGR    (0)    2 :  0.119 0.054 0.033 0.108 0.203 0.483 
182 OmyJC19ROGR    (0)    2 :  0.181 0.079 0.109 0.304 0.197 0.130 
183 OmyJC19ROGR    (0)    2 :  0.281 0.066 0.024 0.109 0.299 0.222 
184 OmyJC19ROGR    (0)    2 :  0.066 0.091 0.577 0.098 0.107 0.062 
185 OmyJC19ROGR    (1)    2 :  0.025 0.023 0.008 0.782 0.141 0.021 
186 OmyJC19ROGR    (0)    2 :  0.039 0.465 0.085 0.166 0.169 0.077 
187 OmyJC19ROGR    (0)    2 :  0.061 0.029 0.015 0.033 0.346 0.516 
188 OmyJC19ROGR    (0)    2 :  0.121 0.126 0.035 0.184 0.334 0.200 
189 OmyJC19ROGR    (0)    2 :  0.079 0.241 0.139 0.208 0.201 0.132 
190 OmyJC19ROGR    (0)    2 :  0.040 0.699 0.032 0.088 0.070 0.071 
191 OmyJC19ROGR    (0)    2 :  0.039 0.294 0.026 0.087 0.163 0.392 
192 OmyJC19ROGR    (0)    2 :  0.724 0.029 0.027 0.109 0.073 0.039 
193 OmyJC19ROGR    (1)    2 :  0.206 0.105 0.089 0.178 0.193 0.228 
194 OmyJC19ROGR    (0)    2 :  0.827 0.043 0.011 0.046 0.044 0.029 
195 OmyJC19ROGR    (0)    2 :  0.044 0.016 0.789 0.037 0.045 0.069 
196 OmyJC19ROGR    (0)    2 :  0.043 0.015 0.021 0.110 0.169 0.643 
197 OmyJC19ROGR    (0)    2 :  0.100 0.333 0.035 0.127 0.158 0.248 
198 OmyJC19ROGR    (0)    2 :  0.085 0.055 0.706 0.059 0.062 0.032 
199 OmyJC19ROGR    (0)    2 :  0.113 0.054 0.018 0.511 0.182 0.121 
200 OmyJC19ROGR    (0)    2 :  0.058 0.565 0.046 0.180 0.094 0.057 
201 OmyJC19ROGR    (0)    2 :  0.240 0.046 0.021 0.087 0.191 0.414 
202 OmyJC19ROGR    (0)    2 :  0.055 0.827 0.010 0.030 0.028 0.050 
203 OmyJC19ROGR    (0)    2 :  0.124 0.059 0.033 0.086 0.299 0.399 
204 OmyJC19ROGR    (0)    2 :  0.160 0.126 0.028 0.091 0.253 0.342 
205 OmyJC19ROGR    (0)    2 :  0.098 0.052 0.074 0.085 0.294 0.396 
206 OmyJC19ROGR    (0)    2 :  0.036 0.018 0.833 0.044 0.042 0.027 
207 OmyJC19ROGR    (0)    2 :  0.183 0.084 0.201 0.207 0.142 0.183 
208 OmyJC19ROGR    (0)    2 :  0.512 0.041 0.025 0.106 0.168 0.147 
209 OmyJC19ROGR    (0)    2 :  0.043 0.154 0.446 0.211 0.092 0.054 
210 OmyJC19ROGR    (0)    2 :  0.026 0.014 0.888 0.022 0.023 0.027 
211 OmyJC19ROGR    (0)    2 :  0.062 0.049 0.094 0.607 0.143 0.044 
212 OmyJC19ROGR    (1)    2 :  0.097 0.332 0.144 0.081 0.150 0.197 
213 OmyJC19ROGR    (1)    2 :  0.075 0.051 0.025 0.291 0.212 0.346 
214 OmyJC19ROGR    (0)    2 :  0.185 0.043 0.029 0.043 0.291 0.409 
215 OmyJC19ROGR    (0)    2 :  0.696 0.050 0.017 0.110 0.062 0.065 
216 OmyJC19ROGR    (0)    2 :  0.051 0.022 0.767 0.047 0.044 0.068 
217 OmyJC19ROGR    (0)    2 :  0.194 0.063 0.333 0.114 0.168 0.127 
218 OmyJC19ROGR    (0)    2 :  0.086 0.376 0.024 0.070 0.286 0.157 
219 OmyJC19ROGR    (0)    2 :  0.492 0.027 0.063 0.102 0.110 0.206 
220 OmyJC19ROGR    (0)    2 :  0.291 0.144 0.011 0.216 0.228 0.110 
221 OmyJC19ROGR    (0)    2 :  0.069 0.048 0.180 0.187 0.363 0.153 
222 OmyJC19ROGR    (0)    2 :  0.083 0.159 0.029 0.108 0.125 0.496 
223 OmyJC19ROGR    (0)    2 :  0.256 0.064 0.044 0.124 0.207 0.306 
224 OmyJC19ROGR    (0)    2 :  0.688 0.044 0.023 0.068 0.104 0.073 
225 OmyJC19ROGR    (0)    2 :  0.012 0.014 0.922 0.014 0.016 0.022 
226 OmyJC19ROGR    (0)    2 :  0.095 0.028 0.136 0.441 0.187 0.113 
227 OmyJC19ROGR    (1)    2 :  0.017 0.029 0.883 0.023 0.020 0.027 
228 OmyJC19ROGR    (0)    2 :  0.381 0.033 0.029 0.125 0.151 0.281 
229 OmyJC19ROGR    (1)    2 :  0.042 0.095 0.017 0.094 0.535 0.217 
230 OmyJC19ROGR    (0)    2 :  0.054 0.092 0.123 0.061 0.425 0.245 
231 OmyJC19ROGR    (0)    2 :  0.241 0.040 0.059 0.179 0.225 0.255 
232 OmyJC19ROGR    (1)    2 :  0.144 0.085 0.027 0.528 0.135 0.081 
233 OmyJC19ROGR    (0)    2 :  0.173 0.084 0.108 0.108 0.396 0.131 
234 OmyJC19ROGR    (0)    2 :  0.016 0.028 0.885 0.028 0.029 0.015 
235 OmyJC19ROGR    (0)    2 :  0.115 0.097 0.619 0.063 0.064 0.044 
236 OmyJC19ROGR    (1)    2 :  0.630 0.121 0.018 0.049 0.116 0.065 
237 OmyJC19ROGR    (0)    2 :  0.358 0.124 0.039 0.110 0.201 0.167 
238 OmyJC19ROGR    (0)    2 :  0.349 0.039 0.069 0.058 0.260 0.225 
239 OmyJC19ROGR    (0)    2 :  0.182 0.057 0.041 0.384 0.228 0.109 
240 OmyJC19ROGR    (0)    2 :  0.121 0.070 0.032 0.389 0.267 0.121 
241 OmyJC19ROGR    (0)    2 :  0.075 0.292 0.062 0.168 0.125 0.277 
242 OmyJC19ROGR    (0)    2 :  0.605 0.135 0.014 0.077 0.084 0.085 
243 OmyJC19ROGR    (0)    2 :  0.149 0.262 0.040 0.146 0.131 0.272 
244 OmyJC19ROGR    (0)    2 :  0.084 0.265 0.051 0.088 0.238 0.273 
245 OmyJC19ROGR    (0)    2 :  0.016 0.016 0.901 0.024 0.022 0.020 
246 OmyJC19ROGR    (0)    2 :  0.068 0.463 0.141 0.085 0.122 0.122 
247 OmyJC19ROGR    (0)    2 :  0.097 0.084 0.560 0.043 0.145 0.071 
248 OmyJC19ROGR    (0)    2 :  0.051 0.034 0.470 0.258 0.122 0.066 
249 OmyJC19ROGR    (0)    2 :  0.160 0.039 0.041 0.111 0.366 0.283 
250 OmyJC19ROGR    (0)    2 :  0.233 0.097 0.075 0.203 0.270 0.122 
251 OmyJC19ROGR    (0)    2 :  0.077 0.062 0.030 0.141 0.295 0.395 
252 OmyJC19ROGR    (0)    2 :  0.029 0.759 0.029 0.051 0.069 0.063 
253 OmyJC19ROGR    (0)    2 :  0.148 0.042 0.067 0.444 0.191 0.108 
254 OmyJC19ROGR    (0)    2 :  0.084 0.318 0.044 0.150 0.177 0.227 
255 OmyJC19ROGR    (0)    2 :  0.046 0.343 0.021 0.215 0.199 0.176 
256 OmyJC19ROGR    (0)    2 :  0.085 0.237 0.265 0.079 0.107 0.227 
257 OmyJC19ROGR    (0)    2 :  0.062 0.038 0.054 0.068 0.410 0.369 
258 OmyAC19ROGR    (0)    1 :  0.291 0.101 0.118 0.271 0.097 0.122 
259 OmyAC19ROGR    (1)    1 :  0.167 0.056 0.315 0.193 0.119 0.149 
260 OmyAC19ROGR    (0)    1 :  0.659 0.059 0.022 0.102 0.076 0.082 
261 OmyAC19ROGR    (0)    1 :  0.082 0.029 0.038 0.297 0.426 0.128 
262 OmyAC19ROGR    (0)    1 :  0.099 0.089 0.056 0.349 0.247 0.160 
263 OmyAC19ROGR    (0)    1 :  0.107 0.367 0.045 0.074 0.182 0.226 
264 OmyAC19ROGR    (0)    1 :  0.072 0.052 0.033 0.125 0.251 0.467 
265 OmyAC19ROGR    (0)    1 :  0.095 0.124 0.035 0.116 0.377 0.253 
266 OmyAC19ROGR    (0)    1 :  0.056 0.039 0.015 0.127 0.403 0.359 
267 OmyAC19ROGR    (0)    1 :  0.123 0.051 0.105 0.355 0.240 0.126 
268 OmyAC19ROGR    (1)    1 :  0.094 0.327 0.128 0.190 0.146 0.115 
269 OmyAC19ROGR    (1)    1 :  0.242 0.040 0.117 0.276 0.196 0.130 
270 OmyAC19ROGR    (0)    1 :  0.044 0.200 0.020 0.188 0.298 0.251 
271 OmyAC19ROGR    (0)    1 :  0.257 0.058 0.210 0.249 0.175 0.051 
272 OmyAC19ROGR    (0)    1 :  0.074 0.027 0.119 0.073 0.127 0.580 
273 OmyAC19ROGR    (0)    1 :  0.283 0.083 0.029 0.193 0.182 0.231 
274 OmyAC19ROGR    (0)    1 :  0.034 0.027 0.737 0.101 0.057 0.044 
275 OmyAC19ROGR    (0)    1 :  0.223 0.227 0.078 0.248 0.146 0.078 
276 OmyAC19ROGR    (0)    1 :  0.220 0.050 0.039 0.196 0.114 0.381 
277 OmyAC19ROGR    (0)    1 :  0.235 0.030 0.060 0.314 0.160 0.201 
278 OmyAC19ROGR    (0)    1 :  0.200 0.047 0.269 0.073 0.222 0.189 
279 OmyAC19ROGR    (0)    1 :  0.662 0.031 0.104 0.075 0.071 0.057 
280 OmyAC19ROGR    (0)    1 :  0.052 0.271 0.083 0.307 0.197 0.091 
281 OmyAC19ROGR    (0)    1 :  0.211 0.062 0.033 0.432 0.178 0.084 
282 OmyAC19ROGR    (0)    1 :  0.063 0.065 0.130 0.376 0.242 0.124 
283 OmyAC19ROGR    (0)    1 :  0.230 0.065 0.032 0.183 0.197 0.293 
284 OmyAC19ROGR    (0)    1 :  0.088 0.104 0.016 0.087 0.165 0.539 
285 OmyAC19ROGR    (0)    1 :  0.169 0.233 0.037 0.131 0.186 0.244 
286 OmyAC19ROGR    (0)    1 :  0.246 0.216 0.018 0.099 0.129 0.293 
287 OmyAC19ROGR    (0)    1 :  0.008 0.007 0.948 0.015 0.014 0.009 
288 OmyAC19ROGR    (0)    1 :  0.056 0.041 0.755 0.044 0.066 0.038 
289 OmyAC19ROGR    (0)    1 :  0.495 0.059 0.097 0.148 0.115 0.086 
290 OmyAC19ROGR    (1)    1 :  0.012 0.014 0.925 0.019 0.016 0.013 
291 OmyAC19ROGR    (0)    1 :  0.096 0.092 0.391 0.117 0.119 0.185 
292 OmyAC19ROGR    (1)    1 :  0.202 0.049 0.154 0.294 0.118 0.182 
293 OmyAC19ROGR    (0)    1 :  0.118 0.588 0.021 0.108 0.102 0.063 
294 OmyAC19ROGR    (0)    1 :  0.336 0.040 0.285 0.081 0.179 0.080 
295 OmyAC19ROGR    (0)    1 :  0.206 0.086 0.018 0.126 0.198 0.366 
296 OmyAC19ROGR    (0)    1 :  0.304 0.113 0.027 0.159 0.117 0.281 
297 OmyAC19ROGR    (0)    1 :  0.055 0.022 0.728 0.075 0.074 0.046 
298 OmyAC19ROGR    (0)    1 :  0.689 0.034 0.018 0.047 0.096 0.117 
299 OmyAC19ROGR    (0)    1 :  0.182 0.239 0.203 0.098 0.204 0.073 
300 OmyAC19ROGR    (0)    1 :  0.280 0.093 0.025 0.310 0.168 0.124 
301 OmyAC19ROGR    (0)    1 :  0.021 0.013 0.891 0.019 0.030 0.026 
302 OmyAC19ROGR    (0)    1 :  0.292 0.038 0.459 0.049 0.048 0.114 
303 OmyAC19ROGR    (0)    1 :  0.359 0.042 0.082 0.240 0.139 0.138 
304 OmyAC19ROGR    (0)    1 :  0.673 0.063 0.074 0.089 0.047 0.055 
305 OmyAC19ROGR    (0)    1 :  0.531 0.061 0.021 0.132 0.163 0.091 
306 OmyAC19ROGR    (0)    1 :  0.050 0.018 0.641 0.090 0.087 0.115 
307 OmyAC19ROGR    (1)    1 :  0.160 0.170 0.019 0.336 0.208 0.107 
308 OmyAC19ROGR    (0)    1 :  0.105 0.036 0.058 0.217 0.346 0.239 
309 OmyAC19ROGR    (1)    1 :  0.027 0.020 0.860 0.038 0.021 0.034 
310 OmyAC19ROGR    (0)    1 :  0.085 0.050 0.330 0.281 0.105 0.149 
311 OmyAC19ROGR    (0)    1 :  0.183 0.030 0.423 0.089 0.103 0.172 
312 OmyAC19ROGR    (0)    1 :  0.142 0.429 0.029 0.146 0.183 0.070 
313 OmyAC19ROGR    (0)    1 :  0.210 0.068 0.011 0.104 0.236 0.371 
314 OmyAC19ROGR    (0)    1 :  0.058 0.460 0.029 0.111 0.179 0.163 
315 OmyAC19ROGR    (0)    1 :  0.227 0.086 0.050 0.151 0.260 0.226 
316 OmyAC19ROGR    (0)    1 :  0.079 0.046 0.022 0.149 0.486 0.218 
317 OmyAC19ROGR    (0)    1 :  0.107 0.342 0.030 0.413 0.069 0.038 
318 OmyAC19ROGR    (0)    1 :  0.058 0.329 0.018 0.159 0.166 0.270 
319 OmyAC19ROGR    (1)    1 :  0.344 0.100 0.014 0.114 0.164 0.264 
320 OmyAC19ROGR    (0)    1 :  0.335 0.046 0.009 0.033 0.287 0.289 
321 OmyAC19ROGR    (0)    1 :  0.331 0.055 0.025 0.200 0.192 0.198 
322 OmyAC19ROGR    (0)    1 :  0.064 0.037 0.425 0.224 0.119 0.131 
323 OmyAC19ROGR    (0)    1 :  0.347 0.024 0.024 0.077 0.146 0.382 
324 OmyAC19ROGR    (0)    1 :  0.042 0.061 0.020 0.067 0.123 0.687 
325 OmyAC19ROGR    (0)    1 :  0.043 0.025 0.209 0.401 0.224 0.099 
326 OmyAC19ROGR    (0)    1 :  0.092 0.033 0.034 0.080 0.473 0.288 
327 OmyAC19ROGR    (0)    1 :  0.115 0.082 0.025 0.042 0.118 0.618 
328 OmyAC20ROGR    (1)    1 :  0.416 0.177 0.023 0.109 0.158 0.116 
329 OmyAC20ROGR    (0)    1 :  0.271 0.238 0.054 0.184 0.150 0.102 
330 OmyAC20ROGR    (0)    1 :  0.100 0.140 0.048 0.193 0.245 0.274 
331 OmyAC20ROGR    (0)    1 :  0.077 0.097 0.239 0.077 0.319 0.191 
332 OmyAC20ROGR    (0)    1 :  0.076 0.170 0.186 0.174 0.152 0.243 
333 OmyAC20ROGR    (0)    1 :  0.051 0.272 0.275 0.060 0.196 0.146 
334 OmyAC20ROGR    (0)    1 :  0.060 0.288 0.015 0.341 0.108 0.188 
335 OmyAC20ROGR    (0)    1 :  0.167 0.142 0.029 0.155 0.252 0.255 
336 OmyAC20ROGR    (0)    1 :  0.134 0.055 0.067 0.483 0.166 0.095 
337 OmyAC20ROGR    (0)    1 :  0.171 0.059 0.415 0.103 0.134 0.117 
338 OmyAC20ROGR    (0)    1 :  0.058 0.204 0.117 0.227 0.176 0.219 
339 OmyAC20ROGR    (0)    1 :  0.293 0.074 0.084 0.130 0.200 0.218 
340 OmyAC20ROGR    (0)    1 :  0.048 0.715 0.028 0.068 0.067 0.073 
341 OmyAC20ROGR    (0)    1 :  0.044 0.586 0.054 0.102 0.112 0.102 
342 OmyAC20ROGR    (0)    1 :  0.136 0.225 0.116 0.100 0.228 0.196 
343 OmyAC20ROGR    (0)    1 :  0.059 0.178 0.036 0.210 0.257 0.261 
344 OmyAC20ROGR    (0)    1 :  0.050 0.188 0.110 0.108 0.127 0.417 
345 OmyAC20ROGR    (1)    1 :  0.072 0.030 0.076 0.413 0.289 0.119 
346 OmyAC20ROGR    (0)    1 :  0.057 0.087 0.157 0.124 0.346 0.229 
347 OmyAC20ROGR    (0)    1 :  0.066 0.056 0.186 0.188 0.372 0.132 
348 OmyAC20ROGR    (0)    1 :  0.033 0.573 0.138 0.044 0.126 0.086 
349 OmyAC20ROGR    (0)    1 :  0.038 0.213 0.035 0.154 0.211 0.349 
350 OmyAC20ROGR    (0)    1 :  0.437 0.032 0.052 0.135 0.261 0.084 
351 OmyAC20ROGR    (0)    1 :  0.057 0.157 0.067 0.209 0.186 0.323 
352 OmyAC20ROGR    (0)    1 :  0.428 0.070 0.044 0.111 0.186 0.162 
353 OmyAC20ROGR    (0)    1 :  0.049 0.071 0.023 0.195 0.352 0.311 
354 OmyAC20ROGR    (0)    1 :  0.059 0.222 0.194 0.284 0.177 0.064 
355 OmyAC20ROGR    (0)    1 :  0.071 0.173 0.038 0.394 0.276 0.049 
356 OmyAC20ROGR    (0)    1 :  0.213 0.125 0.039 0.185 0.171 0.267 
357 OmyAC20ROGR    (0)    1 :  0.401 0.039 0.072 0.109 0.198 0.180 
358 OmyAC20ROGR    (0)    1 :  0.271 0.064 0.032 0.088 0.242 0.304 
359 OmyAC20ROGR    (0)    1 :  0.682 0.016 0.149 0.061 0.040 0.052 
360 OmyAC20ROGR    (0)    1 :  0.112 0.071 0.158 0.279 0.216 0.164 
361 OmyAC20ROGR    (0)    1 :  0.371 0.034 0.030 0.047 0.191 0.326 
362 OmyAC20ROGR    (0)    1 :  0.218 0.027 0.027 0.312 0.292 0.123 
363 OmyAC20ROGR    (0)    1 :  0.072 0.294 0.103 0.121 0.239 0.170 
364 OmyAC20ROGR    (1)    1 :  0.271 0.396 0.023 0.113 0.127 0.070 
365 OmyAC20ROGR    (0)    1 :  0.098 0.044 0.015 0.132 0.175 0.536 
366 OmyAC20ROGR    (0)    1 :  0.045 0.180 0.020 0.108 0.325 0.322 
367 OmyAC20ROGR    (0)    1 :  0.079 0.045 0.063 0.094 0.240 0.479 
368 OmyAC20ROGR    (1)    1 :  0.360 0.032 0.058 0.190 0.227 0.133 
369 OmyAC20ROGR    (0)    1 :  0.093 0.183 0.272 0.177 0.223 0.051 
370 OmyAC20ROGR    (0)    1 :  0.028 0.043 0.658 0.081 0.078 0.112 
371 OmyAC20ROGR    (0)    1 :  0.040 0.026 0.812 0.044 0.045 0.033 
372 OmyAC20ROGR    (2)    1 :  0.019 0.009 0.907 0.021 0.019 0.025 
373 OmyAC20ROGR    (0)    1 :  0.060 0.044 0.404 0.075 0.243 0.174 
374 OmyAC20ROGR    (0)    1 :  0.208 0.097 0.019 0.150 0.155 0.372 
375 OmyAC20ROGR    (0)    1 :  0.122 0.044 0.047 0.065 0.476 0.245 
376 OmyAC20ROGR    (0)    1 :  0.101 0.046 0.434 0.248 0.114 0.057 
377 OmyAC20ROGR    (0)    1 :  0.065 0.202 0.017 0.111 0.252 0.353 
378 OmyAC20ROGR    (0)    1 :  0.195 0.160 0.019 0.314 0.224 0.087 
379 OmyAC20ROGR    (0)    1 :  0.088 0.085 0.389 0.125 0.226 0.086 
380 OmyAC20ROGR    (1)    1 :  0.052 0.028 0.016 0.156 0.440 0.308 
381 OmyAC20ROGR    (0)    1 :  0.153 0.025 0.054 0.129 0.209 0.431 
382 OmyAC20ROGR    (0)    1 :  0.028 0.011 0.848 0.025 0.046 0.041 
383 OmyAC20ROGR    (0)    1 :  0.077 0.016 0.096 0.302 0.354 0.154 
384 OmyAC20ROGR    (0)    1 :  0.084 0.092 0.261 0.260 0.203 0.100 
385 OmyAC20ROGR    (0)    1 :  0.394 0.023 0.172 0.163 0.089 0.160 
386 OmyAC20ROGR    (0)    1 :  0.057 0.053 0.082 0.135 0.364 0.309 
387 OmyAC20ROGR    (0)    1 :  0.152 0.028 0.333 0.034 0.173 0.280 
388 OmyAC20ROGR    (0)    1 :  0.082 0.180 0.237 0.140 0.148 0.213 
389 OmyAC20ROGR    (0)    1 :  0.650 0.039 0.022 0.056 0.145 0.088 
390 OmyAC20ROGR    (0)    1 :  0.317 0.104 0.016 0.172 0.183 0.208 
391 OmyAC20ROGR    (0)    1 :  0.107 0.193 0.406 0.059 0.145 0.090 
392 OmyAC20ROGR    (0)    1 :  0.100 0.128 0.228 0.214 0.157 0.173 
393 OmyAC20ROGR    (0)    1 :  0.058 0.106 0.042 0.193 0.447 0.154 
394 OmyAC20ROGR    (1)    1 :  0.455 0.042 0.056 0.199 0.152 0.096 
395 OmyAC20ROGR    (0)    1 :  0.056 0.160 0.040 0.395 0.171 0.178 
396 OmyAC20ROGR    (0)    1 :  0.486 0.060 0.027 0.090 0.148 0.189 
397 OmyAC20ROGR    (0)    1 :  0.156 0.039 0.215 0.113 0.169 0.308 
398 OmyAC20ROGR    (0)    1 :  0.040 0.085 0.694 0.059 0.057 0.065 
399 OmyAC20ROGR    (0)    1 :  0.109 0.076 0.184 0.223 0.223 0.185 
400 OmyAC20ROGR    (0)    1 :  0.134 0.069 0.094 0.198 0.215 0.290 
401 OmyAC20ROGR    (1)    1 :  0.034 0.059 0.832 0.032 0.026 0.016 
402 OmyAC20ROGR    (0)    1 :  0.100 0.504 0.018 0.162 0.126 0.090 
403 OmyAC20ROGR    (0)    1 :  0.092 0.168 0.086 0.371 0.235 0.048 
404 OmyAC20ROGR    (0)    1 :  0.096 0.148 0.016 0.306 0.247 0.188 
405 OmyAC20ROGR    (0)    1 :  0.112 0.018 0.288 0.124 0.300 0.158 
406 OmyAC20ROGR    (0)    1 :  0.145 0.154 0.055 0.408 0.166 0.073 
407 OmyAC20ROGR    (0)    1 :  0.178 0.026 0.036 0.179 0.147 0.435 
408 OmyAC20ROGR    (0)    1 :  0.087 0.171 0.059 0.273 0.260 0.150 
409 OmyAC20ROGR    (0)    1 :  0.363 0.026 0.049 0.089 0.154 0.320 
410 OmyAC20ROGR    (0)    1 :  0.042 0.010 0.877 0.022 0.026 0.023 
411 OmyAC20ROGR    (0)    1 :  0.164 0.035 0.565 0.110 0.059 0.068 
412 OmyAC20ROGR    (0)    1 :  0.127 0.389 0.096 0.077 0.169 0.142 
413 OmyAC20ROGR    (0)    1 :  0.398 0.025 0.031 0.048 0.144 0.355 
414 OmyAC20ROGR    (0)    1 :  0.111 0.143 0.306 0.174 0.109 0.156 
415 OmyAC20ROGR    (0)    1 :  0.103 0.086 0.014 0.446 0.205 0.145 
416 OmyAC20ROGR    (0)    1 :  0.124 0.145 0.053 0.233 0.267 0.178 
417 OmyAC20ROGR    (0)    1 :  0.466 0.098 0.020 0.041 0.212 0.163 
418 OmyAC20ROGR    (0)    1 :  0.120 0.046 0.105 0.144 0.159 0.424 
419 OmyAC20ROGR    (0)    1 :  0.184 0.028 0.395 0.045 0.133 0.215 
420 OmyAC20ROGR    (0)    1 :  0.171 0.130 0.024 0.186 0.234 0.256 
421 OmyAC20ROGR    (0)    1 :  0.125 0.170 0.086 0.158 0.309 0.153 
422 OmyAC20ROGR    (0)    1 :  0.024 0.021 0.870 0.031 0.023 0.031 
423 OmyAC20ROGR    (0)    1 :  0.115 0.021 0.024 0.075 0.279 0.486 
424 OmyAC20ROGR    (0)    1 :  0.190 0.036 0.017 0.520 0.159 0.078 
425 OmyAC20ROGR    (0)    1 :  0.014 0.064 0.854 0.026 0.025 0.017 
426 OmyAC20ROGR    (0)    1 :  0.110 0.031 0.057 0.269 0.345 0.188 
427 OmyAC20ROGR    (0)    1 :  0.127 0.051 0.146 0.218 0.110 0.350 
428 OmyAC20ROGR    (0)    1 :  0.018 0.019 0.911 0.020 0.014 0.019 
429 OmyAC20ROGR    (0)    1 :  0.630 0.062 0.019 0.062 0.118 0.109 
430 OmyAC20ROGR    (0)    1 :  0.278 0.022 0.063 0.382 0.132 0.124 
431 OmyAC20ROGR    (0)    1 :  0.058 0.079 0.421 0.227 0.132 0.082 
432 OmyAC20ROGR    (0)    1 :  0.028 0.031 0.843 0.030 0.034 0.034 
433 OmyAC20ROGR    (0)    1 :  0.026 0.023 0.890 0.023 0.022 0.016 
434 OmyAC20ROGR    (0)    1 :  0.265 0.023 0.173 0.337 0.155 0.047 
435 OmyAC20ROGR    (0)    1 :  0.018 0.046 0.013 0.301 0.312 0.311 
436 OmyAC20ROGR    (0)    1 :  0.100 0.016 0.027 0.098 0.448 0.312 
437 OmyAC20ROGR    (0)    1 :  0.132 0.036 0.613 0.061 0.106 0.052 
438 OmyAC20ROGR    (0)    1 :  0.101 0.039 0.222 0.439 0.151 0.048 
439 OmyAC20ROGR    (0)    1 :  0.259 0.051 0.038 0.204 0.233 0.214 
440 OmyAC20ROGR    (0)    1 :  0.039 0.053 0.746 0.032 0.054 0.075 
441 OmyAC20ROGR    (0)    1 :  0.242 0.067 0.016 0.113 0.170 0.392 
442 OmyAC20ROGR    (0)    1 :  0.140 0.043 0.035 0.345 0.244 0.193 
443 OmyAC20ROGR    (0)    1 :  0.076 0.439 0.012 0.219 0.179 0.074 
444 OmyAC20ROGR    (0)    1 :  0.232 0.030 0.072 0.075 0.401 0.190 
445 OmyAC20ROGR    (0)    1 :  0.375 0.033 0.073 0.193 0.181 0.145 
446 OmyJC18ROGR    (0)    2 :  0.099 0.483 0.041 0.078 0.175 0.123 
447 OmyJC18ROGR    (0)    2 :  0.156 0.056 0.029 0.182 0.343 0.233 
448 OmyJC18ROGR    (0)    2 :  0.148 0.021 0.044 0.204 0.286 0.297 
449 OmyJC18ROGR    (0)    2 :  0.085 0.063 0.670 0.062 0.062 0.059 
450 OmyJC18ROGR    (0)    2 :  0.065 0.062 0.638 0.064 0.085 0.087 
451 OmyJC18ROGR    (0)    2 :  0.034 0.019 0.864 0.045 0.022 0.016 
452 OmyJC18ROGR    (0)    2 :  0.031 0.088 0.169 0.138 0.144 0.431 
453 OmyJC18ROGR    (0)    2 :  0.090 0.481 0.017 0.225 0.136 0.051 
454 OmyJC18ROGR    (0)    2 :  0.027 0.023 0.844 0.044 0.036 0.026 
455 OmyJC18ROGR    (0)    2 :  0.575 0.032 0.018 0.133 0.140 0.102 
456 OmyJC18ROGR    (0)    2 :  0.027 0.013 0.861 0.032 0.023 0.043 
457 OmyJC18ROGR    (0)    2 :  0.085 0.030 0.037 0.313 0.276 0.259 
458 OmyJC18ROGR    (0)    2 :  0.096 0.381 0.135 0.131 0.100 0.156 
459 OmyJC18ROGR    (0)    2 :  0.166 0.163 0.014 0.137 0.221 0.300 
460 OmyJC18ROGR    (2)    2 :  0.135 0.052 0.327 0.225 0.077 0.185 
461 OmyJC18ROGR    (1)    2 :  0.054 0.099 0.225 0.262 0.177 0.183 
462 OmyJC18ROGR    (3)    2 :  0.113 0.095 0.313 0.290 0.100 0.088 
463 OmyJC18ROGR    (1)    2 :  0.070 0.059 0.656 0.065 0.082 0.068 
464 OmyJC18ROGR    (3)    2 :  0.058 0.022 0.018 0.109 0.257 0.536 
465 OmyJC18ROGR    (3)    2 :  0.559 0.042 0.039 0.101 0.132 0.126 
466 OmyJC18ROGR    (0)    2 :  0.065 0.043 0.076 0.588 0.125 0.102 
467 OmyJC18ROGR    (1)    2 :  0.336 0.053 0.025 0.240 0.206 0.141 
468 OmyJC18ROGR    (0)    2 :  0.625 0.024 0.027 0.075 0.200 0.049 
469 OmyJC18ROGR    (0)    2 :  0.095 0.029 0.731 0.073 0.044 0.029 
470 OmyJC18ROGR    (3)    2 :  0.196 0.055 0.455 0.100 0.123 0.071 
471 OmyJC18ROGR    (1)    2 :  0.081 0.102 0.198 0.224 0.156 0.239 
472 OmyJC18ROGR    (1)    2 :  0.060 0.034 0.058 0.361 0.170 0.317 
473 OmyJC18ROGR    (2)    2 :  0.055 0.047 0.021 0.265 0.223 0.390 
474 OmyJC18ROGR    (0)    2 :  0.080 0.505 0.031 0.101 0.192 0.091 
475 OmyJC18ROGR    (1)    2 :  0.042 0.188 0.670 0.038 0.029 0.032 
476 OmyJC18ROGR    (2)    2 :  0.143 0.259 0.012 0.153 0.156 0.276 
477 OmyJC18ROGR    (3)    2 :  0.274 0.058 0.066 0.357 0.102 0.143 
478 OmyJC18ROGR    (0)    2 :  0.090 0.295 0.034 0.262 0.208 0.111 
479 OmyJC18ROGR    (0)    2 :  0.092 0.031 0.014 0.057 0.148 0.657 
480 OmyJC18ROGR    (0)    2 :  0.078 0.049 0.106 0.125 0.186 0.456 
481 OmyJC18ROGR    (2)    2 :  0.050 0.139 0.174 0.197 0.198 0.242 
482 OmyJC18ROGR    (3)    2 :  0.469 0.060 0.014 0.166 0.210 0.081 
483 OmyJC18ROGR    (3)    2 :  0.356 0.020 0.028 0.303 0.156 0.138 
484 OmyJC18ROGR    (3)    2 :  0.171 0.085 0.028 0.349 0.204 0.163 
485 OmyJC18ROGR    (2)    2 :  0.046 0.036 0.599 0.044 0.109 0.167 
486 OmyJC18ROGR    (2)    2 :  0.218 0.038 0.394 0.113 0.130 0.107 
487 OmyJC18ROGR    (1)    2 :  0.042 0.131 0.056 0.577 0.138 0.056 
488 OmyJC18ROGR    (3)    2 :  0.048 0.040 0.036 0.612 0.198 0.065 
489 OmyJC18ROGR    (0)    2 :  0.134 0.051 0.020 0.464 0.231 0.100 
490 OmyJC18ROGR    (2)    2 :  0.151 0.065 0.048 0.301 0.153 0.282 
491 OmyJC18ROGR    (4)    2 :  0.072 0.482 0.099 0.087 0.116 0.144 
492 OmyJC18ROGR    (4)    2 :  0.089 0.739 0.015 0.059 0.062 0.036 
493 OmyJC18ROGR    (3)    2 :  0.139 0.037 0.078 0.339 0.291 0.116 
494 OmyJC18ROGR    (3)    2 :  0.029 0.018 0.876 0.026 0.023 0.027 
495 OmyJC18ROGR    (3)    2 :  0.094 0.297 0.138 0.138 0.089 0.243 
496 OmyJC18ROGR    (0)    2 :  0.181 0.191 0.062 0.244 0.212 0.110 
497 OmyJC18ROGR    (5)    2 :  0.151 0.149 0.066 0.142 0.156 0.336 
498 OmyJC18ROGR    (3)    2 :  0.055 0.067 0.122 0.468 0.180 0.109 
499 OmyJC18ROGR    (1)    2 :  0.194 0.107 0.029 0.270 0.205 0.194 
500 OmyJC18ROGR    (1)    2 :  0.261 0.073 0.019 0.238 0.179 0.230 
501 OmyJC18ROGR    (3)    2 :  0.071 0.049 0.399 0.182 0.140 0.158 
502 OmyJC18ROGR    (1)    2 :  0.610 0.027 0.139 0.029 0.076 0.121 
503 OmyJC18ROGR    (4)    2 :  0.353 0.026 0.040 0.144 0.184 0.253 
504 OmyJC18ROGR    (1)    2 :  0.593 0.023 0.205 0.084 0.049 0.046 
505 OmyJC18ROGR    (0)    2 :  0.169 0.226 0.207 0.180 0.094 0.125 
506 OmyJC18ROGR    (6)    2 :  0.088 0.237 0.044 0.335 0.205 0.091 
507 OmyJC18ROGR    (0)    2 :  0.184 0.057 0.103 0.254 0.243 0.158 
508 OmyJC18ROGR    (0)    2 :  0.581 0.058 0.066 0.092 0.118 0.086 
509 OmyJC18ROGR    (2)    2 :  0.023 0.031 0.880 0.023 0.024 0.019 
510 OmyJC18ROGR    (1)    2 :  0.128 0.127 0.017 0.314 0.249 0.166 
511 OmyJC18ROGR    (3)    2 :  0.036 0.646 0.110 0.070 0.078 0.061 
512 OmyJC18ROGR    (2)    2 :  0.073 0.017 0.738 0.051 0.077 0.044 
513 OmyJC18ROGR    (7)    2 :  0.078 0.365 0.139 0.193 0.159 0.065 
514 OmyJC18ROGR    (3)    2 :  0.126 0.176 0.547 0.036 0.042 0.074 
515 OmyJC18ROGR    (0)    2 :  0.127 0.095 0.056 0.249 0.269 0.204 
516 OmyJC18ROGR    (2)    2 :  0.085 0.097 0.182 0.123 0.252 0.261 
517 OmyJC18ROGR    (2)    2 :  0.064 0.243 0.166 0.262 0.156 0.108 
518 OmyJC18ROGR    (0)    2 :  0.247 0.070 0.030 0.165 0.249 0.239 
519 OmyJC18ROGR    (7)    2 :  0.035 0.638 0.044 0.069 0.092 0.121 
520 OmyJC18ROGR    (4)    2 :  0.033 0.193 0.152 0.300 0.166 0.155 
521 OmyJC18ROGR    (1)    2 :  0.072 0.174 0.152 0.349 0.122 0.132 
522 OmyJC18ROGR    (1)    2 :  0.394 0.024 0.076 0.231 0.165 0.110 
523 OmyJC18ROGR    (3)    2 :  0.476 0.066 0.030 0.152 0.188 0.089 
524 OmyJC18ROGR    (1)    2 :  0.524 0.030 0.026 0.169 0.158 0.093 
525 OmyJC18ROGR    (2)    2 :  0.348 0.310 0.122 0.053 0.088 0.079 
526 OmyJC18ROGR    (1)    2 :  0.261 0.257 0.051 0.064 0.118 0.249 
527 OmyJC18ROGR    (0)    2 :  0.103 0.158 0.022 0.333 0.184 0.201 
528 OmyJC18ROGR    (0)    2 :  0.201 0.046 0.023 0.099 0.306 0.326 
529 OmyJC18ROGR    (1)    2 :  0.040 0.045 0.024 0.170 0.179 0.542 
530 OmyJC18ROGR    (0)    2 :  0.734 0.017 0.018 0.052 0.053 0.126 
531 OmyJC18ROGR    (0)    2 :  0.107 0.021 0.025 0.042 0.342 0.462 
532 OmyJC18ROGR    (1)    2 :  0.433 0.055 0.015 0.190 0.154 0.152 
533 OmyJC18ROGR    (2)    2 :  0.056 0.114 0.012 0.350 0.315 0.152 
534 OmyJC18ROGR    (2)    2 :  0.217 0.045 0.041 0.342 0.164 0.191 
535 OmyJC18ROGR    (0)    2 :  0.087 0.203 0.028 0.097 0.096 0.489 
536 OmyJC18ROGR    (0)    2 :  0.027 0.631 0.030 0.081 0.128 0.102 
537 OmyJC18ROGR    (0)    2 :  0.082 0.187 0.021 0.176 0.247 0.288 
538 OmyJC18ROGR    (0)    2 :  0.085 0.020 0.029 0.120 0.392 0.354 
539 OmyJC18ROGR    (1)    2 :  0.567 0.069 0.037 0.079 0.164 0.085 
540 OmyJC18ROGR    (6)    2 :  0.029 0.033 0.024 0.657 0.220 0.037 
541 OmyJC18ROGR    (1)    2 :  0.057 0.090 0.027 0.064 0.328 0.433 
542 OmyJC18ROGR    (1)    2 :  0.054 0.086 0.128 0.094 0.308 0.330 
543 OmyJC18ROGR    (0)    2 :  0.088 0.036 0.148 0.316 0.307 0.105 
544 OmyJC18ROGR    (2)    2 :  0.066 0.136 0.028 0.178 0.352 0.240 
545 OmyJC18ROGR    (1)    2 :  0.303 0.011 0.558 0.056 0.039 0.034 
546 OmyJC18ROGR    (6)    2 :  0.064 0.035 0.013 0.049 0.213 0.626 
547 OmyJC18ROGR    (0)    2 :  0.354 0.021 0.084 0.277 0.154 0.110 
548 OmyJC18ROGR    (1)    2 :  0.059 0.076 0.104 0.410 0.245 0.106 
549 OmyJC18ROGR    (0)    2 :  0.101 0.036 0.027 0.117 0.177 0.543 
550 OmyJC18ROGR    (1)    2 :  0.034 0.033 0.749 0.085 0.060 0.039 
