

----------------------------------------------------
STRUCTURE by Pritchard, Stephens and Donnelly (2000)
     and Falush, Stephens and Pritchard (2003)
       Code by Pritchard, Falush and Hubisz
             Version 2.3.4 (Jul 2012)
----------------------------------------------------



Command line arguments:   bin/structure -m "/Users/ddayan/FRA/premature_migration/Rogue_Half-Pounder/half-pounder/structure/halfpounder_2021/10k_20k_adm_corr/mainparams" -e "/Users/ddayan/FRA/premature_migration/Rogue_Half-Pounder/half-pounder/structure/halfpounder_2021/10k_20k_adm_corr/extraparams" 
Input File:    /Users/ddayan/FRA/premature_migration/Rogue_Half-Pounder/half-pounder/structure/halfpounder_2021/project_data

Run parameters:
   1000 individuals
   328 loci
   5 populations assumed
   10000 Burn-in period
   20000 Reps


--------------------------------------------
Proportion of membership of each pre-defined
 population in each of the 5 clusters

Given    Inferred Clusters                     Number of
 Pop       1      2      3      4      5      Individuals

  1:     0.202  0.201  0.214  0.168  0.215      275
  2:     0.209  0.191  0.207  0.190  0.202      643
  3:     0.065  0.045  0.075  0.703  0.113       42
  4:     0.348  0.054  0.278  0.086  0.234       40
--------------------------------------------

Allele-freq. divergence among pops (Net nucleotide distance),
computed using point estimates of P.

      1       2       3       4       5      
 1      -    0.0086  0.0009  0.0038  0.0011  
 2   0.0086     -    0.0084  0.0110  0.0082  
 3   0.0009  0.0084     -    0.0033  0.0007  
 4   0.0038  0.0110  0.0033     -    0.0028  
 5   0.0011  0.0082  0.0007  0.0028     -    

Average distances (expected heterozygosity) between individuals in same cluster:
cluster  1  : 0.2920 
cluster  2  : 0.2604 
cluster  3  : 0.2919 
cluster  4  : 0.2872 
cluster  5  : 0.2925 

--------------------------------------------
Estimated Ln Prob of Data   = -285936.9
Mean value of ln likelihood = -283613.2
Variance of ln likelihood   = 4647.5
Mean value of alpha         = 0.1944

Mean value of Fst_1         = 0.0138
Mean value of Fst_2         = 0.0725
Mean value of Fst_3         = 0.0110
Mean value of Fst_4         = 0.0239
Mean value of Fst_5         = 0.0097


Inferred ancestry of individuals:
        Label (%Miss) Pop:  Inferred clusters
  1 OmyAC19ROGR    (0)    1 :  0.099 0.015 0.327 0.212 0.347 
  2 OmyAC19ROGR    (0)    1 :  0.052 0.070 0.168 0.145 0.564 
  3 OmyAC19ROGR    (0)    1 :  0.097 0.065 0.246 0.221 0.371 
  4 OmyAC19ROGR    (0)    1 :  0.447 0.023 0.261 0.118 0.150 
  5 OmyAC19ROGR    (1)    1 :  0.014 0.941 0.016 0.012 0.017 
  6 OmyAC19ROGR    (0)    1 :  0.132 0.159 0.494 0.068 0.147 
  7 OmyAC19ROGR    (0)    1 :  0.279 0.176 0.286 0.134 0.125 
  8 OmyAC19ROGR    (0)    1 :  0.278 0.016 0.108 0.142 0.456 
  9 OmyAC19ROGR    (0)    1 :  0.086 0.253 0.258 0.174 0.229 
 10 OmyAC19ROGR    (0)    1 :  0.065 0.459 0.075 0.188 0.214 
 11 OmyAC19ROGR    (0)    1 :  0.484 0.055 0.239 0.154 0.069 
 12 OmyAC19ROGR    (0)    1 :  0.117 0.101 0.572 0.051 0.159 
 13 OmyAC19ROGR    (0)    1 :  0.531 0.028 0.071 0.101 0.269 
 14 OmyAC19ROGR    (0)    1 :  0.248 0.476 0.152 0.038 0.086 
 15 OmyAC19ROGR    (0)    1 :  0.352 0.427 0.114 0.042 0.065 
 16 OmyAC19ROGR    (0)    1 :  0.363 0.081 0.254 0.166 0.136 
 17 OmyAC19ROGR    (0)    1 :  0.235 0.077 0.203 0.020 0.465 
 18 OmyAC19ROGR    (2)    1 :  0.174 0.027 0.119 0.211 0.469 
 19 OmyAC19ROGR    (1)    1 :  0.408 0.049 0.131 0.130 0.282 
 20 OmyAC19ROGR    (0)    1 :  0.204 0.260 0.316 0.031 0.189 
 21 OmyAC19ROGR    (1)    1 :  0.204 0.220 0.116 0.119 0.341 
 22 OmyAC19ROGR    (0)    1 :  0.160 0.081 0.247 0.360 0.151 
 23 OmyAC19ROGR    (0)    1 :  0.071 0.234 0.197 0.107 0.391 
 24 OmyAC19ROGR    (0)    1 :  0.047 0.020 0.048 0.833 0.053 
 25 OmyAC19ROGR    (0)    1 :  0.271 0.245 0.155 0.095 0.234 
 26 OmyAC19ROGR    (0)    1 :  0.072 0.098 0.118 0.287 0.425 
 27 OmyAC19ROGR    (1)    1 :  0.569 0.050 0.250 0.047 0.084 
 28 OmyAC19ROGR    (0)    1 :  0.027 0.020 0.045 0.842 0.066 
 29 OmyAC19ROGR    (0)    1 :  0.187 0.067 0.262 0.094 0.390 
 30 OmyAC19ROGR    (0)    1 :  0.040 0.713 0.081 0.044 0.122 
 31 OmyAC19ROGR    (0)    1 :  0.161 0.038 0.321 0.119 0.362 
 32 OmyAC19ROGR    (0)    1 :  0.207 0.121 0.121 0.184 0.368 
 33 OmyAC19ROGR    (1)    1 :  0.118 0.097 0.218 0.339 0.227 
 34 OmyAC19ROGR    (0)    1 :  0.214 0.509 0.091 0.088 0.098 
 35 OmyAC19ROGR    (0)    1 :  0.106 0.057 0.120 0.249 0.468 
 36 OmyAC19ROGR    (0)    1 :  0.257 0.181 0.176 0.112 0.274 
 37 OmyAC19ROGR    (0)    1 :  0.075 0.100 0.076 0.675 0.074 
 38 OmyAC19ROGR    (0)    1 :  0.067 0.414 0.065 0.345 0.109 
 39 OmyAC19ROGR    (0)    1 :  0.127 0.052 0.107 0.041 0.673 
 40 OmyAC19ROGR    (0)    1 :  0.195 0.350 0.292 0.050 0.113 
 41 OmyAC19ROGR    (1)    1 :  0.401 0.034 0.366 0.081 0.118 
 42 OmyAC19ROGR    (0)    1 :  0.048 0.846 0.053 0.017 0.036 
 43 OmyAC19ROGR    (0)    1 :  0.075 0.037 0.375 0.133 0.380 
 44 OmyAC19ROGR    (6)    1 :  0.073 0.032 0.400 0.082 0.412 
 45 OmyAC19ROGR    (1)    1 :  0.083 0.353 0.182 0.272 0.110 
 46 OmyAC19ROGR    (0)    1 :  0.133 0.076 0.104 0.441 0.246 
 47 OmyAC19ROGR    (0)    1 :  0.058 0.050 0.110 0.722 0.060 
 48 OmyAC19ROGR    (0)    1 :  0.107 0.044 0.459 0.113 0.277 
 49 OmyAC19ROGR    (0)    1 :  0.247 0.035 0.191 0.322 0.204 
 50 OmyAC19ROGR    (0)    1 :  0.383 0.022 0.234 0.023 0.337 
 51 OmyAC19ROGR    (2)    1 :  0.075 0.759 0.072 0.052 0.042 
 52 OmyAC19ROGR    (0)    1 :  0.038 0.845 0.036 0.041 0.040 
 53 OmyAC19ROGR    (1)    1 :  0.039 0.037 0.126 0.716 0.083 
 54 OmyAC19ROGR    (0)    1 :  0.079 0.066 0.136 0.554 0.165 
 55 OmyAC19ROGR    (3)    1 :  0.265 0.086 0.253 0.064 0.332 
 56 OmyAC19ROGR    (0)    1 :  0.133 0.084 0.068 0.658 0.057 
 57 OmyAC19ROGR    (0)    1 :  0.093 0.021 0.090 0.670 0.125 
 58 OmyAC19ROGR    (0)    1 :  0.064 0.697 0.091 0.055 0.094 
 59 OmyAC19ROGR    (0)    1 :  0.110 0.016 0.234 0.516 0.125 
 60 OmyAC19ROGR    (1)    1 :  0.509 0.107 0.172 0.086 0.126 
 61 OmyAC19ROGR    (0)    1 :  0.090 0.051 0.266 0.400 0.192 
 62 OmyAC19ROGR    (0)    1 :  0.114 0.033 0.412 0.090 0.352 
 63 OmyAC19ROGR    (0)    1 :  0.065 0.243 0.121 0.487 0.083 
 64 OmyAC19ROGR    (2)    1 :  0.273 0.083 0.359 0.119 0.166 
 65 OmyAC19ROGR    (0)    1 :  0.373 0.038 0.146 0.119 0.324 
 66 OmyAC19ROGR    (3)    1 :  0.320 0.297 0.196 0.035 0.151 
 67 OmyAC19ROGR    (0)    1 :  0.169 0.032 0.107 0.578 0.114 
 68 OmyAC19ROGR    (1)    1 :  0.062 0.049 0.213 0.331 0.346 
 69 OmyAC19ROGR    (2)    1 :  0.060 0.192 0.088 0.534 0.126 
 70 OmyAC19ROGR    (0)    1 :  0.139 0.035 0.209 0.202 0.415 
 71 OmyAC19ROGR    (0)    1 :  0.216 0.040 0.298 0.150 0.296 
 72 OmyAC19ROGR    (4)    1 :  0.181 0.024 0.485 0.105 0.205 
 73 OmyAC19ROGR    (0)    1 :  0.047 0.171 0.136 0.202 0.444 
 74 OmyAC19ROGR    (0)    1 :  0.293 0.027 0.505 0.042 0.132 
 75 OmyAC19ROGR    (0)    1 :  0.240 0.113 0.129 0.274 0.244 
 76 OmyAC19ROGR    (0)    1 :  0.046 0.047 0.079 0.706 0.121 
 77 OmyAC19ROGR    (1)    1 :  0.023 0.923 0.024 0.014 0.016 
 78 OmyAC19ROGR    (0)    1 :  0.142 0.036 0.206 0.085 0.532 
 79 OmyAC19ROGR    (2)    1 :  0.094 0.047 0.182 0.115 0.561 
 80 OmyAC19ROGR    (1)    1 :  0.098 0.710 0.058 0.085 0.049 
 81 OmyAC19ROGR    (2)    1 :  0.089 0.394 0.271 0.091 0.156 
 82 OmyAC19ROGR    (1)    1 :  0.076 0.019 0.111 0.665 0.129 
 83 OmyAC19ROGR    (0)    1 :  0.193 0.040 0.126 0.372 0.268 
 84 OmyAC19ROGR    (0)    1 :  0.135 0.131 0.307 0.062 0.364 
 85 OmyAC19ROGR    (5)    1 :  0.257 0.035 0.103 0.157 0.448 
 86 OmyAC19ROGR    (0)    1 :  0.442 0.122 0.277 0.026 0.133 
 87 OmyAC19ROGR    (1)    1 :  0.145 0.041 0.169 0.367 0.278 
 88 OmyJC19ROGR    (0)    2 :  0.037 0.838 0.040 0.026 0.058 
 89 OmyJC19ROGR    (0)    2 :  0.198 0.065 0.192 0.073 0.472 
 90 OmyJC19ROGR    (0)    2 :  0.027 0.913 0.019 0.017 0.024 
 91 OmyJC19ROGR    (1)    2 :  0.248 0.016 0.226 0.318 0.192 
 92 OmyJC19ROGR    (0)    2 :  0.088 0.058 0.070 0.690 0.094 
 93 OmyJC19ROGR    (0)    2 :  0.057 0.017 0.060 0.793 0.073 
 94 OmyJC19ROGR    (0)    2 :  0.175 0.146 0.264 0.037 0.379 
 95 OmyJC19ROGR    (0)    2 :  0.078 0.113 0.299 0.034 0.476 
 96 OmyJC19ROGR    (0)    2 :  0.608 0.065 0.124 0.062 0.140 
 97 OmyJC19ROGR    (0)    2 :  0.026 0.159 0.033 0.703 0.079 
 98 OmyJC19ROGR    (0)    2 :  0.299 0.030 0.293 0.120 0.258 
 99 OmyJC19ROGR    (0)    2 :  0.160 0.092 0.107 0.557 0.084 
100 OmyJC19ROGR    (1)    2 :  0.186 0.037 0.093 0.064 0.620 
101 OmyJC19ROGR    (0)    2 :  0.092 0.491 0.094 0.140 0.184 
102 OmyJC19ROGR    (0)    2 :  0.478 0.101 0.151 0.055 0.215 
103 OmyJC19ROGR    (0)    2 :  0.140 0.142 0.171 0.151 0.396 
104 OmyJC19ROGR    (0)    2 :  0.076 0.031 0.189 0.393 0.311 
105 OmyJC19ROGR    (0)    2 :  0.090 0.122 0.136 0.620 0.032 
106 OmyJC19ROGR    (0)    2 :  0.015 0.916 0.019 0.034 0.017 
107 OmyJC19ROGR    (1)    2 :  0.538 0.095 0.142 0.135 0.089 
108 OmyJC19ROGR    (0)    2 :  0.236 0.065 0.203 0.242 0.253 
109 OmyJC19ROGR    (0)    2 :  0.572 0.155 0.132 0.026 0.115 
110 OmyJC19ROGR    (0)    2 :  0.047 0.292 0.097 0.469 0.095 
111 OmyJC19ROGR    (1)    2 :  0.122 0.080 0.123 0.569 0.106 
112 OmyJC19ROGR    (2)    2 :  0.307 0.125 0.331 0.055 0.182 
113 OmyJC19ROGR    (0)    2 :  0.140 0.601 0.081 0.060 0.118 
114 OmyJC19ROGR    (3)    2 :  0.142 0.041 0.116 0.057 0.644 
115 OmyJC19ROGR    (1)    2 :  0.063 0.060 0.320 0.446 0.111 
116 OmyJC19ROGR    (0)    2 :  0.113 0.081 0.192 0.063 0.551 
117 OmyJC19ROGR    (0)    2 :  0.140 0.137 0.228 0.051 0.443 
118 OmyJC19ROGR    (0)    2 :  0.125 0.027 0.182 0.132 0.535 
119 OmyJC19ROGR    (2)    2 :  0.453 0.044 0.203 0.061 0.240 
120 OmyJC19ROGR    (0)    2 :  0.039 0.016 0.038 0.844 0.062 
121 OmyJC19ROGR    (0)    2 :  0.241 0.045 0.359 0.041 0.314 
122 OmyJC19ROGR    (0)    2 :  0.185 0.058 0.203 0.156 0.397 
123 OmyJC19ROGR    (0)    2 :  0.444 0.020 0.164 0.159 0.213 
124 OmyJC19ROGR    (0)    2 :  0.126 0.119 0.471 0.053 0.232 
125 OmyJC19ROGR    (0)    2 :  0.040 0.098 0.277 0.316 0.269 
126 OmyJC19ROGR    (1)    2 :  0.063 0.712 0.085 0.045 0.095 
127 OmyJC19ROGR    (0)    2 :  0.788 0.032 0.069 0.048 0.063 
128 OmyJC19ROGR    (1)    2 :  0.156 0.043 0.075 0.531 0.195 
129 OmyJC19ROGR    (0)    2 :  0.057 0.251 0.080 0.152 0.461 
130 OmyJC19ROGR    (2)    2 :  0.096 0.057 0.537 0.032 0.279 
131 OmyJC19ROGR    (0)    2 :  0.128 0.065 0.190 0.177 0.440 
132 OmyJC19ROGR    (1)    2 :  0.131 0.045 0.188 0.493 0.143 
133 OmyJC19ROGR    (0)    2 :  0.141 0.022 0.161 0.072 0.604 
134 OmyJC19ROGR    (0)    2 :  0.355 0.070 0.210 0.118 0.247 
135 OmyJC19ROGR    (1)    2 :  0.028 0.026 0.030 0.888 0.029 
136 OmyJC19ROGR    (3)    2 :  0.204 0.036 0.231 0.130 0.399 
137 OmyJC19ROGR    (0)    2 :  0.494 0.193 0.199 0.036 0.079 
138 OmyJC19ROGR    (0)    2 :  0.073 0.726 0.092 0.029 0.081 
139 OmyJC19ROGR    (2)    2 :  0.153 0.023 0.248 0.054 0.523 
140 OmyJC19ROGR    (2)    2 :  0.327 0.084 0.110 0.072 0.407 
141 OmyJC19ROGR    (0)    2 :  0.166 0.268 0.140 0.141 0.285 
142 OmyJC19ROGR    (0)    2 :  0.187 0.296 0.169 0.200 0.149 
143 OmyJC19ROGR    (0)    2 :  0.053 0.060 0.102 0.701 0.083 
144 OmyJC19ROGR    (0)    2 :  0.161 0.017 0.262 0.061 0.498 
145 OmyJC19ROGR    (0)    2 :  0.438 0.030 0.317 0.037 0.178 
146 OmyJC19ROGR    (1)    2 :  0.061 0.070 0.109 0.616 0.144 
147 OmyJC19ROGR    (0)    2 :  0.571 0.059 0.123 0.131 0.117 
148 OmyJC19ROGR    (0)    2 :  0.333 0.020 0.410 0.159 0.078 
149 OmyJC19ROGR    (1)    2 :  0.116 0.065 0.116 0.475 0.228 
150 OmyJC19ROGR    (1)    2 :  0.202 0.056 0.099 0.484 0.158 
151 OmyJC19ROGR    (0)    2 :  0.186 0.096 0.122 0.114 0.482 
152 OmyJC19ROGR    (0)    2 :  0.479 0.038 0.312 0.096 0.074 
153 OmyJC19ROGR    (0)    2 :  0.028 0.032 0.025 0.885 0.031 
154 OmyJC19ROGR    (1)    2 :  0.294 0.060 0.371 0.041 0.235 
155 OmyJC19ROGR    (0)    2 :  0.113 0.082 0.271 0.234 0.299 
156 OmyJC19ROGR    (1)    2 :  0.288 0.113 0.244 0.213 0.142 
157 OmyJC19ROGR    (0)    2 :  0.123 0.061 0.334 0.185 0.295 
158 OmyJC19ROGR    (0)    2 :  0.299 0.018 0.146 0.198 0.338 
159 OmyJC19ROGR    (0)    2 :  0.496 0.046 0.263 0.035 0.160 
160 OmyJC19ROGR    (0)    2 :  0.296 0.054 0.227 0.303 0.120 
161 OmyJC19ROGR    (0)    2 :  0.190 0.028 0.320 0.315 0.147 
162 OmyJC19ROGR    (0)    2 :  0.423 0.056 0.243 0.151 0.128 
163 OmyJC19ROGR    (0)    2 :  0.084 0.035 0.276 0.521 0.085 
164 OmyJC19ROGR    (0)    2 :  0.519 0.032 0.170 0.073 0.206 
165 OmyJC19ROGR    (0)    2 :  0.249 0.023 0.311 0.162 0.256 
166 OmyJC19ROGR    (0)    2 :  0.114 0.048 0.579 0.060 0.199 
167 OmyJC19ROGR    (1)    2 :  0.132 0.074 0.248 0.379 0.167 
168 OmyJC19ROGR    (0)    2 :  0.161 0.055 0.093 0.064 0.628 
169 OmyJC19ROGR    (0)    2 :  0.045 0.906 0.018 0.012 0.019 
170 OmyJC19ROGR    (0)    2 :  0.072 0.053 0.105 0.670 0.100 
171 OmyJC19ROGR    (0)    2 :  0.339 0.026 0.258 0.099 0.279 
172 OmyJC19ROGR    (0)    2 :  0.099 0.296 0.108 0.364 0.133 
173 OmyJC19ROGR    (0)    2 :  0.035 0.871 0.036 0.029 0.028 
174 OmyJC19ROGR    (0)    2 :  0.107 0.025 0.469 0.136 0.263 
175 OmyJC19ROGR    (0)    2 :  0.153 0.032 0.174 0.066 0.575 
176 OmyJC19ROGR    (0)    2 :  0.105 0.081 0.065 0.525 0.224 
177 OmyJC19ROGR    (0)    2 :  0.023 0.012 0.099 0.828 0.038 
178 OmyJC19ROGR    (0)    2 :  0.652 0.036 0.215 0.022 0.075 
179 OmyJC19ROGR    (0)    2 :  0.159 0.021 0.154 0.458 0.208 
180 OmyJC19ROGR    (0)    2 :  0.023 0.864 0.029 0.038 0.046 
181 OmyJC19ROGR    (0)    2 :  0.133 0.039 0.579 0.077 0.172 
182 OmyJC19ROGR    (0)    2 :  0.215 0.127 0.126 0.077 0.455 
183 OmyJC19ROGR    (0)    2 :  0.253 0.026 0.453 0.064 0.204 
184 OmyJC19ROGR    (0)    2 :  0.092 0.607 0.084 0.097 0.120 
185 OmyJC19ROGR    (1)    2 :  0.045 0.011 0.034 0.039 0.870 
186 OmyJC19ROGR    (0)    2 :  0.053 0.088 0.111 0.474 0.273 
187 OmyJC19ROGR    (0)    2 :  0.095 0.021 0.763 0.047 0.074 
188 OmyJC19ROGR    (0)    2 :  0.156 0.036 0.311 0.105 0.392 
189 OmyJC19ROGR    (0)    2 :  0.122 0.161 0.189 0.268 0.260 
190 OmyJC19ROGR    (0)    2 :  0.080 0.035 0.079 0.698 0.109 
191 OmyJC19ROGR    (0)    2 :  0.085 0.040 0.310 0.472 0.093 
192 OmyJC19ROGR    (0)    2 :  0.783 0.033 0.077 0.026 0.081 
193 OmyJC19ROGR    (1)    2 :  0.323 0.110 0.239 0.138 0.190 
194 OmyJC19ROGR    (0)    2 :  0.814 0.018 0.060 0.049 0.060 
195 OmyJC19ROGR    (0)    2 :  0.070 0.790 0.062 0.023 0.055 
196 OmyJC19ROGR    (0)    2 :  0.036 0.032 0.774 0.023 0.135 
197 OmyJC19ROGR    (0)    2 :  0.154 0.050 0.242 0.392 0.163 
198 OmyJC19ROGR    (0)    2 :  0.100 0.730 0.055 0.060 0.055 
199 OmyJC19ROGR    (0)    2 :  0.158 0.023 0.173 0.085 0.561 
200 OmyJC19ROGR    (0)    2 :  0.074 0.073 0.080 0.639 0.134 
201 OmyJC19ROGR    (0)    2 :  0.376 0.022 0.389 0.079 0.134 
202 OmyJC19ROGR    (0)    2 :  0.060 0.016 0.043 0.834 0.047 
203 OmyJC19ROGR    (0)    2 :  0.241 0.048 0.379 0.137 0.195 
204 OmyJC19ROGR    (0)    2 :  0.326 0.043 0.325 0.200 0.105 
205 OmyJC19ROGR    (0)    2 :  0.219 0.124 0.385 0.106 0.166 
206 OmyJC19ROGR    (0)    2 :  0.050 0.833 0.035 0.029 0.052 
207 OmyJC19ROGR    (0)    2 :  0.179 0.241 0.371 0.090 0.119 
208 OmyJC19ROGR    (0)    2 :  0.525 0.028 0.157 0.054 0.236 
209 OmyJC19ROGR    (0)    2 :  0.054 0.445 0.054 0.182 0.264 
210 OmyJC19ROGR    (0)    2 :  0.022 0.893 0.038 0.014 0.032 
211 OmyJC19ROGR    (0)    2 :  0.170 0.146 0.147 0.107 0.430 
212 OmyJC19ROGR    (1)    2 :  0.103 0.154 0.219 0.450 0.074 
213 OmyJC19ROGR    (1)    2 :  0.097 0.037 0.440 0.066 0.360 
214 OmyJC19ROGR    (0)    2 :  0.440 0.044 0.415 0.045 0.055 
215 OmyJC19ROGR    (0)    2 :  0.600 0.021 0.160 0.090 0.129 
216 OmyJC19ROGR    (0)    2 :  0.050 0.773 0.085 0.027 0.065 
217 OmyJC19ROGR    (0)    2 :  0.184 0.383 0.203 0.087 0.143 
218 OmyJC19ROGR    (0)    2 :  0.115 0.032 0.274 0.461 0.118 
219 OmyJC19ROGR    (0)    2 :  0.408 0.084 0.338 0.039 0.131 
220 OmyJC19ROGR    (0)    2 :  0.425 0.012 0.142 0.155 0.267 
221 OmyJC19ROGR    (0)    2 :  0.172 0.198 0.375 0.058 0.197 
222 OmyJC19ROGR    (0)    2 :  0.160 0.034 0.306 0.392 0.108 
223 OmyJC19ROGR    (0)    2 :  0.247 0.050 0.457 0.118 0.129 
224 OmyJC19ROGR    (0)    2 :  0.605 0.035 0.154 0.071 0.134 
225 OmyJC19ROGR    (0)    2 :  0.021 0.924 0.019 0.016 0.020 
226 OmyJC19ROGR    (0)    2 :  0.100 0.163 0.150 0.033 0.554 
227 OmyJC19ROGR    (1)    2 :  0.029 0.878 0.029 0.032 0.032 
228 OmyJC19ROGR    (0)    2 :  0.386 0.031 0.395 0.039 0.149 
229 OmyJC19ROGR    (1)    2 :  0.083 0.028 0.355 0.135 0.398 
230 OmyJC19ROGR    (0)    2 :  0.145 0.172 0.344 0.142 0.197 
231 OmyJC19ROGR    (0)    2 :  0.205 0.073 0.509 0.046 0.168 
232 OmyJC19ROGR    (1)    2 :  0.147 0.046 0.112 0.102 0.593 
233 OmyJC19ROGR    (0)    2 :  0.262 0.148 0.315 0.110 0.165 
234 OmyJC19ROGR    (0)    2 :  0.026 0.902 0.024 0.026 0.023 
235 OmyJC19ROGR    (0)    2 :  0.133 0.637 0.046 0.101 0.083 
236 OmyJC19ROGR    (1)    2 :  0.536 0.024 0.181 0.185 0.074 
237 OmyJC19ROGR    (0)    2 :  0.419 0.052 0.187 0.161 0.180 
238 OmyJC19ROGR    (0)    2 :  0.466 0.068 0.339 0.042 0.085 
239 OmyJC19ROGR    (0)    2 :  0.225 0.081 0.179 0.085 0.430 
240 OmyJC19ROGR    (0)    2 :  0.217 0.048 0.196 0.111 0.428 
241 OmyJC19ROGR    (0)    2 :  0.083 0.086 0.273 0.381 0.177 
242 OmyJC19ROGR    (0)    2 :  0.558 0.019 0.123 0.170 0.130 
243 OmyJC19ROGR    (0)    2 :  0.199 0.052 0.218 0.303 0.228 
244 OmyJC19ROGR    (0)    2 :  0.112 0.067 0.249 0.427 0.145 
245 OmyJC19ROGR    (0)    2 :  0.021 0.907 0.020 0.020 0.032 
246 OmyJC19ROGR    (0)    2 :  0.079 0.184 0.150 0.497 0.089 
247 OmyJC19ROGR    (0)    2 :  0.103 0.591 0.089 0.144 0.073 
248 OmyJC19ROGR    (0)    2 :  0.056 0.484 0.090 0.051 0.319 
249 OmyJC19ROGR    (0)    2 :  0.309 0.064 0.351 0.048 0.228 
250 OmyJC19ROGR    (0)    2 :  0.248 0.071 0.211 0.096 0.374 
251 OmyJC19ROGR    (0)    2 :  0.120 0.044 0.504 0.067 0.264 
252 OmyJC19ROGR    (0)    2 :  0.036 0.030 0.098 0.748 0.089 
253 OmyJC19ROGR    (0)    2 :  0.186 0.075 0.095 0.066 0.578 
254 OmyJC19ROGR    (0)    2 :  0.093 0.051 0.234 0.443 0.179 
255 OmyJC19ROGR    (0)    2 :  0.083 0.031 0.169 0.535 0.182 
256 OmyJC19ROGR    (0)    2 :  0.093 0.300 0.184 0.348 0.076 
257 OmyJC19ROGR    (0)    2 :  0.172 0.082 0.397 0.061 0.289 
258 OmyAC19ROGR    (0)    1 :  0.257 0.150 0.170 0.144 0.279 
259 OmyAC19ROGR    (1)    1 :  0.195 0.391 0.168 0.070 0.177 
260 OmyAC19ROGR    (0)    1 :  0.463 0.023 0.148 0.067 0.299 
261 OmyAC19ROGR    (0)    1 :  0.096 0.048 0.254 0.031 0.570 
262 OmyAC19ROGR    (0)    1 :  0.110 0.096 0.231 0.111 0.451 
263 OmyAC19ROGR    (0)    1 :  0.179 0.056 0.171 0.498 0.096 
264 OmyAC19ROGR    (0)    1 :  0.146 0.053 0.532 0.088 0.182 
265 OmyAC19ROGR    (0)    1 :  0.224 0.044 0.298 0.232 0.202 
266 OmyAC19ROGR    (0)    1 :  0.100 0.022 0.552 0.049 0.276 
267 OmyAC19ROGR    (0)    1 :  0.219 0.123 0.176 0.095 0.386 
268 OmyAC19ROGR    (1)    1 :  0.108 0.156 0.120 0.454 0.162 
269 OmyAC19ROGR    (1)    1 :  0.264 0.152 0.148 0.048 0.387 
270 OmyAC19ROGR    (0)    1 :  0.086 0.035 0.278 0.393 0.208 
271 OmyAC19ROGR    (0)    1 :  0.266 0.240 0.119 0.061 0.315 
272 OmyAC19ROGR    (0)    1 :  0.178 0.138 0.506 0.039 0.139 
273 OmyAC19ROGR    (0)    1 :  0.273 0.041 0.115 0.122 0.448 
274 OmyAC19ROGR    (0)    1 :  0.040 0.761 0.073 0.036 0.089 
275 OmyAC19ROGR    (0)    1 :  0.270 0.099 0.153 0.317 0.161 
276 OmyAC19ROGR    (0)    1 :  0.347 0.063 0.271 0.095 0.224 
277 OmyAC19ROGR    (0)    1 :  0.299 0.078 0.239 0.040 0.344 
278 OmyAC19ROGR    (0)    1 :  0.315 0.273 0.226 0.060 0.126 
279 OmyAC19ROGR    (0)    1 :  0.574 0.175 0.088 0.050 0.113 
280 OmyAC19ROGR    (0)    1 :  0.102 0.121 0.159 0.293 0.326 
281 OmyAC19ROGR    (0)    1 :  0.415 0.050 0.085 0.088 0.363 
282 OmyAC19ROGR    (0)    1 :  0.173 0.157 0.222 0.102 0.346 
283 OmyAC19ROGR    (0)    1 :  0.346 0.038 0.351 0.068 0.197 
284 OmyAC19ROGR    (0)    1 :  0.121 0.024 0.620 0.138 0.098 
285 OmyAC19ROGR    (0)    1 :  0.206 0.046 0.263 0.279 0.206 
286 OmyAC19ROGR    (0)    1 :  0.256 0.027 0.278 0.247 0.193 
287 OmyAC19ROGR    (0)    1 :  0.010 0.953 0.012 0.013 0.012 
288 OmyAC19ROGR    (0)    1 :  0.092 0.781 0.038 0.040 0.049 
289 OmyAC19ROGR    (0)    1 :  0.480 0.142 0.135 0.079 0.164 
290 OmyAC19ROGR    (1)    1 :  0.015 0.936 0.014 0.016 0.019 
291 OmyAC19ROGR    (0)    1 :  0.124 0.421 0.159 0.179 0.118 
292 OmyAC19ROGR    (1)    1 :  0.230 0.169 0.243 0.073 0.284 
293 OmyAC19ROGR    (0)    1 :  0.127 0.025 0.103 0.646 0.099 
294 OmyAC19ROGR    (0)    1 :  0.280 0.355 0.181 0.057 0.128 
295 OmyAC19ROGR    (0)    1 :  0.286 0.024 0.195 0.130 0.365 
296 OmyAC19ROGR    (0)    1 :  0.383 0.038 0.276 0.141 0.162 
297 OmyAC19ROGR    (0)    1 :  0.062 0.751 0.085 0.030 0.072 
298 OmyAC19ROGR    (0)    1 :  0.690 0.023 0.176 0.048 0.063 
299 OmyAC19ROGR    (0)    1 :  0.259 0.236 0.142 0.241 0.122 
300 OmyAC19ROGR    (0)    1 :  0.322 0.033 0.158 0.091 0.395 
301 OmyAC19ROGR    (0)    1 :  0.025 0.887 0.036 0.015 0.036 
302 OmyAC19ROGR    (0)    1 :  0.238 0.478 0.147 0.059 0.078 
303 OmyAC19ROGR    (0)    1 :  0.377 0.103 0.139 0.049 0.332 
304 OmyAC19ROGR    (0)    1 :  0.679 0.096 0.076 0.063 0.085 
305 OmyAC19ROGR    (0)    1 :  0.635 0.029 0.117 0.067 0.151 
306 OmyAC19ROGR    (0)    1 :  0.069 0.658 0.168 0.019 0.087 
307 OmyAC19ROGR    (1)    1 :  0.265 0.024 0.177 0.212 0.323 
308 OmyAC19ROGR    (0)    1 :  0.195 0.096 0.374 0.051 0.285 
309 OmyAC19ROGR    (1)    1 :  0.036 0.852 0.045 0.027 0.040 
310 OmyAC19ROGR    (0)    1 :  0.108 0.357 0.191 0.065 0.279 
311 OmyAC19ROGR    (0)    1 :  0.226 0.465 0.183 0.039 0.086 
312 OmyAC19ROGR    (0)    1 :  0.152 0.042 0.141 0.468 0.198 
313 OmyAC19ROGR    (0)    1 :  0.229 0.020 0.482 0.105 0.164 
314 OmyAC19ROGR    (0)    1 :  0.079 0.045 0.141 0.616 0.118 
315 OmyAC19ROGR    (0)    1 :  0.236 0.062 0.343 0.094 0.265 
316 OmyAC19ROGR    (0)    1 :  0.257 0.034 0.359 0.069 0.282 
317 OmyAC19ROGR    (0)    1 :  0.152 0.036 0.069 0.388 0.354 
318 OmyAC19ROGR    (0)    1 :  0.107 0.027 0.226 0.391 0.249 
319 OmyAC19ROGR    (1)    1 :  0.405 0.019 0.213 0.096 0.266 
320 OmyAC19ROGR    (0)    1 :  0.517 0.014 0.371 0.054 0.044 
321 OmyAC19ROGR    (0)    1 :  0.395 0.027 0.236 0.068 0.274 
322 OmyAC19ROGR    (0)    1 :  0.077 0.473 0.114 0.068 0.268 
323 OmyAC19ROGR    (0)    1 :  0.219 0.026 0.635 0.024 0.095 
324 OmyAC19ROGR    (0)    1 :  0.100 0.027 0.612 0.105 0.156 
325 OmyAC19ROGR    (0)    1 :  0.084 0.286 0.159 0.042 0.429 
326 OmyAC19ROGR    (0)    1 :  0.178 0.047 0.444 0.054 0.277 
327 OmyAC19ROGR    (0)    1 :  0.207 0.034 0.515 0.174 0.070 
328 OmyAC20ROGR    (1)    1 :  0.459 0.029 0.165 0.171 0.175 
329 OmyAC20ROGR    (0)    1 :  0.257 0.085 0.188 0.319 0.150 
330 OmyAC20ROGR    (0)    1 :  0.147 0.067 0.374 0.179 0.233 
331 OmyAC20ROGR    (0)    1 :  0.135 0.274 0.331 0.134 0.126 
332 OmyAC20ROGR    (0)    1 :  0.100 0.215 0.160 0.194 0.331 
333 OmyAC20ROGR    (0)    1 :  0.094 0.312 0.217 0.255 0.122 
334 OmyAC20ROGR    (0)    1 :  0.101 0.024 0.111 0.508 0.256 
335 OmyAC20ROGR    (0)    1 :  0.193 0.043 0.314 0.162 0.288 
336 OmyAC20ROGR    (0)    1 :  0.256 0.127 0.199 0.095 0.323 
337 OmyAC20ROGR    (0)    1 :  0.232 0.423 0.117 0.054 0.174 
338 OmyAC20ROGR    (0)    1 :  0.084 0.145 0.195 0.252 0.324 
339 OmyAC20ROGR    (0)    1 :  0.261 0.103 0.247 0.099 0.290 
340 OmyAC20ROGR    (0)    1 :  0.034 0.042 0.070 0.771 0.083 
341 OmyAC20ROGR    (0)    1 :  0.054 0.073 0.108 0.664 0.100 
342 OmyAC20ROGR    (0)    1 :  0.151 0.180 0.219 0.321 0.129 
343 OmyAC20ROGR    (0)    1 :  0.087 0.053 0.293 0.261 0.306 
344 OmyAC20ROGR    (0)    1 :  0.082 0.170 0.289 0.337 0.122 
345 OmyAC20ROGR    (1)    1 :  0.126 0.136 0.193 0.039 0.506 
346 OmyAC20ROGR    (0)    1 :  0.092 0.203 0.373 0.127 0.205 
347 OmyAC20ROGR    (0)    1 :  0.153 0.208 0.207 0.078 0.355 
348 OmyAC20ROGR    (0)    1 :  0.073 0.191 0.103 0.576 0.057 
349 OmyAC20ROGR    (0)    1 :  0.092 0.055 0.257 0.372 0.224 
350 OmyAC20ROGR    (0)    1 :  0.595 0.073 0.132 0.065 0.136 
351 OmyAC20ROGR    (0)    1 :  0.072 0.096 0.411 0.231 0.189 
352 OmyAC20ROGR    (0)    1 :  0.494 0.050 0.211 0.099 0.146 
353 OmyAC20ROGR    (0)    1 :  0.082 0.032 0.610 0.081 0.195 
354 OmyAC20ROGR    (0)    1 :  0.081 0.242 0.069 0.312 0.295 
355 OmyAC20ROGR    (0)    1 :  0.140 0.061 0.069 0.329 0.401 
356 OmyAC20ROGR    (0)    1 :  0.316 0.033 0.239 0.185 0.228 
357 OmyAC20ROGR    (0)    1 :  0.457 0.097 0.243 0.055 0.149 
358 OmyAC20ROGR    (0)    1 :  0.363 0.045 0.360 0.100 0.132 
359 OmyAC20ROGR    (0)    1 :  0.604 0.205 0.083 0.021 0.087 
360 OmyAC20ROGR    (0)    1 :  0.197 0.201 0.243 0.120 0.239 
361 OmyAC20ROGR    (0)    1 :  0.516 0.035 0.327 0.053 0.069 
362 OmyAC20ROGR    (0)    1 :  0.218 0.037 0.349 0.041 0.356 
363 OmyAC20ROGR    (0)    1 :  0.081 0.120 0.358 0.294 0.147 
364 OmyAC20ROGR    (1)    1 :  0.304 0.035 0.093 0.421 0.147 
365 OmyAC20ROGR    (0)    1 :  0.136 0.021 0.568 0.058 0.217 
366 OmyAC20ROGR    (0)    1 :  0.089 0.030 0.318 0.231 0.332 
367 OmyAC20ROGR    (0)    1 :  0.143 0.098 0.349 0.080 0.329 
368 OmyAC20ROGR    (1)    1 :  0.415 0.087 0.198 0.045 0.255 
369 OmyAC20ROGR    (0)    1 :  0.117 0.322 0.126 0.202 0.233 
370 OmyAC20ROGR    (0)    1 :  0.041 0.714 0.104 0.050 0.091 
371 OmyAC20ROGR    (0)    1 :  0.058 0.818 0.034 0.030 0.059 
372 OmyAC20ROGR    (2)    1 :  0.021 0.915 0.022 0.019 0.023 
373 OmyAC20ROGR    (0)    1 :  0.144 0.416 0.247 0.050 0.144 
374 OmyAC20ROGR    (0)    1 :  0.352 0.024 0.196 0.182 0.246 
375 OmyAC20ROGR    (0)    1 :  0.167 0.076 0.462 0.060 0.234 
376 OmyAC20ROGR    (0)    1 :  0.112 0.509 0.095 0.085 0.198 
377 OmyAC20ROGR    (0)    1 :  0.145 0.022 0.304 0.353 0.176 
378 OmyAC20ROGR    (0)    1 :  0.255 0.023 0.133 0.167 0.421 
379 OmyAC20ROGR    (0)    1 :  0.144 0.445 0.149 0.125 0.137 
380 OmyAC20ROGR    (1)    1 :  0.122 0.018 0.364 0.050 0.446 
381 OmyAC20ROGR    (0)    1 :  0.263 0.096 0.398 0.046 0.198 
382 OmyAC20ROGR    (0)    1 :  0.032 0.862 0.046 0.019 0.041 
383 OmyAC20ROGR    (0)    1 :  0.143 0.124 0.194 0.026 0.513 
384 OmyAC20ROGR    (0)    1 :  0.153 0.315 0.118 0.165 0.249 
385 OmyAC20ROGR    (0)    1 :  0.354 0.249 0.223 0.030 0.143 
386 OmyAC20ROGR    (0)    1 :  0.097 0.125 0.405 0.075 0.298 
387 OmyAC20ROGR    (0)    1 :  0.237 0.348 0.281 0.042 0.092 
388 OmyAC20ROGR    (0)    1 :  0.121 0.268 0.235 0.224 0.153 
389 OmyAC20ROGR    (0)    1 :  0.578 0.029 0.285 0.053 0.056 
390 OmyAC20ROGR    (0)    1 :  0.395 0.021 0.210 0.103 0.271 
391 OmyAC20ROGR    (0)    1 :  0.164 0.429 0.112 0.195 0.099 
392 OmyAC20ROGR    (0)    1 :  0.076 0.292 0.285 0.151 0.196 
393 OmyAC20ROGR    (0)    1 :  0.161 0.067 0.406 0.186 0.181 
394 OmyAC20ROGR    (1)    1 :  0.488 0.071 0.205 0.042 0.193 
395 OmyAC20ROGR    (0)    1 :  0.097 0.065 0.318 0.194 0.326 
396 OmyAC20ROGR    (0)    1 :  0.601 0.034 0.207 0.056 0.103 
397 OmyAC20ROGR    (0)    1 :  0.190 0.255 0.260 0.049 0.246 
398 OmyAC20ROGR    (0)    1 :  0.060 0.712 0.063 0.098 0.067 
399 OmyAC20ROGR    (0)    1 :  0.101 0.207 0.283 0.088 0.321 
400 OmyAC20ROGR    (0)    1 :  0.139 0.106 0.333 0.109 0.314 
401 OmyAC20ROGR    (1)    1 :  0.030 0.864 0.025 0.043 0.039 
402 OmyAC20ROGR    (0)    1 :  0.167 0.027 0.125 0.515 0.166 
403 OmyAC20ROGR    (0)    1 :  0.211 0.148 0.118 0.277 0.245 
404 OmyAC20ROGR    (0)    1 :  0.185 0.022 0.171 0.244 0.377 
405 OmyAC20ROGR    (0)    1 :  0.170 0.311 0.290 0.033 0.197 
406 OmyAC20ROGR    (0)    1 :  0.235 0.071 0.176 0.211 0.308 
407 OmyAC20ROGR    (0)    1 :  0.237 0.047 0.466 0.028 0.222 
408 OmyAC20ROGR    (0)    1 :  0.151 0.086 0.251 0.252 0.261 
409 OmyAC20ROGR    (0)    1 :  0.393 0.066 0.410 0.030 0.101 
410 OmyAC20ROGR    (0)    1 :  0.030 0.902 0.030 0.015 0.023 
411 OmyAC20ROGR    (0)    1 :  0.187 0.572 0.083 0.051 0.108 
412 OmyAC20ROGR    (0)    1 :  0.136 0.113 0.234 0.423 0.094 
413 OmyAC20ROGR    (0)    1 :  0.557 0.044 0.245 0.033 0.121 
414 OmyAC20ROGR    (0)    1 :  0.107 0.333 0.161 0.198 0.201 
415 OmyAC20ROGR    (0)    1 :  0.239 0.030 0.143 0.165 0.423 
416 OmyAC20ROGR    (0)    1 :  0.212 0.073 0.229 0.192 0.295 
417 OmyAC20ROGR    (0)    1 :  0.451 0.024 0.310 0.140 0.074 
418 OmyAC20ROGR    (0)    1 :  0.193 0.154 0.387 0.074 0.192 
419 OmyAC20ROGR    (0)    1 :  0.224 0.412 0.251 0.044 0.069 
420 OmyAC20ROGR    (0)    1 :  0.237 0.031 0.395 0.242 0.094 
421 OmyAC20ROGR    (0)    1 :  0.183 0.094 0.202 0.182 0.339 
422 OmyAC20ROGR    (0)    1 :  0.021 0.890 0.034 0.020 0.035 
423 OmyAC20ROGR    (0)    1 :  0.280 0.025 0.535 0.028 0.133 
424 OmyAC20ROGR    (0)    1 :  0.244 0.024 0.132 0.043 0.557 
425 OmyAC20ROGR    (0)    1 :  0.022 0.849 0.022 0.074 0.032 
426 OmyAC20ROGR    (0)    1 :  0.136 0.083 0.248 0.047 0.485 
427 OmyAC20ROGR    (0)    1 :  0.194 0.181 0.332 0.083 0.209 
428 OmyAC20ROGR    (0)    1 :  0.019 0.906 0.026 0.021 0.028 
429 OmyAC20ROGR    (0)    1 :  0.686 0.022 0.134 0.072 0.086 
430 OmyAC20ROGR    (0)    1 :  0.297 0.091 0.298 0.029 0.285 
431 OmyAC20ROGR    (0)    1 :  0.080 0.495 0.137 0.080 0.207 
432 OmyAC20ROGR    (0)    1 :  0.037 0.841 0.039 0.033 0.051 
433 OmyAC20ROGR    (0)    1 :  0.044 0.876 0.027 0.032 0.020 
434 OmyAC20ROGR    (0)    1 :  0.372 0.184 0.075 0.029 0.341 
435 OmyAC20ROGR    (0)    1 :  0.045 0.015 0.273 0.085 0.582 
436 OmyAC20ROGR    (0)    1 :  0.196 0.039 0.493 0.026 0.247 
437 OmyAC20ROGR    (0)    1 :  0.165 0.639 0.102 0.051 0.044 
438 OmyAC20ROGR    (0)    1 :  0.191 0.284 0.090 0.058 0.376 
439 OmyAC20ROGR    (0)    1 :  0.238 0.047 0.193 0.057 0.465 
440 OmyAC20ROGR    (0)    1 :  0.051 0.777 0.068 0.048 0.055 
441 OmyAC20ROGR    (0)    1 :  0.301 0.022 0.468 0.092 0.117 
442 OmyAC20ROGR    (0)    1 :  0.142 0.055 0.450 0.056 0.297 
443 OmyAC20ROGR    (0)    1 :  0.101 0.019 0.092 0.480 0.308 
444 OmyAC20ROGR    (0)    1 :  0.395 0.098 0.349 0.040 0.118 
445 OmyAC20ROGR    (0)    1 :  0.495 0.091 0.109 0.035 0.271 
446 OmyJC18ROGR    (0)    2 :  0.117 0.051 0.219 0.540 0.072 
447 OmyJC18ROGR    (0)    2 :  0.208 0.040 0.329 0.072 0.352 
448 OmyJC18ROGR    (0)    2 :  0.125 0.067 0.551 0.034 0.223 
449 OmyJC18ROGR    (0)    2 :  0.107 0.692 0.059 0.080 0.061 
450 OmyJC18ROGR    (0)    2 :  0.092 0.676 0.060 0.084 0.089 
451 OmyJC18ROGR    (0)    2 :  0.031 0.858 0.025 0.022 0.064 
452 OmyJC18ROGR    (0)    2 :  0.070 0.247 0.343 0.207 0.133 
453 OmyJC18ROGR    (0)    2 :  0.160 0.029 0.104 0.567 0.141 
454 OmyJC18ROGR    (0)    2 :  0.037 0.851 0.038 0.023 0.051 
455 OmyJC18ROGR    (0)    2 :  0.501 0.036 0.221 0.048 0.195 
456 OmyJC18ROGR    (0)    2 :  0.035 0.865 0.043 0.018 0.039 
457 OmyJC18ROGR    (0)    2 :  0.106 0.043 0.261 0.037 0.554 
458 OmyJC18ROGR    (0)    2 :  0.132 0.156 0.175 0.450 0.087 
459 OmyJC18ROGR    (0)    2 :  0.259 0.017 0.260 0.314 0.150 
460 OmyJC18ROGR    (2)    2 :  0.121 0.395 0.200 0.087 0.197 
461 OmyJC18ROGR    (1)    2 :  0.121 0.304 0.167 0.190 0.219 
462 OmyJC18ROGR    (3)    2 :  0.125 0.390 0.146 0.131 0.208 
463 OmyJC18ROGR    (1)    2 :  0.083 0.689 0.085 0.077 0.066 
464 OmyJC18ROGR    (3)    2 :  0.220 0.027 0.496 0.032 0.225 
465 OmyJC18ROGR    (3)    2 :  0.489 0.049 0.201 0.058 0.202 
466 OmyJC18ROGR    (0)    2 :  0.146 0.148 0.182 0.062 0.462 
467 OmyJC18ROGR    (1)    2 :  0.456 0.034 0.183 0.066 0.260 
468 OmyJC18ROGR    (0)    2 :  0.649 0.039 0.184 0.041 0.087 
469 OmyJC18ROGR    (0)    2 :  0.108 0.751 0.035 0.036 0.070 
470 OmyJC18ROGR    (3)    2 :  0.230 0.514 0.120 0.052 0.085 
471 OmyJC18ROGR    (1)    2 :  0.127 0.284 0.202 0.134 0.254 
472 OmyJC18ROGR    (1)    2 :  0.125 0.065 0.373 0.041 0.397 
473 OmyJC18ROGR    (2)    2 :  0.108 0.026 0.450 0.066 0.350 
474 OmyJC18ROGR    (0)    2 :  0.111 0.038 0.150 0.591 0.110 
475 OmyJC18ROGR    (1)    2 :  0.036 0.650 0.038 0.240 0.036 
476 OmyJC18ROGR    (2)    2 :  0.162 0.018 0.201 0.337 0.282 
477 OmyJC18ROGR    (3)    2 :  0.348 0.090 0.167 0.077 0.318 
478 OmyJC18ROGR    (0)    2 :  0.108 0.051 0.169 0.355 0.317 
479 OmyJC18ROGR    (0)    2 :  0.184 0.020 0.614 0.058 0.125 
480 OmyJC18ROGR    (0)    2 :  0.140 0.161 0.378 0.071 0.249 
481 OmyJC18ROGR    (2)    2 :  0.064 0.215 0.272 0.196 0.253 
482 OmyJC18ROGR    (3)    2 :  0.504 0.020 0.129 0.083 0.265 
483 OmyJC18ROGR    (3)    2 :  0.499 0.048 0.163 0.034 0.255 
484 OmyJC18ROGR    (3)    2 :  0.240 0.047 0.240 0.158 0.314 
485 OmyJC18ROGR    (2)    2 :  0.096 0.608 0.171 0.040 0.086 
486 OmyJC18ROGR    (2)    2 :  0.269 0.440 0.117 0.057 0.117 
487 OmyJC18ROGR    (1)    2 :  0.073 0.098 0.107 0.244 0.477 
488 OmyJC18ROGR    (3)    2 :  0.201 0.055 0.240 0.077 0.426 
489 OmyJC18ROGR    (0)    2 :  0.171 0.030 0.146 0.095 0.557 
490 OmyJC18ROGR    (2)    2 :  0.182 0.068 0.307 0.097 0.346 
491 OmyJC18ROGR    (4)    2 :  0.081 0.124 0.117 0.586 0.092 
492 OmyJC18ROGR    (4)    2 :  0.091 0.018 0.067 0.755 0.069 
493 OmyJC18ROGR    (3)    2 :  0.219 0.102 0.161 0.047 0.473 
494 OmyJC18ROGR    (3)    2 :  0.032 0.884 0.034 0.025 0.025 
495 OmyJC18ROGR    (3)    2 :  0.095 0.170 0.150 0.445 0.141 
496 OmyJC18ROGR    (0)    2 :  0.243 0.075 0.171 0.279 0.231 
497 OmyJC18ROGR    (5)    2 :  0.216 0.086 0.326 0.201 0.171 
498 OmyJC18ROGR    (3)    2 :  0.075 0.185 0.198 0.105 0.437 
499 OmyJC18ROGR    (1)    2 :  0.219 0.050 0.138 0.150 0.442 
500 OmyJC18ROGR    (1)    2 :  0.343 0.024 0.299 0.107 0.227 
501 OmyJC18ROGR    (3)    2 :  0.086 0.410 0.169 0.074 0.260 
502 OmyJC18ROGR    (1)    2 :  0.578 0.163 0.164 0.042 0.054 
503 OmyJC18ROGR    (4)    2 :  0.290 0.044 0.450 0.032 0.184 
504 OmyJC18ROGR    (1)    2 :  0.495 0.299 0.082 0.027 0.097 
505 OmyJC18ROGR    (0)    2 :  0.179 0.249 0.130 0.291 0.151 
506 OmyJC18ROGR    (6)    2 :  0.181 0.052 0.133 0.252 0.382 
507 OmyJC18ROGR    (0)    2 :  0.169 0.141 0.331 0.076 0.282 
508 OmyJC18ROGR    (0)    2 :  0.487 0.090 0.182 0.067 0.174 
509 OmyJC18ROGR    (2)    2 :  0.029 0.886 0.022 0.037 0.026 
510 OmyJC18ROGR    (1)    2 :  0.177 0.026 0.323 0.128 0.347 
511 OmyJC18ROGR    (3)    2 :  0.059 0.122 0.064 0.675 0.079 
512 OmyJC18ROGR    (2)    2 :  0.087 0.770 0.066 0.022 0.055 
513 OmyJC18ROGR    (7)    2 :  0.104 0.161 0.091 0.398 0.245 
514 OmyJC18ROGR    (3)    2 :  0.129 0.581 0.055 0.187 0.048 
515 OmyJC18ROGR    (0)    2 :  0.209 0.065 0.402 0.101 0.222 
516 OmyJC18ROGR    (2)    2 :  0.131 0.196 0.332 0.095 0.245 
517 OmyJC18ROGR    (2)    2 :  0.073 0.246 0.119 0.246 0.316 
518 OmyJC18ROGR    (0)    2 :  0.269 0.041 0.426 0.083 0.180 
519 OmyJC18ROGR    (7)    2 :  0.038 0.051 0.098 0.731 0.082 
520 OmyJC18ROGR    (4)    2 :  0.050 0.195 0.109 0.322 0.323 
521 OmyJC18ROGR    (1)    2 :  0.115 0.160 0.147 0.252 0.326 
522 OmyJC18ROGR    (1)    2 :  0.385 0.092 0.093 0.035 0.395 
523 OmyJC18ROGR    (3)    2 :  0.474 0.046 0.204 0.093 0.183 
524 OmyJC18ROGR    (1)    2 :  0.394 0.040 0.222 0.049 0.296 
525 OmyJC18ROGR    (2)    2 :  0.412 0.137 0.080 0.305 0.066 
526 OmyJC18ROGR    (1)    2 :  0.249 0.073 0.264 0.322 0.091 
527 OmyJC18ROGR    (0)    2 :  0.146 0.028 0.278 0.328 0.221 
528 OmyJC18ROGR    (0)    2 :  0.352 0.031 0.405 0.066 0.145 
529 OmyJC18ROGR    (1)    2 :  0.078 0.031 0.472 0.073 0.347 
530 OmyJC18ROGR    (0)    2 :  0.698 0.030 0.151 0.030 0.092 
531 OmyJC18ROGR    (0)    2 :  0.240 0.047 0.531 0.038 0.145 
532 OmyJC18ROGR    (1)    2 :  0.329 0.020 0.275 0.071 0.305 
533 OmyJC18ROGR    (2)    2 :  0.079 0.018 0.290 0.149 0.463 
534 OmyJC18ROGR    (2)    2 :  0.247 0.053 0.284 0.060 0.355 
535 OmyJC18ROGR    (0)    2 :  0.118 0.044 0.361 0.350 0.126 
536 OmyJC18ROGR    (0)    2 :  0.038 0.032 0.103 0.752 0.074 
537 OmyJC18ROGR    (0)    2 :  0.168 0.025 0.160 0.337 0.309 
538 OmyJC18ROGR    (0)    2 :  0.180 0.039 0.435 0.039 0.308 
539 OmyJC18ROGR    (1)    2 :  0.641 0.053 0.127 0.071 0.108 
540 OmyJC18ROGR    (6)    2 :  0.057 0.039 0.105 0.062 0.737 
541 OmyJC18ROGR    (1)    2 :  0.120 0.054 0.519 0.149 0.158 
542 OmyJC18ROGR    (1)    2 :  0.072 0.156 0.555 0.106 0.111 
543 OmyJC18ROGR    (0)    2 :  0.246 0.231 0.214 0.057 0.253 
544 OmyJC18ROGR    (2)    2 :  0.204 0.036 0.348 0.176 0.235 
545 OmyJC18ROGR    (1)    2 :  0.246 0.590 0.055 0.017 0.092 
546 OmyJC18ROGR    (6)    2 :  0.094 0.014 0.767 0.053 0.072 
547 OmyJC18ROGR    (0)    2 :  0.309 0.099 0.221 0.027 0.345 
548 OmyJC18ROGR    (1)    2 :  0.089 0.126 0.100 0.112 0.572 
549 OmyJC18ROGR    (0)    2 :  0.107 0.040 0.638 0.048 0.167 
550 OmyJC18ROGR    (1)    2 :  0.042 0.788 0.050 0.046 0.074 
551 OmyJC18ROGR    (1)    2 :  0.081 0.049 0.090 0.477 0.303 
552 OmyJC18ROGR    (2)    2 :  0.112 0.086 0.245 0.059 0.499 
553 OmyJC18ROGR    (7)    2 :  0.165 0.067 0.520 0.135 0.113 
554 OmyJC18ROGR    (2)    2 :  0.182 0.037 0.430 0.117 0.233 
555 OmyJC18ROGR    (3)    2 :  0.163 0.031 0.265 0.212 0.329 
556 OmyJC18ROGR    (0)    2 :  0.029 0.065 0.085 0.717 0.104 
557 OmyJC18ROGR    (1)    2 :  0.111 0.498 0.082 0.068 0.241 
558 OmyJC18ROGR    (0)    2 :  0.030 0.136 0.049 0.700 0.085 
559 OmyJC18ROGR    (0)    2 :  0.458 0.024 0.328 0.049 0.140 
560 OmyJC18ROGR    (5)    2 :  0.286 0.092 0.074 0.173 0.375 
561 OmyJC18ROGR    (0)    2 :  0.749 0.023 0.094 0.029 0.105 
562 OmyJC18ROGR    (6)    2 :  0.138 0.048 0.326 0.345 0.144 
563 OmyJC18ROGR    (2)    2 :  0.135 0.067 0.313 0.191 0.294 
564 OmyJC18ROGR    (3)    2 :  0.082 0.286 0.134 0.387 0.111 
565 OmyJC18ROGR    (3)    2 :  0.300 0.081 0.210 0.132 0.278 
566 OmyJC18ROGR    (1)    2 :  0.387 0.052 0.075 0.047 0.438 
567 OmyJC18ROGR    (0)    2 :  0.590 0.026 0.174 0.094 0.115 
568 OmyJC18ROGR    (3)    2 :  0.069 0.108 0.405 0.280 0.139 
569 OmyJC18ROGR    (2)    2 :  0.337 0.043 0.169 0.117 0.334 
570 OmyJC18ROGR    (0)    2 :  0.377 0.077 0.307 0.034 0.204 
571 OmyJC18ROGR    (1)    2 :  0.195 0.016 0.599 0.028 0.162 
572 OmyJC18ROGR    (4)    2 :  0.191 0.045 0.188 0.485 0.091 
573 OmyJC18ROGR    (3)    2 :  0.141 0.455 0.135 0.138 0.130 
574 OmyJC18ROGR    (5)    2 :  0.096 0.192 0.393 0.124 0.195 
575 OmyJC18ROGR    (3)    2 :  0.086 0.026 0.195 0.316 0.376 
576 OmyJC18ROGR    (0)    2 :  0.173 0.057 0.473 0.185 0.112 
577 OmyJC18ROGR    (0)    2 :  0.032 0.867 0.050 0.019 0.031 
578 OmyJC18ROGR    (1)    2 :  0.163 0.032 0.610 0.043 0.152 
579 OmyJC18ROGR    (0)    2 :  0.048 0.763 0.055 0.054 0.080 
580 OmyJC18ROGR    (0)    2 :  0.344 0.019 0.192 0.262 0.183 
581 OmyJC18ROGR    (3)    2 :  0.406 0.060 0.251 0.066 0.216 
582 OmyJC18ROGR    (6)    2 :  0.210 0.029 0.277 0.231 0.253 
583 OmyJC18ROGR    (3)    2 :  0.123 0.029 0.386 0.386 0.076 
584 OmyJC18ROGR    (3)    2 :  0.242 0.064 0.346 0.218 0.130 
585 OmyJC18ROGR    (1)    2 :  0.106 0.044 0.100 0.037 0.713 
586 OmyJC18ROGR    (1)    2 :  0.193 0.016 0.590 0.084 0.118 
587 OmyJC18ROGR    (0)    2 :  0.026 0.914 0.029 0.016 0.015 
588 OmyJC18ROGR    (0)    2 :  0.092 0.183 0.103 0.534 0.088 
589 OmyJC18ROGR    (1)    2 :  0.069 0.056 0.387 0.125 0.363 
590 OmyJC18ROGR    (2)    2 :  0.147 0.009 0.693 0.027 0.124 
591 OmyJC18ROGR    (0)    2 :  0.239 0.050 0.310 0.111 0.290 
592 OmyJC18ROGR    (3)    2 :  0.158 0.049 0.620 0.061 0.112 
593 OmyJC18ROGR    (0)    2 :  0.115 0.102 0.146 0.288 0.348 
594 OmyJC18ROGR    (1)    2 :  0.125 0.038 0.378 0.072 0.387 
595 OmyJC18ROGR    (0)    2 :  0.088 0.074 0.148 0.376 0.315 
596 OmyJC18ROGR    (1)    2 :  0.242 0.095 0.381 0.130 0.152 
597 OmyJC18ROGR    (0)    2 :  0.124 0.069 0.209 0.174 0.423 
598 OmyJC18ROGR    (1)    2 :  0.323 0.055 0.350 0.059 0.213 
599 OmyJC18ROGR    (0)    2 :  0.436 0.061 0.277 0.069 0.157 
600 OmyJC18ROGR    (0)    2 :  0.085 0.035 0.216 0.393 0.271 
601 OmyJC18ROGR    (0)    2 :  0.383 0.029 0.182 0.193 0.213 
602 OmyJC18ROGR    (0)    2 :  0.702 0.074 0.074 0.044 0.106 
603 OmyJC18ROGR    (0)    2 :  0.148 0.029 0.122 0.302 0.399 
604 OmyJC18ROGR    (0)    2 :  0.302 0.043 0.328 0.178 0.149 
605 OmyJC18ROGR    (0)    2 :  0.090 0.024 0.055 0.637 0.195 
606 OmyJC18ROGR    (0)    2 :  0.078 0.064 0.339 0.219 0.300 
