

----------------------------------------------------
STRUCTURE by Pritchard, Stephens and Donnelly (2000)
     and Falush, Stephens and Pritchard (2003)
       Code by Pritchard, Falush and Hubisz
             Version 2.3.4 (Jul 2012)
----------------------------------------------------



Command line arguments:   bin/structure -m "/Users/ddayan/FRA/premature_migration/Rogue_Half-Pounder/half-pounder/structure/halfpounder_2021/10k_20k_adm_corr/mainparams" -e "/Users/ddayan/FRA/premature_migration/Rogue_Half-Pounder/half-pounder/structure/halfpounder_2021/10k_20k_adm_corr/extraparams" 
Input File:    /Users/ddayan/FRA/premature_migration/Rogue_Half-Pounder/half-pounder/structure/halfpounder_2021/project_data

Run parameters:
   1000 individuals
   328 loci
   4 populations assumed
   10000 Burn-in period
   20000 Reps


--------------------------------------------
Proportion of membership of each pre-defined
 population in each of the 4 clusters

Given    Inferred Clusters              Number of
 Pop       1      2      3      4      Individuals

  1:     0.224  0.263  0.235  0.278      275
  2:     0.244  0.265  0.223  0.268      643
  3:     0.738  0.089  0.065  0.108       42
  4:     0.127  0.413  0.079  0.382       40
--------------------------------------------

Allele-freq. divergence among pops (Net nucleotide distance),
computed using point estimates of P.

      1       2       3       4      
 1      -    0.0035  0.0106  0.0028  
 2   0.0035     -    0.0087  0.0008  
 3   0.0106  0.0087     -    0.0082  
 4   0.0028  0.0008  0.0082     -    

Average distances (expected heterozygosity) between individuals in same cluster:
cluster  1  : 0.2882 
cluster  2  : 0.2926 
cluster  3  : 0.2614 
cluster  4  : 0.2935 

--------------------------------------------
Estimated Ln Prob of Data   = -285734.2
Mean value of ln likelihood = -283944.5
Variance of ln likelihood   = 3579.3
Mean value of alpha         = 0.2886

Mean value of Fst_1         = 0.0227
Mean value of Fst_2         = 0.0122
Mean value of Fst_3         = 0.0729
Mean value of Fst_4         = 0.0061


Inferred ancestry of individuals:
        Label (%Miss) Pop:  Inferred clusters
  1 OmyAC19ROGR    (0)    1 :  0.315 0.139 0.024 0.522 
  2 OmyAC19ROGR    (0)    1 :  0.383 0.105 0.116 0.395 
  3 OmyAC19ROGR    (0)    1 :  0.313 0.113 0.101 0.472 
  4 OmyAC19ROGR    (0)    1 :  0.222 0.398 0.036 0.344 
  5 OmyAC19ROGR    (1)    1 :  0.019 0.018 0.939 0.024 
  6 OmyAC19ROGR    (0)    1 :  0.074 0.146 0.205 0.575 
  7 OmyAC19ROGR    (0)    1 :  0.178 0.403 0.241 0.178 
  8 OmyAC19ROGR    (0)    1 :  0.299 0.427 0.025 0.249 
  9 OmyAC19ROGR    (0)    1 :  0.233 0.078 0.302 0.388 
 10 OmyAC19ROGR    (0)    1 :  0.196 0.124 0.512 0.168 
 11 OmyAC19ROGR    (0)    1 :  0.216 0.463 0.095 0.226 
 12 OmyAC19ROGR    (0)    1 :  0.079 0.239 0.142 0.540 
 13 OmyAC19ROGR    (0)    1 :  0.198 0.632 0.037 0.133 
 14 OmyAC19ROGR    (0)    1 :  0.051 0.312 0.492 0.144 
 15 OmyAC19ROGR    (0)    1 :  0.057 0.402 0.468 0.074 
 16 OmyAC19ROGR    (0)    1 :  0.206 0.499 0.133 0.163 
 17 OmyAC19ROGR    (0)    1 :  0.037 0.398 0.107 0.458 
 18 OmyAC19ROGR    (2)    1 :  0.422 0.329 0.039 0.210 
 19 OmyAC19ROGR    (1)    1 :  0.227 0.495 0.077 0.201 
 20 OmyAC19ROGR    (0)    1 :  0.064 0.328 0.275 0.334 
 21 OmyAC19ROGR    (1)    1 :  0.179 0.300 0.308 0.214 
 22 OmyAC19ROGR    (0)    1 :  0.478 0.226 0.116 0.180 
 23 OmyAC19ROGR    (0)    1 :  0.154 0.114 0.316 0.416 
 24 OmyAC19ROGR    (0)    1 :  0.831 0.062 0.024 0.082 
 25 OmyAC19ROGR    (0)    1 :  0.117 0.388 0.285 0.210 
 26 OmyAC19ROGR    (0)    1 :  0.336 0.108 0.144 0.412 
 27 OmyAC19ROGR    (1)    1 :  0.087 0.611 0.075 0.227 
 28 OmyAC19ROGR    (0)    1 :  0.855 0.039 0.044 0.063 
 29 OmyAC19ROGR    (0)    1 :  0.177 0.313 0.096 0.414 
 30 OmyAC19ROGR    (0)    1 :  0.088 0.071 0.728 0.113 
 31 OmyAC19ROGR    (0)    1 :  0.234 0.398 0.068 0.301 
 32 OmyAC19ROGR    (0)    1 :  0.286 0.232 0.192 0.289 
 33 OmyAC19ROGR    (1)    1 :  0.344 0.159 0.140 0.357 
 34 OmyAC19ROGR    (0)    1 :  0.098 0.291 0.523 0.089 
 35 OmyAC19ROGR    (0)    1 :  0.484 0.172 0.095 0.249 
 36 OmyAC19ROGR    (0)    1 :  0.150 0.257 0.221 0.372 
 37 OmyAC19ROGR    (0)    1 :  0.634 0.094 0.154 0.119 
 38 OmyAC19ROGR    (0)    1 :  0.407 0.067 0.458 0.068 
 39 OmyAC19ROGR    (0)    1 :  0.099 0.373 0.142 0.385 
 40 OmyAC19ROGR    (0)    1 :  0.068 0.273 0.375 0.284 
 41 OmyAC19ROGR    (1)    1 :  0.097 0.576 0.060 0.267 
 42 OmyAC19ROGR    (0)    1 :  0.032 0.057 0.847 0.064 
 43 OmyAC19ROGR    (0)    1 :  0.246 0.173 0.069 0.512 
 44 OmyAC19ROGR    (6)    1 :  0.152 0.110 0.050 0.688 
 45 OmyAC19ROGR    (1)    1 :  0.320 0.115 0.391 0.174 
 46 OmyAC19ROGR    (0)    1 :  0.558 0.133 0.108 0.202 
 47 OmyAC19ROGR    (0)    1 :  0.745 0.083 0.093 0.080 
 48 OmyAC19ROGR    (0)    1 :  0.164 0.247 0.066 0.522 
 49 OmyAC19ROGR    (0)    1 :  0.402 0.230 0.056 0.311 
 50 OmyAC19ROGR    (0)    1 :  0.046 0.690 0.035 0.229 
 51 OmyAC19ROGR    (2)    1 :  0.066 0.092 0.773 0.070 
 52 OmyAC19ROGR    (0)    1 :  0.046 0.048 0.857 0.049 
 53 OmyAC19ROGR    (1)    1 :  0.777 0.064 0.051 0.108 
 54 OmyAC19ROGR    (0)    1 :  0.595 0.131 0.093 0.181 
 55 OmyAC19ROGR    (3)    1 :  0.112 0.520 0.116 0.252 
 56 OmyAC19ROGR    (0)    1 :  0.688 0.133 0.109 0.070 
 57 OmyAC19ROGR    (0)    1 :  0.759 0.117 0.025 0.099 
 58 OmyAC19ROGR    (0)    1 :  0.071 0.087 0.715 0.127 
 59 OmyAC19ROGR    (0)    1 :  0.611 0.225 0.028 0.137 
 60 OmyAC19ROGR    (1)    1 :  0.142 0.446 0.165 0.247 
 61 OmyAC19ROGR    (0)    1 :  0.598 0.153 0.072 0.177 
 62 OmyAC19ROGR    (0)    1 :  0.136 0.168 0.053 0.643 
 63 OmyAC19ROGR    (0)    1 :  0.494 0.088 0.275 0.143 
 64 OmyAC19ROGR    (2)    1 :  0.172 0.277 0.110 0.441 
 65 OmyAC19ROGR    (0)    1 :  0.202 0.504 0.061 0.233 
 66 OmyAC19ROGR    (3)    1 :  0.067 0.434 0.350 0.150 
 67 OmyAC19ROGR    (0)    1 :  0.663 0.153 0.044 0.140 
 68 OmyAC19ROGR    (1)    1 :  0.438 0.105 0.093 0.364 
 69 OmyAC19ROGR    (2)    1 :  0.593 0.086 0.249 0.072 
 70 OmyAC19ROGR    (0)    1 :  0.340 0.273 0.052 0.335 
 71 OmyAC19ROGR    (0)    1 :  0.240 0.358 0.061 0.341 
 72 OmyAC19ROGR    (4)    1 :  0.148 0.294 0.041 0.517 
 73 OmyAC19ROGR    (0)    1 :  0.394 0.111 0.250 0.244 
 74 OmyAC19ROGR    (0)    1 :  0.055 0.305 0.040 0.600 
 75 OmyAC19ROGR    (0)    1 :  0.291 0.347 0.174 0.188 
 76 OmyAC19ROGR    (0)    1 :  0.754 0.052 0.067 0.128 
 77 OmyAC19ROGR    (1)    1 :  0.018 0.027 0.932 0.024 
 78 OmyAC19ROGR    (0)    1 :  0.121 0.267 0.064 0.548 
 79 OmyAC19ROGR    (2)    1 :  0.272 0.245 0.094 0.389 
 80 OmyAC19ROGR    (1)    1 :  0.096 0.096 0.715 0.093 
 81 OmyAC19ROGR    (2)    1 :  0.117 0.137 0.485 0.262 
 82 OmyAC19ROGR    (1)    1 :  0.711 0.103 0.028 0.158 
 83 OmyAC19ROGR    (0)    1 :  0.506 0.315 0.072 0.107 
 84 OmyAC19ROGR    (0)    1 :  0.087 0.198 0.206 0.509 
 85 OmyAC19ROGR    (5)    1 :  0.325 0.323 0.055 0.296 
 86 OmyAC19ROGR    (0)    1 :  0.040 0.529 0.177 0.254 
 87 OmyAC19ROGR    (1)    1 :  0.455 0.108 0.056 0.381 
 88 OmyJC19ROGR    (0)    2 :  0.034 0.066 0.854 0.046 
 89 OmyJC19ROGR    (0)    2 :  0.136 0.366 0.110 0.389 
 90 OmyJC19ROGR    (0)    2 :  0.029 0.030 0.914 0.027 
 91 OmyJC19ROGR    (1)    2 :  0.355 0.268 0.022 0.354 
 92 OmyJC19ROGR    (0)    2 :  0.716 0.107 0.078 0.098 
 93 OmyJC19ROGR    (0)    2 :  0.817 0.051 0.025 0.106 
 94 OmyJC19ROGR    (0)    2 :  0.060 0.301 0.187 0.452 
 95 OmyJC19ROGR    (0)    2 :  0.070 0.228 0.173 0.529 
 96 OmyJC19ROGR    (0)    2 :  0.101 0.629 0.105 0.164 
 97 OmyJC19ROGR    (0)    2 :  0.733 0.041 0.166 0.061 
 98 OmyJC19ROGR    (0)    2 :  0.191 0.287 0.053 0.469 
 99 OmyJC19ROGR    (0)    2 :  0.571 0.197 0.118 0.113 
100 OmyJC19ROGR    (1)    2 :  0.126 0.309 0.068 0.497 
101 OmyJC19ROGR    (0)    2 :  0.222 0.097 0.539 0.143 
102 OmyJC19ROGR    (0)    2 :  0.099 0.441 0.128 0.332 
103 OmyJC19ROGR    (0)    2 :  0.285 0.203 0.201 0.311 
104 OmyJC19ROGR    (0)    2 :  0.639 0.130 0.039 0.192 
105 OmyJC19ROGR    (0)    2 :  0.604 0.093 0.183 0.119 
106 OmyJC19ROGR    (0)    2 :  0.036 0.019 0.925 0.021 
107 OmyJC19ROGR    (1)    2 :  0.172 0.504 0.148 0.175 
108 OmyJC19ROGR    (0)    2 :  0.387 0.307 0.094 0.212 
109 OmyJC19ROGR    (0)    2 :  0.055 0.473 0.237 0.235 
110 OmyJC19ROGR    (0)    2 :  0.481 0.078 0.312 0.130 
111 OmyJC19ROGR    (1)    2 :  0.636 0.129 0.131 0.104 
112 OmyJC19ROGR    (2)    2 :  0.087 0.330 0.162 0.421 
113 OmyJC19ROGR    (0)    2 :  0.087 0.174 0.648 0.090 
114 OmyJC19ROGR    (3)    2 :  0.157 0.346 0.062 0.436 
115 OmyJC19ROGR    (1)    2 :  0.455 0.084 0.082 0.379 
116 OmyJC19ROGR    (0)    2 :  0.130 0.248 0.130 0.493 
117 OmyJC19ROGR    (0)    2 :  0.091 0.290 0.204 0.415 
118 OmyJC19ROGR    (0)    2 :  0.216 0.203 0.041 0.540 
119 OmyJC19ROGR    (2)    2 :  0.095 0.546 0.071 0.288 
120 OmyJC19ROGR    (0)    2 :  0.846 0.065 0.024 0.065 
121 OmyJC19ROGR    (0)    2 :  0.081 0.446 0.068 0.405 
122 OmyJC19ROGR    (0)    2 :  0.213 0.265 0.094 0.428 
123 OmyJC19ROGR    (0)    2 :  0.238 0.450 0.032 0.280 
124 OmyJC19ROGR    (0)    2 :  0.102 0.188 0.186 0.524 
125 OmyJC19ROGR    (0)    2 :  0.512 0.068 0.148 0.272 
126 OmyJC19ROGR    (1)    2 :  0.057 0.074 0.730 0.139 
127 OmyJC19ROGR    (0)    2 :  0.075 0.787 0.059 0.080 
128 OmyJC19ROGR    (1)    2 :  0.721 0.110 0.067 0.102 
129 OmyJC19ROGR    (0)    2 :  0.279 0.141 0.367 0.213 
130 OmyJC19ROGR    (2)    2 :  0.043 0.135 0.067 0.755 
131 OmyJC19ROGR    (0)    2 :  0.323 0.178 0.122 0.376 
132 OmyJC19ROGR    (1)    2 :  0.566 0.180 0.073 0.181 
133 OmyJC19ROGR    (0)    2 :  0.150 0.222 0.037 0.592 
134 OmyJC19ROGR    (0)    2 :  0.192 0.445 0.113 0.251 
135 OmyJC19ROGR    (1)    2 :  0.862 0.040 0.045 0.053 
136 OmyJC19ROGR    (3)    2 :  0.178 0.253 0.059 0.510 
137 OmyJC19ROGR    (0)    2 :  0.060 0.567 0.228 0.145 
138 OmyJC19ROGR    (0)    2 :  0.043 0.080 0.726 0.151 
139 OmyJC19ROGR    (2)    2 :  0.141 0.405 0.037 0.417 
140 OmyJC19ROGR    (2)    2 :  0.124 0.561 0.128 0.187 
141 OmyJC19ROGR    (0)    2 :  0.185 0.280 0.352 0.183 
142 OmyJC19ROGR    (0)    2 :  0.268 0.190 0.345 0.197 
143 OmyJC19ROGR    (0)    2 :  0.685 0.057 0.070 0.188 
144 OmyJC19ROGR    (0)    2 :  0.109 0.406 0.030 0.456 
145 OmyJC19ROGR    (0)    2 :  0.063 0.289 0.050 0.598 
146 OmyJC19ROGR    (1)    2 :  0.667 0.108 0.102 0.123 
147 OmyJC19ROGR    (0)    2 :  0.203 0.466 0.101 0.230 
148 OmyJC19ROGR    (0)    2 :  0.246 0.474 0.033 0.247 
149 OmyJC19ROGR    (1)    2 :  0.547 0.170 0.108 0.176 
150 OmyJC19ROGR    (1)    2 :  0.584 0.191 0.079 0.146 
151 OmyJC19ROGR    (0)    2 :  0.218 0.371 0.167 0.244 
152 OmyJC19ROGR    (0)    2 :  0.171 0.336 0.070 0.423 
153 OmyJC19ROGR    (0)    2 :  0.848 0.053 0.058 0.041 
154 OmyJC19ROGR    (1)    2 :  0.096 0.358 0.076 0.471 
155 OmyJC19ROGR    (0)    2 :  0.293 0.173 0.129 0.406 
156 OmyJC19ROGR    (1)    2 :  0.303 0.367 0.140 0.190 
157 OmyJC19ROGR    (0)    2 :  0.322 0.168 0.104 0.407 
158 OmyJC19ROGR    (0)    2 :  0.240 0.210 0.031 0.519 
159 OmyJC19ROGR    (0)    2 :  0.059 0.497 0.058 0.386 
160 OmyJC19ROGR    (0)    2 :  0.369 0.436 0.088 0.106 
161 OmyJC19ROGR    (0)    2 :  0.437 0.348 0.038 0.176 
162 OmyJC19ROGR    (0)    2 :  0.205 0.425 0.077 0.293 
163 OmyJC19ROGR    (0)    2 :  0.649 0.140 0.062 0.148 
164 OmyJC19ROGR    (0)    2 :  0.115 0.386 0.042 0.457 
165 OmyJC19ROGR    (0)    2 :  0.222 0.277 0.031 0.471 
166 OmyJC19ROGR    (0)    2 :  0.106 0.295 0.069 0.530 
167 OmyJC19ROGR    (1)    2 :  0.496 0.175 0.131 0.198 
168 OmyJC19ROGR    (0)    2 :  0.114 0.196 0.097 0.594 
169 OmyJC19ROGR    (0)    2 :  0.016 0.038 0.917 0.029 
170 OmyJC19ROGR    (0)    2 :  0.744 0.071 0.088 0.098 
171 OmyJC19ROGR    (0)    2 :  0.122 0.409 0.042 0.426 
172 OmyJC19ROGR    (0)    2 :  0.398 0.118 0.374 0.110 
173 OmyJC19ROGR    (0)    2 :  0.036 0.036 0.894 0.034 
174 OmyJC19ROGR    (0)    2 :  0.228 0.150 0.047 0.575 
175 OmyJC19ROGR    (0)    2 :  0.099 0.255 0.048 0.598 
176 OmyJC19ROGR    (0)    2 :  0.645 0.119 0.118 0.118 
177 OmyJC19ROGR    (0)    2 :  0.820 0.064 0.020 0.095 
178 OmyJC19ROGR    (0)    2 :  0.033 0.565 0.063 0.339 
179 OmyJC19ROGR    (0)    2 :  0.546 0.231 0.031 0.192 
180 OmyJC19ROGR    (0)    2 :  0.069 0.045 0.845 0.041 
181 OmyJC19ROGR    (0)    2 :  0.124 0.348 0.076 0.452 
182 OmyJC19ROGR    (0)    2 :  0.133 0.380 0.194 0.294 
183 OmyJC19ROGR    (0)    2 :  0.126 0.438 0.052 0.384 
184 OmyJC19ROGR    (0)    2 :  0.141 0.105 0.635 0.119 
185 OmyJC19ROGR    (1)    2 :  0.137 0.161 0.019 0.682 
186 OmyJC19ROGR    (0)    2 :  0.623 0.085 0.117 0.175 
187 OmyJC19ROGR    (0)    2 :  0.074 0.106 0.030 0.790 
188 OmyJC19ROGR    (0)    2 :  0.222 0.316 0.050 0.413 
189 OmyJC19ROGR    (0)    2 :  0.424 0.144 0.219 0.213 
190 OmyJC19ROGR    (0)    2 :  0.765 0.097 0.056 0.081 
191 OmyJC19ROGR    (0)    2 :  0.613 0.094 0.051 0.242 
192 OmyJC19ROGR    (0)    2 :  0.049 0.655 0.063 0.233 
193 OmyJC19ROGR    (1)    2 :  0.190 0.322 0.169 0.319 
194 OmyJC19ROGR    (0)    2 :  0.080 0.786 0.027 0.107 
195 OmyJC19ROGR    (0)    2 :  0.041 0.096 0.790 0.073 
196 OmyJC19ROGR    (0)    2 :  0.044 0.103 0.046 0.806 
197 OmyJC19ROGR    (0)    2 :  0.476 0.256 0.089 0.179 
198 OmyJC19ROGR    (0)    2 :  0.077 0.117 0.736 0.070 
199 OmyJC19ROGR    (0)    2 :  0.162 0.390 0.036 0.412 
200 OmyJC19ROGR    (0)    2 :  0.663 0.079 0.107 0.150 
201 OmyJC19ROGR    (0)    2 :  0.126 0.488 0.036 0.350 
202 OmyJC19ROGR    (0)    2 :  0.840 0.086 0.018 0.056 
203 OmyJC19ROGR    (0)    2 :  0.245 0.353 0.063 0.340 
204 OmyJC19ROGR    (0)    2 :  0.247 0.393 0.071 0.289 
205 OmyJC19ROGR    (0)    2 :  0.155 0.256 0.163 0.426 
206 OmyJC19ROGR    (0)    2 :  0.052 0.053 0.844 0.051 
207 OmyJC19ROGR    (0)    2 :  0.142 0.210 0.306 0.342 
208 OmyJC19ROGR    (0)    2 :  0.068 0.700 0.049 0.183 
209 OmyJC19ROGR    (0)    2 :  0.250 0.093 0.529 0.127 
210 OmyJC19ROGR    (0)    2 :  0.025 0.039 0.872 0.064 
211 OmyJC19ROGR    (0)    2 :  0.198 0.237 0.244 0.322 
212 OmyJC19ROGR    (1)    2 :  0.573 0.134 0.186 0.107 
213 OmyJC19ROGR    (1)    2 :  0.140 0.225 0.051 0.585 
214 OmyJC19ROGR    (0)    2 :  0.087 0.341 0.067 0.504 
215 OmyJC19ROGR    (0)    2 :  0.117 0.733 0.041 0.110 
216 OmyJC19ROGR    (0)    2 :  0.048 0.073 0.794 0.085 
217 OmyJC19ROGR    (0)    2 :  0.104 0.246 0.439 0.211 
218 OmyJC19ROGR    (0)    2 :  0.514 0.123 0.050 0.313 
219 OmyJC19ROGR    (0)    2 :  0.058 0.601 0.134 0.206 
220 OmyJC19ROGR    (0)    2 :  0.253 0.340 0.021 0.385 
221 OmyJC19ROGR    (0)    2 :  0.099 0.115 0.256 0.529 
222 OmyJC19ROGR    (0)    2 :  0.449 0.278 0.048 0.225 
223 OmyJC19ROGR    (0)    2 :  0.159 0.391 0.072 0.377 
224 OmyJC19ROGR    (0)    2 :  0.088 0.577 0.044 0.291 
225 OmyJC19ROGR    (0)    2 :  0.023 0.027 0.918 0.031 
226 OmyJC19ROGR    (0)    2 :  0.062 0.225 0.249 0.464 
227 OmyJC19ROGR    (1)    2 :  0.048 0.031 0.887 0.034 
228 OmyJC19ROGR    (0)    2 :  0.054 0.583 0.063 0.300 
229 OmyJC19ROGR    (1)    2 :  0.223 0.141 0.041 0.596 
230 OmyJC19ROGR    (0)    2 :  0.237 0.129 0.244 0.390 
231 OmyJC19ROGR    (0)    2 :  0.091 0.284 0.121 0.504 
232 OmyJC19ROGR    (1)    2 :  0.196 0.248 0.069 0.487 
233 OmyJC19ROGR    (0)    2 :  0.173 0.330 0.205 0.292 
234 OmyJC19ROGR    (0)    2 :  0.037 0.032 0.898 0.033 
235 OmyJC19ROGR    (0)    2 :  0.144 0.127 0.648 0.081 
236 OmyJC19ROGR    (1)    2 :  0.215 0.572 0.044 0.169 
237 OmyJC19ROGR    (0)    2 :  0.171 0.451 0.076 0.303 
238 OmyJC19ROGR    (0)    2 :  0.072 0.488 0.130 0.311 
239 OmyJC19ROGR    (0)    2 :  0.157 0.485 0.130 0.228 
240 OmyJC19ROGR    (0)    2 :  0.162 0.218 0.068 0.552 
241 OmyJC19ROGR    (0)    2 :  0.560 0.163 0.129 0.148 
242 OmyJC19ROGR    (0)    2 :  0.205 0.664 0.033 0.098 
243 OmyJC19ROGR    (0)    2 :  0.472 0.251 0.076 0.200 
244 OmyJC19ROGR    (0)    2 :  0.505 0.168 0.099 0.228 
245 OmyJC19ROGR    (0)    2 :  0.025 0.029 0.912 0.033 
246 OmyJC19ROGR    (0)    2 :  0.522 0.097 0.233 0.148 
247 OmyJC19ROGR    (0)    2 :  0.163 0.104 0.600 0.133 
248 OmyJC19ROGR    (0)    2 :  0.116 0.104 0.581 0.199 
249 OmyJC19ROGR    (0)    2 :  0.075 0.273 0.094 0.558 
250 OmyJC19ROGR    (0)    2 :  0.153 0.398 0.123 0.326 
251 OmyJC19ROGR    (0)    2 :  0.115 0.223 0.066 0.596 
252 OmyJC19ROGR    (0)    2 :  0.799 0.053 0.050 0.098 
253 OmyJC19ROGR    (0)    2 :  0.115 0.426 0.128 0.331 
254 OmyJC19ROGR    (0)    2 :  0.509 0.146 0.094 0.251 
255 OmyJC19ROGR    (0)    2 :  0.596 0.091 0.044 0.269 
256 OmyJC19ROGR    (0)    2 :  0.387 0.116 0.360 0.138 
257 OmyJC19ROGR    (0)    2 :  0.083 0.151 0.110 0.656 
258 OmyAC19ROGR    (0)    1 :  0.202 0.341 0.210 0.246 
259 OmyAC19ROGR    (1)    1 :  0.105 0.244 0.455 0.195 
260 OmyAC19ROGR    (0)    1 :  0.080 0.730 0.043 0.147 
261 OmyAC19ROGR    (0)    1 :  0.065 0.227 0.069 0.639 
262 OmyAC19ROGR    (0)    1 :  0.179 0.189 0.148 0.484 
263 OmyAC19ROGR    (0)    1 :  0.541 0.199 0.075 0.185 
264 OmyAC19ROGR    (0)    1 :  0.178 0.271 0.091 0.460 
265 OmyAC19ROGR    (0)    1 :  0.282 0.197 0.063 0.457 
266 OmyAC19ROGR    (0)    1 :  0.079 0.138 0.034 0.749 
267 OmyAC19ROGR    (0)    1 :  0.143 0.187 0.172 0.498 
268 OmyAC19ROGR    (1)    1 :  0.510 0.117 0.206 0.167 
269 OmyAC19ROGR    (1)    1 :  0.092 0.425 0.207 0.276 
270 OmyAC19ROGR    (0)    1 :  0.447 0.067 0.047 0.439 
271 OmyAC19ROGR    (0)    1 :  0.104 0.334 0.336 0.226 
272 OmyAC19ROGR    (0)    1 :  0.066 0.378 0.208 0.348 
273 OmyAC19ROGR    (0)    1 :  0.256 0.453 0.058 0.233 
274 OmyAC19ROGR    (0)    1 :  0.069 0.050 0.781 0.101 
275 OmyAC19ROGR    (0)    1 :  0.388 0.302 0.145 0.165 
276 OmyAC19ROGR    (0)    1 :  0.160 0.571 0.091 0.178 
277 OmyAC19ROGR    (0)    1 :  0.057 0.474 0.113 0.357 
278 OmyAC19ROGR    (0)    1 :  0.088 0.265 0.373 0.274 
279 OmyAC19ROGR    (0)    1 :  0.072 0.584 0.248 0.096 
280 OmyAC19ROGR    (0)    1 :  0.305 0.096 0.154 0.444 
281 OmyAC19ROGR    (0)    1 :  0.124 0.426 0.073 0.378 
282 OmyAC19ROGR    (0)    1 :  0.193 0.184 0.231 0.392 
283 OmyAC19ROGR    (0)    1 :  0.129 0.438 0.065 0.368 
284 OmyAC19ROGR    (0)    1 :  0.271 0.330 0.042 0.356 
285 OmyAC19ROGR    (0)    1 :  0.408 0.298 0.071 0.222 
286 OmyAC19ROGR    (0)    1 :  0.323 0.380 0.031 0.267 
287 OmyAC19ROGR    (0)    1 :  0.013 0.015 0.955 0.017 
288 OmyAC19ROGR    (0)    1 :  0.054 0.077 0.790 0.079 
289 OmyAC19ROGR    (0)    1 :  0.113 0.501 0.187 0.198 
290 OmyAC19ROGR    (1)    1 :  0.026 0.023 0.931 0.020 
291 OmyAC19ROGR    (0)    1 :  0.250 0.127 0.450 0.172 
292 OmyAC19ROGR    (1)    1 :  0.112 0.346 0.258 0.284 
293 OmyAC19ROGR    (0)    1 :  0.715 0.130 0.037 0.118 
294 OmyAC19ROGR    (0)    1 :  0.078 0.295 0.400 0.227 
295 OmyAC19ROGR    (0)    1 :  0.222 0.437 0.042 0.300 
296 OmyAC19ROGR    (0)    1 :  0.166 0.597 0.054 0.182 
297 OmyAC19ROGR    (0)    1 :  0.046 0.094 0.754 0.106 
298 OmyAC19ROGR    (0)    1 :  0.071 0.703 0.043 0.183 
299 OmyAC19ROGR    (0)    1 :  0.358 0.172 0.315 0.155 
300 OmyAC19ROGR    (0)    1 :  0.155 0.395 0.059 0.391 
301 OmyAC19ROGR    (0)    1 :  0.026 0.040 0.882 0.053 
302 OmyAC19ROGR    (0)    1 :  0.075 0.258 0.505 0.163 
303 OmyAC19ROGR    (0)    1 :  0.079 0.496 0.168 0.257 
304 OmyAC19ROGR    (0)    1 :  0.109 0.610 0.169 0.111 
305 OmyAC19ROGR    (0)    1 :  0.127 0.611 0.045 0.218 
306 OmyAC19ROGR    (0)    1 :  0.032 0.086 0.711 0.171 
307 OmyAC19ROGR    (1)    1 :  0.295 0.227 0.036 0.442 
308 OmyAC19ROGR    (0)    1 :  0.086 0.263 0.142 0.509 
309 OmyAC19ROGR    (1)    1 :  0.040 0.042 0.876 0.041 
310 OmyAC19ROGR    (0)    1 :  0.143 0.179 0.432 0.246 
311 OmyAC19ROGR    (0)    1 :  0.069 0.304 0.520 0.107 
312 OmyAC19ROGR    (0)    1 :  0.536 0.161 0.057 0.246 
313 OmyAC19ROGR    (0)    1 :  0.137 0.301 0.033 0.529 
314 OmyAC19ROGR    (0)    1 :  0.719 0.113 0.059 0.109 
315 OmyAC19ROGR    (0)    1 :  0.163 0.348 0.094 0.395 
316 OmyAC19ROGR    (0)    1 :  0.118 0.213 0.055 0.614 
317 OmyAC19ROGR    (0)    1 :  0.562 0.234 0.060 0.143 
318 OmyAC19ROGR    (0)    1 :  0.533 0.163 0.041 0.263 
319 OmyAC19ROGR    (1)    1 :  0.155 0.613 0.028 0.204 
320 OmyAC19ROGR    (0)    1 :  0.110 0.591 0.023 0.276 
321 OmyAC19ROGR    (0)    1 :  0.104 0.452 0.042 0.402 
322 OmyAC19ROGR    (0)    1 :  0.092 0.182 0.546 0.180 
323 OmyAC19ROGR    (0)    1 :  0.053 0.583 0.045 0.319 
324 OmyAC19ROGR    (0)    1 :  0.221 0.209 0.048 0.522 
325 OmyAC19ROGR    (0)    1 :  0.081 0.138 0.388 0.393 
326 OmyAC19ROGR    (0)    1 :  0.069 0.212 0.063 0.656 
327 OmyAC19ROGR    (0)    1 :  0.205 0.416 0.060 0.318 
328 OmyAC20ROGR    (1)    1 :  0.242 0.487 0.049 0.222 
329 OmyAC20ROGR    (0)    1 :  0.422 0.311 0.099 0.168 
330 OmyAC20ROGR    (0)    1 :  0.261 0.256 0.099 0.384 
331 OmyAC20ROGR    (0)    1 :  0.199 0.152 0.375 0.275 
332 OmyAC20ROGR    (0)    1 :  0.323 0.179 0.265 0.233 
333 OmyAC20ROGR    (0)    1 :  0.323 0.086 0.356 0.235 
334 OmyAC20ROGR    (0)    1 :  0.703 0.163 0.033 0.100 
335 OmyAC20ROGR    (0)    1 :  0.260 0.280 0.070 0.390 
336 OmyAC20ROGR    (0)    1 :  0.171 0.229 0.194 0.406 
337 OmyAC20ROGR    (0)    1 :  0.102 0.238 0.509 0.150 
338 OmyAC20ROGR    (0)    1 :  0.368 0.182 0.190 0.260 
339 OmyAC20ROGR    (0)    1 :  0.135 0.383 0.151 0.331 
340 OmyAC20ROGR    (0)    1 :  0.776 0.060 0.073 0.091 
341 OmyAC20ROGR    (0)    1 :  0.662 0.100 0.118 0.119 
342 OmyAC20ROGR    (0)    1 :  0.322 0.196 0.229 0.252 
343 OmyAC20ROGR    (0)    1 :  0.408 0.135 0.086 0.371 
344 OmyAC20ROGR    (0)    1 :  0.425 0.151 0.218 0.206 
345 OmyAC20ROGR    (1)    1 :  0.059 0.157 0.179 0.605 
346 OmyAC20ROGR    (0)    1 :  0.184 0.105 0.260 0.452 
347 OmyAC20ROGR    (0)    1 :  0.131 0.201 0.292 0.376 
348 OmyAC20ROGR    (0)    1 :  0.529 0.109 0.233 0.129 
349 OmyAC20ROGR    (0)    1 :  0.481 0.134 0.090 0.295 
350 OmyAC20ROGR    (0)    1 :  0.117 0.548 0.112 0.223 
351 OmyAC20ROGR    (0)    1 :  0.372 0.149 0.179 0.301 
352 OmyAC20ROGR    (0)    1 :  0.151 0.515 0.079 0.255 
353 OmyAC20ROGR    (0)    1 :  0.164 0.109 0.044 0.684 
354 OmyAC20ROGR    (0)    1 :  0.400 0.119 0.326 0.155 
355 OmyAC20ROGR    (0)    1 :  0.436 0.143 0.095 0.326 
356 OmyAC20ROGR    (0)    1 :  0.213 0.477 0.062 0.248 
357 OmyAC20ROGR    (0)    1 :  0.093 0.408 0.150 0.348 
358 OmyAC20ROGR    (0)    1 :  0.145 0.473 0.062 0.320 
359 OmyAC20ROGR    (0)    1 :  0.028 0.660 0.249 0.063 
360 OmyAC20ROGR    (0)    1 :  0.184 0.194 0.266 0.356 
361 OmyAC20ROGR    (0)    1 :  0.076 0.632 0.061 0.232 
362 OmyAC20ROGR    (0)    1 :  0.067 0.435 0.057 0.441 
363 OmyAC20ROGR    (0)    1 :  0.358 0.115 0.172 0.355 
364 OmyAC20ROGR    (1)    1 :  0.524 0.302 0.055 0.120 
365 OmyAC20ROGR    (0)    1 :  0.129 0.276 0.030 0.565 
366 OmyAC20ROGR    (0)    1 :  0.365 0.131 0.050 0.455 
367 OmyAC20ROGR    (0)    1 :  0.133 0.206 0.148 0.514 
368 OmyAC20ROGR    (1)    1 :  0.069 0.582 0.121 0.228 
369 OmyAC20ROGR    (0)    1 :  0.252 0.124 0.373 0.251 
370 OmyAC20ROGR    (0)    1 :  0.090 0.076 0.740 0.093 
371 OmyAC20ROGR    (0)    1 :  0.049 0.057 0.826 0.068 
372 OmyAC20ROGR    (2)    1 :  0.028 0.029 0.911 0.031 
373 OmyAC20ROGR    (0)    1 :  0.068 0.189 0.463 0.279 
374 OmyAC20ROGR    (0)    1 :  0.270 0.460 0.041 0.229 
375 OmyAC20ROGR    (0)    1 :  0.111 0.216 0.104 0.569 
376 OmyAC20ROGR    (0)    1 :  0.135 0.162 0.551 0.152 
377 OmyAC20ROGR    (0)    1 :  0.466 0.186 0.032 0.316 
378 OmyAC20ROGR    (0)    1 :  0.311 0.330 0.040 0.319 
379 OmyAC20ROGR    (0)    1 :  0.186 0.123 0.471 0.220 
380 OmyAC20ROGR    (1)    1 :  0.100 0.165 0.029 0.706 
381 OmyAC20ROGR    (0)    1 :  0.072 0.393 0.153 0.382 
382 OmyAC20ROGR    (0)    1 :  0.030 0.047 0.858 0.065 
383 OmyAC20ROGR    (0)    1 :  0.041 0.128 0.171 0.659 
384 OmyAC20ROGR    (0)    1 :  0.242 0.172 0.387 0.200 
385 OmyAC20ROGR    (0)    1 :  0.039 0.486 0.282 0.193 
386 OmyAC20ROGR    (0)    1 :  0.142 0.128 0.177 0.553 
387 OmyAC20ROGR    (0)    1 :  0.064 0.338 0.382 0.216 
388 OmyAC20ROGR    (0)    1 :  0.334 0.123 0.340 0.203 
389 OmyAC20ROGR    (0)    1 :  0.078 0.605 0.048 0.269 
390 OmyAC20ROGR    (0)    1 :  0.173 0.505 0.038 0.284 
391 OmyAC20ROGR    (0)    1 :  0.233 0.140 0.465 0.162 
392 OmyAC20ROGR    (0)    1 :  0.229 0.150 0.340 0.281 
393 OmyAC20ROGR    (0)    1 :  0.270 0.124 0.105 0.501 
394 OmyAC20ROGR    (1)    1 :  0.076 0.644 0.115 0.165 
395 OmyAC20ROGR    (0)    1 :  0.309 0.176 0.096 0.420 
396 OmyAC20ROGR    (0)    1 :  0.116 0.654 0.064 0.167 
397 OmyAC20ROGR    (0)    1 :  0.077 0.348 0.342 0.233 
398 OmyAC20ROGR    (0)    1 :  0.132 0.072 0.712 0.083 
399 OmyAC20ROGR    (0)    1 :  0.147 0.184 0.263 0.406 
400 OmyAC20ROGR    (0)    1 :  0.155 0.300 0.179 0.367 
401 OmyAC20ROGR    (1)    1 :  0.060 0.042 0.865 0.033 
402 OmyAC20ROGR    (0)    1 :  0.590 0.132 0.029 0.249 
403 OmyAC20ROGR    (0)    1 :  0.343 0.164 0.195 0.298 
404 OmyAC20ROGR    (0)    1 :  0.429 0.236 0.042 0.293 
405 OmyAC20ROGR    (0)    1 :  0.053 0.153 0.348 0.446 
406 OmyAC20ROGR    (0)    1 :  0.341 0.236 0.110 0.313 
407 OmyAC20ROGR    (0)    1 :  0.048 0.436 0.075 0.441 
408 OmyAC20ROGR    (0)    1 :  0.318 0.235 0.116 0.331 
409 OmyAC20ROGR    (0)    1 :  0.050 0.460 0.083 0.407 
410 OmyAC20ROGR    (0)    1 :  0.020 0.045 0.900 0.034 
411 OmyAC20ROGR    (0)    1 :  0.079 0.206 0.598 0.117 
412 OmyAC20ROGR    (0)    1 :  0.422 0.193 0.171 0.214 
413 OmyAC20ROGR    (0)    1 :  0.040 0.738 0.069 0.153 
414 OmyAC20ROGR    (0)    1 :  0.296 0.152 0.415 0.137 
415 OmyAC20ROGR    (0)    1 :  0.199 0.286 0.039 0.476 
416 OmyAC20ROGR    (0)    1 :  0.261 0.227 0.110 0.402 
417 OmyAC20ROGR    (0)    1 :  0.195 0.511 0.036 0.258 
418 OmyAC20ROGR    (0)    1 :  0.139 0.324 0.203 0.334 
419 OmyAC20ROGR    (0)    1 :  0.069 0.311 0.436 0.183 
420 OmyAC20ROGR    (0)    1 :  0.340 0.391 0.048 0.222 
421 OmyAC20ROGR    (0)    1 :  0.337 0.262 0.147 0.254 
422 OmyAC20ROGR    (0)    1 :  0.040 0.032 0.888 0.040 
423 OmyAC20ROGR    (0)    1 :  0.041 0.301 0.043 0.615 
424 OmyAC20ROGR    (0)    1 :  0.083 0.505 0.038 0.374 
425 OmyAC20ROGR    (0)    1 :  0.095 0.033 0.841 0.031 
426 OmyAC20ROGR    (0)    1 :  0.094 0.253 0.119 0.535 
427 OmyAC20ROGR    (0)    1 :  0.132 0.292 0.258 0.318 
428 OmyAC20ROGR    (0)    1 :  0.027 0.028 0.917 0.028 
429 OmyAC20ROGR    (0)    1 :  0.115 0.608 0.039 0.238 
430 OmyAC20ROGR    (0)    1 :  0.045 0.440 0.132 0.383 
431 OmyAC20ROGR    (0)    1 :  0.131 0.084 0.507 0.278 
432 OmyAC20ROGR    (0)    1 :  0.052 0.045 0.854 0.048 
433 OmyAC20ROGR    (0)    1 :  0.044 0.052 0.873 0.030 
434 OmyAC20ROGR    (0)    1 :  0.039 0.374 0.258 0.329 
435 OmyAC20ROGR    (0)    1 :  0.158 0.096 0.027 0.719 
436 OmyAC20ROGR    (0)    1 :  0.036 0.222 0.056 0.686 
437 OmyAC20ROGR    (0)    1 :  0.064 0.181 0.651 0.104 
438 OmyAC20ROGR    (0)    1 :  0.104 0.266 0.421 0.210 
439 OmyAC20ROGR    (0)    1 :  0.098 0.431 0.095 0.376 
440 OmyAC20ROGR    (0)    1 :  0.079 0.060 0.780 0.081 
441 OmyAC20ROGR    (0)    1 :  0.141 0.547 0.036 0.276 
442 OmyAC20ROGR    (0)    1 :  0.110 0.321 0.084 0.486 
443 OmyAC20ROGR    (0)    1 :  0.599 0.183 0.029 0.189 
444 OmyAC20ROGR    (0)    1 :  0.053 0.293 0.137 0.518 
445 OmyAC20ROGR    (0)    1 :  0.069 0.535 0.139 0.257 
446 OmyJC18ROGR    (0)    2 :  0.554 0.160 0.070 0.216 
447 OmyJC18ROGR    (0)    2 :  0.108 0.338 0.076 0.478 
448 OmyJC18ROGR    (0)    2 :  0.054 0.225 0.096 0.624 
449 OmyJC18ROGR    (0)    2 :  0.095 0.120 0.701 0.084 
450 OmyJC18ROGR    (0)    2 :  0.108 0.116 0.691 0.085 
451 OmyJC18ROGR    (0)    2 :  0.039 0.047 0.875 0.039 
452 OmyJC18ROGR    (0)    2 :  0.286 0.161 0.299 0.254 
453 OmyJC18ROGR    (0)    2 :  0.652 0.147 0.046 0.155 
454 OmyJC18ROGR    (0)    2 :  0.034 0.047 0.861 0.057 
455 OmyJC18ROGR    (0)    2 :  0.089 0.636 0.054 0.221 
456 OmyJC18ROGR    (0)    2 :  0.030 0.047 0.870 0.052 
457 OmyJC18ROGR    (0)    2 :  0.083 0.383 0.075 0.458 
458 OmyJC18ROGR    (0)    2 :  0.504 0.149 0.203 0.145 
459 OmyJC18ROGR    (0)    2 :  0.440 0.348 0.034 0.178 
460 OmyJC18ROGR    (2)    2 :  0.123 0.259 0.476 0.142 
461 OmyJC18ROGR    (1)    2 :  0.300 0.133 0.350 0.217 
462 OmyJC18ROGR    (3)    2 :  0.185 0.182 0.448 0.185 
463 OmyJC18ROGR    (1)    2 :  0.079 0.072 0.737 0.112 
464 OmyJC18ROGR    (3)    2 :  0.051 0.257 0.038 0.654 
465 OmyJC18ROGR    (3)    2 :  0.081 0.612 0.079 0.229 
466 OmyJC18ROGR    (0)    2 :  0.127 0.183 0.225 0.464 
467 OmyJC18ROGR    (1)    2 :  0.101 0.479 0.058 0.362 
468 OmyJC18ROGR    (0)    2 :  0.059 0.634 0.071 0.236 
469 OmyJC18ROGR    (0)    2 :  0.053 0.101 0.769 0.077 
470 OmyJC18ROGR    (3)    2 :  0.110 0.168 0.570 0.152 
471 OmyJC18ROGR    (1)    2 :  0.206 0.164 0.362 0.268 
472 OmyJC18ROGR    (1)    2 :  0.095 0.296 0.116 0.493 
473 OmyJC18ROGR    (2)    2 :  0.126 0.202 0.049 0.623 
474 OmyJC18ROGR    (0)    2 :  0.569 0.145 0.056 0.230 
475 OmyJC18ROGR    (1)    2 :  0.205 0.065 0.673 0.057 
476 OmyJC18ROGR    (2)    2 :  0.485 0.316 0.030 0.170 
477 OmyJC18ROGR    (3)    2 :  0.128 0.492 0.146 0.234 
478 OmyJC18ROGR    (0)    2 :  0.470 0.139 0.073 0.318 
479 OmyJC18ROGR    (0)    2 :  0.107 0.415 0.033 0.445 
480 OmyJC18ROGR    (0)    2 :  0.112 0.305 0.202 0.380 
481 OmyJC18ROGR    (2)    2 :  0.275 0.152 0.281 0.293 
482 OmyJC18ROGR    (3)    2 :  0.112 0.639 0.028 0.221 
483 OmyJC18ROGR    (3)    2 :  0.051 0.577 0.070 0.303 
484 OmyJC18ROGR    (3)    2 :  0.267 0.292 0.070 0.371 
485 OmyJC18ROGR    (2)    2 :  0.070 0.110 0.667 0.153 
486 OmyJC18ROGR    (2)    2 :  0.093 0.275 0.465 0.167 
487 OmyJC18ROGR    (1)    2 :  0.385 0.104 0.139 0.372 
488 OmyJC18ROGR    (3)    2 :  0.147 0.164 0.081 0.609 
489 OmyJC18ROGR    (0)    2 :  0.227 0.296 0.045 0.432 
490 OmyJC18ROGR    (2)    2 :  0.170 0.386 0.116 0.328 
491 OmyJC18ROGR    (4)    2 :  0.590 0.135 0.168 0.107 
492 OmyJC18ROGR    (4)    2 :  0.750 0.141 0.029 0.080 
493 OmyJC18ROGR    (3)    2 :  0.076 0.234 0.147 0.542 
494 OmyJC18ROGR    (3)    2 :  0.031 0.040 0.885 0.043 
495 OmyJC18ROGR    (3)    2 :  0.563 0.117 0.197 0.123 
496 OmyJC18ROGR    (0)    2 :  0.345 0.314 0.118 0.223 
497 OmyJC18ROGR    (5)    2 :  0.270 0.370 0.131 0.228 
498 OmyJC18ROGR    (3)    2 :  0.197 0.131 0.273 0.400 
499 OmyJC18ROGR    (1)    2 :  0.268 0.397 0.076 0.259 
500 OmyJC18ROGR    (1)    2 :  0.212 0.498 0.042 0.248 
501 OmyJC18ROGR    (3)    2 :  0.119 0.143 0.494 0.243 
502 OmyJC18ROGR    (1)    2 :  0.058 0.559 0.263 0.119 
503 OmyJC18ROGR    (4)    2 :  0.045 0.438 0.074 0.442 
504 OmyJC18ROGR    (1)    2 :  0.048 0.455 0.377 0.119 
505 OmyJC18ROGR    (0)    2 :  0.366 0.196 0.308 0.129 
506 OmyJC18ROGR    (6)    2 :  0.424 0.214 0.086 0.276 
507 OmyJC18ROGR    (0)    2 :  0.113 0.282 0.204 0.401 
508 OmyJC18ROGR    (0)    2 :  0.101 0.608 0.101 0.191 
509 OmyJC18ROGR    (2)    2 :  0.044 0.033 0.882 0.040 
510 OmyJC18ROGR    (1)    2 :  0.209 0.287 0.042 0.463 
511 OmyJC18ROGR    (3)    2 :  0.691 0.053 0.174 0.082 
512 OmyJC18ROGR    (2)    2 :  0.036 0.085 0.775 0.105 
513 OmyJC18ROGR    (7)    2 :  0.510 0.103 0.232 0.155 
514 OmyJC18ROGR    (3)    2 :  0.218 0.105 0.600 0.078 
515 OmyJC18ROGR    (0)    2 :  0.166 0.267 0.092 0.475 
516 OmyJC18ROGR    (2)    2 :  0.174 0.217 0.256 0.354 
517 OmyJC18ROGR    (2)    2 :  0.347 0.120 0.292 0.241 
518 OmyJC18ROGR    (0)    2 :  0.127 0.404 0.068 0.401 
519 OmyJC18ROGR    (7)    2 :  0.724 0.072 0.091 0.112 
520 OmyJC18ROGR    (4)    2 :  0.469 0.088 0.271 0.172 
521 OmyJC18ROGR    (1)    2 :  0.376 0.130 0.238 0.257 
522 OmyJC18ROGR    (1)    2 :  0.062 0.470 0.162 0.306 
523 OmyJC18ROGR    (3)    2 :  0.127 0.477 0.075 0.320 
524 OmyJC18ROGR    (1)    2 :  0.055 0.580 0.052 0.312 
525 OmyJC18ROGR    (2)    2 :  0.358 0.305 0.213 0.124 
526 OmyJC18ROGR    (1)    2 :  0.375 0.338 0.112 0.174 
527 OmyJC18ROGR    (0)    2 :  0.400 0.194 0.049 0.357 
528 OmyJC18ROGR    (0)    2 :  0.115 0.369 0.052 0.464 
529 OmyJC18ROGR    (1)    2 :  0.146 0.203 0.048 0.602 
530 OmyJC18ROGR    (0)    2 :  0.058 0.770 0.043 0.129 
531 OmyJC18ROGR    (0)    2 :  0.046 0.237 0.060 0.657 
532 OmyJC18ROGR    (1)    2 :  0.090 0.587 0.038 0.284 
533 OmyJC18ROGR    (2)    2 :  0.250 0.120 0.025 0.604 
534 OmyJC18ROGR    (2)    2 :  0.095 0.373 0.091 0.440 
535 OmyJC18ROGR    (0)    2 :  0.502 0.209 0.074 0.215 
536 OmyJC18ROGR    (0)    2 :  0.777 0.057 0.046 0.120 
537 OmyJC18ROGR    (0)    2 :  0.482 0.210 0.043 0.266 
538 OmyJC18ROGR    (0)    2 :  0.052 0.232 0.066 0.649 
539 OmyJC18ROGR    (1)    2 :  0.114 0.600 0.073 0.213 
540 OmyJC18ROGR    (6)    2 :  0.152 0.134 0.079 0.635 
541 OmyJC18ROGR    (1)    2 :  0.198 0.164 0.075 0.564 
542 OmyJC18ROGR    (1)    2 :  0.155 0.141 0.195 0.509 
543 OmyJC18ROGR    (0)    2 :  0.105 0.166 0.262 0.467 
544 OmyJC18ROGR    (2)    2 :  0.243 0.176 0.066 0.514 
545 OmyJC18ROGR    (1)    2 :  0.034 0.258 0.606 0.102 
546 OmyJC18ROGR    (6)    2 :  0.084 0.422 0.026 0.468 
547 OmyJC18ROGR    (0)    2 :  0.041 0.502 0.160 0.297 
548 OmyJC18ROGR    (1)    2 :  0.241 0.173 0.206 0.381 
549 OmyJC18ROGR    (0)    2 :  0.096 0.318 0.066 0.520 
550 OmyJC18ROGR    (1)    2 :  0.056 0.065 0.797 0.082 
551 OmyJC18ROGR    (1)    2 :  0.633 0.103 0.076 0.187 
552 OmyJC18ROGR    (2)    2 :  0.119 0.348 0.123 0.410 
553 OmyJC18ROGR    (7)    2 :  0.210 0.307 0.110 0.372 
554 OmyJC18ROGR    (2)    2 :  0.141 0.192 0.048 0.619 
555 OmyJC18ROGR    (3)    2 :  0.276 0.258 0.055 0.411 
556 OmyJC18ROGR    (0)    2 :  0.747 0.038 0.102 0.113 
557 OmyJC18ROGR    (1)    2 :  0.116 0.132 0.566 0.185 
558 OmyJC18ROGR    (0)    2 :  0.672 0.058 0.180 0.090 
559 OmyJC18ROGR    (0)    2 :  0.090 0.744 0.040 0.126 
560 OmyJC18ROGR    (5)    2 :  0.295 0.234 0.147 0.324 
561 OmyJC18ROGR    (0)    2 :  0.054 0.771 0.040 0.134 
562 OmyJC18ROGR    (6)    2 :  0.373 0.103 0.060 0.464 
563 OmyJC18ROGR    (2)    2 :  0.244 0.197 0.094 0.466 
564 OmyJC18ROGR    (3)    2 :  0.396 0.089 0.343 0.172 
565 OmyJC18ROGR    (3)    2 :  0.185 0.327 0.126 0.362 
566 OmyJC18ROGR    (1)    2 :  0.078 0.588 0.089 0.244 
567 OmyJC18ROGR    (0)    2 :  0.116 0.636 0.038 0.210 
568 OmyJC18ROGR    (3)    2 :  0.355 0.075 0.157 0.412 
569 OmyJC18ROGR    (2)    2 :  0.152 0.367 0.073 0.408 
570 OmyJC18ROGR    (0)    2 :  0.058 0.558 0.086 0.297 
571 OmyJC18ROGR    (1)    2 :  0.049 0.504 0.031 0.416 
572 OmyJC18ROGR    (4)    2 :  0.510 0.304 0.072 0.114 
573 OmyJC18ROGR    (3)    2 :  0.195 0.192 0.504 0.109 
574 OmyJC18ROGR    (5)    2 :  0.167 0.148 0.244 0.442 
575 OmyJC18ROGR    (3)    2 :  0.464 0.151 0.037 0.348 
576 OmyJC18ROGR    (0)    2 :  0.236 0.198 0.090 0.476 
577 OmyJC18ROGR    (0)    2 :  0.028 0.043 0.860 0.069 
578 OmyJC18ROGR    (1)    2 :  0.068 0.470 0.052 0.410 
579 OmyJC18ROGR    (0)    2 :  0.111 0.058 0.774 0.058 
580 OmyJC18ROGR    (0)    2 :  0.338 0.367 0.029 0.266 
581 OmyJC18ROGR    (3)    2 :  0.110 0.493 0.080 0.316 
582 OmyJC18ROGR    (6)    2 :  0.276 0.237 0.045 0.443 
583 OmyJC18ROGR    (3)    2 :  0.527 0.190 0.049 0.233 
584 OmyJC18ROGR    (3)    2 :  0.289 0.326 0.097 0.288 
585 OmyJC18ROGR    (1)    2 :  0.125 0.323 0.114 0.438 
586 OmyJC18ROGR    (1)    2 :  0.143 0.275 0.025 0.557 
587 OmyJC18ROGR    (0)    2 :  0.024 0.028 0.916 0.031 
588 OmyJC18ROGR    (0)    2 :  0.517 0.148 0.256 0.079 
589 OmyJC18ROGR    (1)    2 :  0.196 0.158 0.092 0.554 
590 OmyJC18ROGR    (2)    2 :  0.042 0.253 0.015 0.690 
591 OmyJC18ROGR    (0)    2 :  0.193 0.385 0.086 0.336 
592 OmyJC18ROGR    (3)    2 :  0.102 0.324 0.094 0.480 
593 OmyJC18ROGR    (0)    2 :  0.430 0.228 0.164 0.179 
594 OmyJC18ROGR    (1)    2 :  0.138 0.328 0.065 0.470 
595 OmyJC18ROGR    (0)    2 :  0.517 0.118 0.111 0.255 
596 OmyJC18ROGR    (1)    2 :  0.191 0.381 0.137 0.291 
597 OmyJC18ROGR    (0)    2 :  0.234 0.188 0.100 0.478 
598 OmyJC18ROGR    (1)    2 :  0.089 0.523 0.093 0.295 
599 OmyJC18ROGR    (0)    2 :  0.109 0.321 0.089 0.481 
600 OmyJC18ROGR    (0)    2 :  0.548 0.114 0.058 0.280 
601 OmyJC18ROGR    (0)    2 :  0.269 0.312 0.055 0.364 
602 OmyJC18ROGR    (0)    2 :  0.081 0.666 0.111 0.142 
603 OmyJC18ROGR    (0)    2 :  0.398 0.217 0.048 0.337 
604 OmyJC18ROGR    (0)    2 :  0.252 0.284 0.073 0.391 
605 OmyJC18ROGR    (0)    2 :  0.757 0.124 0.040 0.079 
606 OmyJC18ROGR    (0)    2 :  0.388 0.138 0.088 0.386 
607 OmyJC18ROGR    (0)    2 :  0.080 0.639 0.086 0.195 
608 OmyJC18ROGR    (0)    2 :  0.045 0.544 0.032 0.379 
609 OmyJC18ROGR    (0)    2 :  0.685 0.145 0.072 0.099 
610 OmyJC18ROGR    (4)    2 :  0.114 0.042 0.800 0.044 
611 OmyJC18ROGR    (0)    2 :  0.299 0.136 0.312 0.254 
612 OmyJC18ROGR    (2)    2 :  0.224 0.368 0.069 0.338 
613 OmyJC18ROGR    (0)    2 :  0.259 0.152 0.111 0.478 
614 OmyJC18ROGR    (0)    2 :  0.046 0.244 0.170 0.539 
615 OmyJC18ROGR    (0)    2 :  0.347 0.208 0.029 0.416 
616 OmyJC18ROGR    (0)    2 :  0.323 0.277 0.179 0.221 
617 OmyJC18ROGR    (0)    2 :  0.243 0.292 0.058 0.408 
618 OmyJC18ROGR    (0)    2 :  0.050 0.269 0.147 0.534 
619 OmyJC18ROGR    (0)    2 :  0.502 0.130 0.045 0.322 
620 OmyJC18ROGR    (0)    2 :  0.518 0.128 0.204 0.150 
621 OmyJC18ROGR    (1)    2 :  0.319 0.360 0.122 0.200 
622 OmyJC18ROGR    (2)    2 :  0.572 0.135 0.083 0.209 
623 OmyJC18ROGR    (1)    2 :  0.114 0.403 0.101 0.382 
624 OmyJC18ROGR    (2)    2 :  0.113 0.183 0.077 0.628 
625 OmyJC18ROGR    (0)    2 :  0.057 0.156 0.141 0.647 
626 OmyJC18ROGR    (6)    2 :  0.203 0.196 0.053 0.548 
627 OmyJC18ROGR    (0)    2 :  0.376 0.161 0.187 0.276 
628 OmyJC18ROGR    (0)    2 :  0.025 0.021 0.934 0.020 
629 OmyJC18ROGR    (1)    2 :  0.545 0.106 0.172 0.176 
630 OmyJC18ROGR    (1)    2 :  0.670 0.164 0.039 0.127 
631 OmyJC18ROGR    (3)    2 :  0.087 0.243 0.049 0.621 
632 OmyJC18ROGR    (0)    2 :  0.831 0.072 0.036 0.060 
633 OmyJC18ROGR    (4)    2 :  0.168 0.197 0.056 0.578 
634 OmyJC18ROGR    (2)    2 :  0.444 0.066 0.381 0.109 
635 OmyJC18ROGR    (0)    2 :  0.374 0.452 0.027 0.147 
636 OmyJC18ROGR    (0)    2 :  0.179 0.133 0.553 0.135 
637 OmyJC18ROGR    (0)    2 :  0.365 0.142 0.140 0.353 
638 OmyJC18ROGR    (0)    2 :  0.215 0.592 0.062 0.131 
639 OmyJC18ROGR    (1)    2 :  0.142 0.125 0.113 0.620 
640 OmyJC18ROGR    (1)    2 :  0.105 0.188 0.419 0.288 
641 OmyJC18ROGR    (0)    2 :  0.425 0.120 0.364 0.091 
642 OmyJC18ROGR    (3)    2 :  0.164 0.238 0.157 0.441 
643 OmyJC18ROGR    (1)    2 :  0.380 0.390 0.066 0.164 
644 OmyJC18ROGR    (7)    2 :  0.080 0.283 0.025 0.612 
645 OmyJC18ROGR    (4)    2 :  0.133 0.463 0.130 0.274 
646 OmyJC18ROGR    (0)    2 :  0.294 0.416 0.038 0.252 
647 OmyJC18ROGR    (1)    2 :  0.072 0.383 0.043 0.502 
648 OmyJC18ROGR    (1)    2 :  0.474 0.135 0.107 0.284 
649 OmyJC18ROGR    (0)    2 :  0.140 0.634 0.059 0.167 
650 OmyJC18ROGR    (1)    2 :  0.144 0.341 0.025 0.490 
651 OmyJC18ROGR    (5)    2 :  0.051 0.042 0.875 0.032 
652 OmyJC18ROGR    (1)    2 :  0.320 0.269 0.170 0.241 
653 OmyJC18ROGR    (3)    2 :  0.418 0.270 0.108 0.204 
654 OmyJC18ROGR    (1)    2 :  0.087 0.371 0.129 0.414 
655 OmyJC18ROGR    (2)    2 :  0.143 0.428 0.301 0.128 
656 OmyJC18ROGR    (0)    2 :  0.117 0.232 0.034 0.617 
657 OmyJC18ROGR    (0)    2 :  0.344 0.358 0.064 0.235 
658 OmyJC18ROGR    (0)    2 :  0.186 0.516 0.076 0.221 
659 OmyJC18ROGR    (5)    2 :  0.392 0.434 0.022 0.153 
660 OmyJC18ROGR    (3)    2 :  0.169 0.411 0.154 0.265 
661 OmyJC18ROGR    (2)    2 :  0.452 0.221 0.033 0.294 
662 OmyJC18ROGR    (1)    2 :  0.439 0.096 0.090 0.375 
663 OmyJC18ROGR    (2)    2 :  0.244 0.255 0.307 0.194 
664 OmyJC18ROGR    (0)    2 :  0.443 0.201 0.063 0.293 
665 OmyJC18ROGR    (0)    2 :  0.500 0.152 0.123 0.226 
666 OmyJC18ROGR    (0)    2 :  0.049 0.067 0.805 0.079 
667 OmyJC18ROGR    (0)    2 :  0.223 0.251 0.397 0.129 
668 OmyJC18ROGR    (2)    2 :  0.106 0.361 0.275 0.258 
669 OmyJC18ROGR    (4)    2 :  0.076 0.547 0.149 0.228 
670 OmyJC18ROGR    (6)    2 :  0.036 0.751 0.049 0.164 
671 OmyJC18ROGR    (3)    2 :  0.854 0.042 0.035 0.070 
672 OmyJC18ROGR    (0)    2 :  0.660 0.117 0.033 0.191 
673 OmyJC18ROGR    (4)    2 :  0.422 0.382 0.035 0.161 
674 OmyJC18ROGR    (0)    2 :  0.269 0.327 0.142 0.262 
675 OmyJC18ROGR    (0)    2 :  0.305 0.219 0.059 0.418 
