

----------------------------------------------------
STRUCTURE by Pritchard, Stephens and Donnelly (2000)
     and Falush, Stephens and Pritchard (2003)
       Code by Pritchard, Falush and Hubisz
             Version 2.3.4 (Jul 2012)
----------------------------------------------------



Command line arguments:   bin/structure -m "/Users/ddayan/FRA/premature_migration/Rogue_Half-Pounder/half-pounder/structure/halfpounder_2021/10k_20k_adm_corr/mainparams" -e "/Users/ddayan/FRA/premature_migration/Rogue_Half-Pounder/half-pounder/structure/halfpounder_2021/10k_20k_adm_corr/extraparams" 
Input File:    /Users/ddayan/FRA/premature_migration/Rogue_Half-Pounder/half-pounder/structure/halfpounder_2021/project_data

Run parameters:
   1000 individuals
   328 loci
   4 populations assumed
   10000 Burn-in period
   20000 Reps


--------------------------------------------
Proportion of membership of each pre-defined
 population in each of the 4 clusters

Given    Inferred Clusters              Number of
 Pop       1      2      3      4      Individuals

  1:     0.235  0.226  0.270  0.270      275
  2:     0.223  0.246  0.264  0.268      643
  3:     0.066  0.742  0.104  0.087       42
  4:     0.080  0.137  0.382  0.401       40
--------------------------------------------

Allele-freq. divergence among pops (Net nucleotide distance),
computed using point estimates of P.

      1       2       3       4      
 1      -    0.0106  0.0083  0.0084  
 2   0.0106     -    0.0029  0.0032  
 3   0.0083  0.0029     -    0.0003  
 4   0.0084  0.0032  0.0003     -    

Average distances (expected heterozygosity) between individuals in same cluster:
cluster  1  : 0.2613 
cluster  2  : 0.2882 
cluster  3  : 0.2933 
cluster  4  : 0.2933 

--------------------------------------------
Estimated Ln Prob of Data   = -285338.2
Mean value of ln likelihood = -283941.9
Variance of ln likelihood   = 2792.6
Mean value of alpha         = 0.2903

Mean value of Fst_1         = 0.0735
Mean value of Fst_2         = 0.0229
Mean value of Fst_3         = 0.0084
Mean value of Fst_4         = 0.0100


Inferred ancestry of individuals:
        Label (%Miss) Pop:  Inferred clusters
  1 OmyAC19ROGR    (0)    1 :  0.024 0.377 0.306 0.293 
  2 OmyAC19ROGR    (0)    1 :  0.128 0.452 0.257 0.163 
  3 OmyAC19ROGR    (0)    1 :  0.121 0.391 0.230 0.258 
  4 OmyAC19ROGR    (0)    1 :  0.032 0.193 0.229 0.546 
  5 OmyAC19ROGR    (1)    1 :  0.942 0.017 0.019 0.022 
  6 OmyAC19ROGR    (0)    1 :  0.209 0.085 0.253 0.452 
  7 OmyAC19ROGR    (0)    1 :  0.232 0.192 0.328 0.249 
  8 OmyAC19ROGR    (0)    1 :  0.025 0.284 0.443 0.247 
  9 OmyAC19ROGR    (0)    1 :  0.304 0.297 0.175 0.224 
 10 OmyAC19ROGR    (0)    1 :  0.513 0.188 0.211 0.087 
 11 OmyAC19ROGR    (0)    1 :  0.089 0.191 0.224 0.497 
 12 OmyAC19ROGR    (0)    1 :  0.146 0.082 0.419 0.353 
 13 OmyAC19ROGR    (0)    1 :  0.046 0.218 0.415 0.321 
 14 OmyAC19ROGR    (0)    1 :  0.502 0.046 0.224 0.228 
 15 OmyAC19ROGR    (0)    1 :  0.490 0.056 0.222 0.232 
 16 OmyAC19ROGR    (0)    1 :  0.122 0.206 0.307 0.365 
 17 OmyAC19ROGR    (0)    1 :  0.111 0.037 0.427 0.425 
 18 OmyAC19ROGR    (2)    1 :  0.037 0.420 0.385 0.158 
 19 OmyAC19ROGR    (1)    1 :  0.080 0.227 0.351 0.343 
 20 OmyAC19ROGR    (0)    1 :  0.282 0.055 0.344 0.319 
 21 OmyAC19ROGR    (1)    1 :  0.300 0.166 0.308 0.227 
 22 OmyAC19ROGR    (0)    1 :  0.110 0.466 0.247 0.177 
 23 OmyAC19ROGR    (0)    1 :  0.358 0.216 0.199 0.227 
 24 OmyAC19ROGR    (0)    1 :  0.024 0.812 0.071 0.093 
 25 OmyAC19ROGR    (0)    1 :  0.293 0.133 0.278 0.296 
 26 OmyAC19ROGR    (0)    1 :  0.150 0.453 0.201 0.196 
 27 OmyAC19ROGR    (1)    1 :  0.074 0.098 0.299 0.528 
 28 OmyAC19ROGR    (0)    1 :  0.039 0.865 0.050 0.046 
 29 OmyAC19ROGR    (0)    1 :  0.103 0.180 0.395 0.322 
 30 OmyAC19ROGR    (0)    1 :  0.747 0.073 0.112 0.067 
 31 OmyAC19ROGR    (0)    1 :  0.065 0.212 0.385 0.338 
 32 OmyAC19ROGR    (0)    1 :  0.175 0.322 0.292 0.210 
 33 OmyAC19ROGR    (1)    1 :  0.144 0.410 0.207 0.239 
 34 OmyAC19ROGR    (0)    1 :  0.554 0.100 0.206 0.140 
 35 OmyAC19ROGR    (0)    1 :  0.095 0.472 0.270 0.163 
 36 OmyAC19ROGR    (0)    1 :  0.248 0.158 0.211 0.384 
 37 OmyAC19ROGR    (0)    1 :  0.129 0.679 0.085 0.106 
 38 OmyAC19ROGR    (0)    1 :  0.455 0.393 0.090 0.062 
 39 OmyAC19ROGR    (0)    1 :  0.112 0.087 0.585 0.216 
 40 OmyAC19ROGR    (0)    1 :  0.366 0.075 0.292 0.266 
 41 OmyAC19ROGR    (1)    1 :  0.072 0.127 0.413 0.388 
 42 OmyAC19ROGR    (0)    1 :  0.839 0.030 0.057 0.074 
 43 OmyAC19ROGR    (0)    1 :  0.065 0.228 0.471 0.236 
 44 OmyAC19ROGR    (6)    1 :  0.051 0.188 0.371 0.390 
 45 OmyAC19ROGR    (1)    1 :  0.402 0.315 0.145 0.138 
 46 OmyAC19ROGR    (0)    1 :  0.100 0.583 0.165 0.153 
 47 OmyAC19ROGR    (0)    1 :  0.087 0.729 0.100 0.084 
 48 OmyAC19ROGR    (0)    1 :  0.058 0.181 0.500 0.261 
 49 OmyAC19ROGR    (0)    1 :  0.050 0.402 0.215 0.332 
 50 OmyAC19ROGR    (0)    1 :  0.034 0.050 0.617 0.300 
 51 OmyAC19ROGR    (2)    1 :  0.752 0.070 0.078 0.100 
 52 OmyAC19ROGR    (0)    1 :  0.867 0.042 0.039 0.051 
 53 OmyAC19ROGR    (1)    1 :  0.051 0.753 0.112 0.084 
 54 OmyAC19ROGR    (0)    1 :  0.101 0.581 0.174 0.145 
 55 OmyAC19ROGR    (3)    1 :  0.136 0.095 0.516 0.253 
 56 OmyAC19ROGR    (0)    1 :  0.107 0.680 0.098 0.115 
 57 OmyAC19ROGR    (0)    1 :  0.029 0.720 0.119 0.131 
 58 OmyAC19ROGR    (0)    1 :  0.715 0.068 0.098 0.119 
 59 OmyAC19ROGR    (0)    1 :  0.027 0.568 0.256 0.149 
 60 OmyAC19ROGR    (1)    1 :  0.140 0.132 0.232 0.496 
 61 OmyAC19ROGR    (0)    1 :  0.074 0.550 0.243 0.133 
 62 OmyAC19ROGR    (0)    1 :  0.059 0.140 0.428 0.373 
 63 OmyAC19ROGR    (0)    1 :  0.271 0.503 0.097 0.129 
 64 OmyAC19ROGR    (2)    1 :  0.106 0.188 0.273 0.433 
 65 OmyAC19ROGR    (0)    1 :  0.066 0.201 0.399 0.334 
 66 OmyAC19ROGR    (3)    1 :  0.380 0.079 0.295 0.246 
 67 OmyAC19ROGR    (0)    1 :  0.049 0.648 0.132 0.171 
 68 OmyAC19ROGR    (1)    1 :  0.089 0.484 0.282 0.145 
 69 OmyAC19ROGR    (2)    1 :  0.233 0.617 0.071 0.079 
 70 OmyAC19ROGR    (0)    1 :  0.054 0.349 0.329 0.269 
 71 OmyAC19ROGR    (0)    1 :  0.057 0.212 0.371 0.360 
 72 OmyAC19ROGR    (4)    1 :  0.040 0.150 0.339 0.472 
 73 OmyAC19ROGR    (0)    1 :  0.237 0.364 0.274 0.125 
 74 OmyAC19ROGR    (0)    1 :  0.042 0.055 0.321 0.582 
 75 OmyAC19ROGR    (0)    1 :  0.169 0.310 0.263 0.258 
 76 OmyAC19ROGR    (0)    1 :  0.081 0.762 0.081 0.076 
 77 OmyAC19ROGR    (1)    1 :  0.916 0.026 0.026 0.032 
 78 OmyAC19ROGR    (0)    1 :  0.057 0.127 0.569 0.247 
 79 OmyAC19ROGR    (2)    1 :  0.084 0.258 0.435 0.223 
 80 OmyAC19ROGR    (1)    1 :  0.719 0.097 0.076 0.108 
 81 OmyAC19ROGR    (2)    1 :  0.484 0.117 0.196 0.203 
 82 OmyAC19ROGR    (1)    1 :  0.030 0.750 0.095 0.124 
 83 OmyAC19ROGR    (0)    1 :  0.077 0.501 0.246 0.177 
 84 OmyAC19ROGR    (0)    1 :  0.215 0.109 0.402 0.274 
 85 OmyAC19ROGR    (5)    1 :  0.053 0.300 0.302 0.345 
 86 OmyAC19ROGR    (0)    1 :  0.169 0.041 0.373 0.417 
 87 OmyAC19ROGR    (1)    1 :  0.066 0.565 0.165 0.203 
 88 OmyJC19ROGR    (0)    2 :  0.834 0.031 0.080 0.056 
 89 OmyJC19ROGR    (0)    2 :  0.122 0.164 0.416 0.298 
 90 OmyJC19ROGR    (0)    2 :  0.906 0.025 0.037 0.033 
 91 OmyJC19ROGR    (1)    2 :  0.021 0.412 0.275 0.292 
 92 OmyJC19ROGR    (0)    2 :  0.084 0.701 0.108 0.107 
 93 OmyJC19ROGR    (0)    2 :  0.023 0.837 0.064 0.075 
 94 OmyJC19ROGR    (0)    2 :  0.198 0.064 0.394 0.345 
 95 OmyJC19ROGR    (0)    2 :  0.178 0.068 0.519 0.235 
 96 OmyJC19ROGR    (0)    2 :  0.105 0.086 0.284 0.525 
 97 OmyJC19ROGR    (0)    2 :  0.187 0.716 0.055 0.043 
 98 OmyJC19ROGR    (0)    2 :  0.046 0.195 0.314 0.446 
 99 OmyJC19ROGR    (0)    2 :  0.113 0.588 0.152 0.148 
100 OmyJC19ROGR    (1)    2 :  0.071 0.156 0.317 0.456 
101 OmyJC19ROGR    (0)    2 :  0.530 0.245 0.107 0.118 
102 OmyJC19ROGR    (0)    2 :  0.127 0.103 0.311 0.458 
103 OmyJC19ROGR    (0)    2 :  0.204 0.283 0.274 0.239 
104 OmyJC19ROGR    (0)    2 :  0.051 0.581 0.236 0.131 
105 OmyJC19ROGR    (0)    2 :  0.190 0.561 0.090 0.159 
106 OmyJC19ROGR    (0)    2 :  0.920 0.036 0.019 0.025 
107 OmyJC19ROGR    (1)    2 :  0.145 0.166 0.226 0.462 
108 OmyJC19ROGR    (0)    2 :  0.094 0.330 0.232 0.344 
109 OmyJC19ROGR    (0)    2 :  0.205 0.048 0.246 0.501 
110 OmyJC19ROGR    (0)    2 :  0.317 0.503 0.096 0.084 
111 OmyJC19ROGR    (1)    2 :  0.121 0.642 0.131 0.106 
112 OmyJC19ROGR    (2)    2 :  0.157 0.078 0.358 0.407 
113 OmyJC19ROGR    (0)    2 :  0.677 0.077 0.138 0.107 
114 OmyJC19ROGR    (3)    2 :  0.062 0.167 0.533 0.238 
115 OmyJC19ROGR    (1)    2 :  0.089 0.537 0.180 0.193 
116 OmyJC19ROGR    (0)    2 :  0.146 0.156 0.372 0.326 
117 OmyJC19ROGR    (0)    2 :  0.210 0.104 0.316 0.370 
118 OmyJC19ROGR    (0)    2 :  0.043 0.251 0.472 0.234 
119 OmyJC19ROGR    (2)    2 :  0.066 0.097 0.385 0.451 
120 OmyJC19ROGR    (0)    2 :  0.025 0.832 0.076 0.068 
121 OmyJC19ROGR    (0)    2 :  0.063 0.072 0.532 0.333 
122 OmyJC19ROGR    (0)    2 :  0.092 0.237 0.351 0.321 
123 OmyJC19ROGR    (0)    2 :  0.033 0.239 0.310 0.417 
124 OmyJC19ROGR    (0)    2 :  0.166 0.088 0.374 0.372 
125 OmyJC19ROGR    (0)    2 :  0.148 0.494 0.274 0.084 
126 OmyJC19ROGR    (1)    2 :  0.711 0.066 0.096 0.127 
127 OmyJC19ROGR    (0)    2 :  0.060 0.079 0.373 0.488 
128 OmyJC19ROGR    (1)    2 :  0.065 0.703 0.089 0.143 
129 OmyJC19ROGR    (0)    2 :  0.373 0.281 0.218 0.129 
130 OmyJC19ROGR    (2)    2 :  0.093 0.046 0.457 0.404 
131 OmyJC19ROGR    (0)    2 :  0.128 0.357 0.260 0.255 
132 OmyJC19ROGR    (1)    2 :  0.066 0.601 0.136 0.197 
133 OmyJC19ROGR    (0)    2 :  0.039 0.185 0.410 0.366 
134 OmyJC19ROGR    (0)    2 :  0.120 0.181 0.489 0.210 
135 OmyJC19ROGR    (1)    2 :  0.033 0.879 0.041 0.047 
136 OmyJC19ROGR    (3)    2 :  0.063 0.202 0.380 0.355 
137 OmyJC19ROGR    (0)    2 :  0.247 0.073 0.290 0.390 
138 OmyJC19ROGR    (0)    2 :  0.735 0.044 0.095 0.126 
139 OmyJC19ROGR    (2)    2 :  0.037 0.126 0.585 0.251 
140 OmyJC19ROGR    (2)    2 :  0.124 0.121 0.461 0.294 
141 OmyJC19ROGR    (0)    2 :  0.344 0.201 0.271 0.184 
142 OmyJC19ROGR    (0)    2 :  0.348 0.255 0.188 0.209 
143 OmyJC19ROGR    (0)    2 :  0.068 0.763 0.088 0.081 
144 OmyJC19ROGR    (0)    2 :  0.028 0.108 0.619 0.245 
145 OmyJC19ROGR    (0)    2 :  0.052 0.059 0.257 0.632 
146 OmyJC19ROGR    (1)    2 :  0.103 0.663 0.150 0.083 
147 OmyJC19ROGR    (0)    2 :  0.090 0.189 0.234 0.487 
148 OmyJC19ROGR    (0)    2 :  0.031 0.185 0.325 0.459 
149 OmyJC19ROGR    (1)    2 :  0.096 0.561 0.183 0.160 
150 OmyJC19ROGR    (1)    2 :  0.078 0.612 0.161 0.149 
151 OmyJC19ROGR    (0)    2 :  0.147 0.225 0.463 0.165 
152 OmyJC19ROGR    (0)    2 :  0.067 0.171 0.186 0.576 
153 OmyJC19ROGR    (0)    2 :  0.050 0.862 0.046 0.042 
154 OmyJC19ROGR    (1)    2 :  0.081 0.067 0.463 0.389 
155 OmyJC19ROGR    (0)    2 :  0.121 0.337 0.342 0.200 
156 OmyJC19ROGR    (1)    2 :  0.159 0.266 0.319 0.256 
157 OmyJC19ROGR    (0)    2 :  0.107 0.337 0.245 0.311 
158 OmyJC19ROGR    (0)    2 :  0.028 0.315 0.258 0.399 
159 OmyJC19ROGR    (0)    2 :  0.058 0.058 0.364 0.520 
160 OmyJC19ROGR    (0)    2 :  0.081 0.353 0.324 0.242 
161 OmyJC19ROGR    (0)    2 :  0.035 0.406 0.303 0.256 
162 OmyJC19ROGR    (0)    2 :  0.077 0.191 0.268 0.463 
163 OmyJC19ROGR    (0)    2 :  0.054 0.618 0.170 0.158 
164 OmyJC19ROGR    (0)    2 :  0.044 0.121 0.345 0.490 
165 OmyJC19ROGR    (0)    2 :  0.032 0.222 0.276 0.470 
166 OmyJC19ROGR    (0)    2 :  0.066 0.098 0.556 0.280 
167 OmyJC19ROGR    (1)    2 :  0.122 0.494 0.213 0.171 
168 OmyJC19ROGR    (0)    2 :  0.097 0.164 0.373 0.367 
169 OmyJC19ROGR    (0)    2 :  0.912 0.019 0.034 0.034 
170 OmyJC19ROGR    (0)    2 :  0.076 0.718 0.085 0.121 
171 OmyJC19ROGR    (0)    2 :  0.040 0.109 0.383 0.468 
172 OmyJC19ROGR    (0)    2 :  0.354 0.420 0.126 0.100 
173 OmyJC19ROGR    (0)    2 :  0.868 0.044 0.036 0.052 
174 OmyJC19ROGR    (0)    2 :  0.047 0.200 0.379 0.374 
175 OmyJC19ROGR    (0)    2 :  0.046 0.134 0.334 0.486 
176 OmyJC19ROGR    (0)    2 :  0.114 0.612 0.153 0.121 
177 OmyJC19ROGR    (0)    2 :  0.020 0.835 0.068 0.078 
178 OmyJC19ROGR    (0)    2 :  0.070 0.035 0.267 0.628 
179 OmyJC19ROGR    (0)    2 :  0.031 0.538 0.209 0.222 
180 OmyJC19ROGR    (0)    2 :  0.857 0.055 0.044 0.044 
181 OmyJC19ROGR    (0)    2 :  0.066 0.110 0.444 0.380 
182 OmyJC19ROGR    (0)    2 :  0.187 0.143 0.427 0.243 
183 OmyJC19ROGR    (0)    2 :  0.044 0.113 0.474 0.370 
184 OmyJC19ROGR    (0)    2 :  0.641 0.147 0.111 0.102 
185 OmyJC19ROGR    (1)    2 :  0.019 0.234 0.495 0.252 
186 OmyJC19ROGR    (0)    2 :  0.122 0.646 0.115 0.117 
187 OmyJC19ROGR    (0)    2 :  0.035 0.078 0.359 0.529 
188 OmyJC19ROGR    (0)    2 :  0.053 0.204 0.314 0.429 
189 OmyJC19ROGR    (0)    2 :  0.224 0.420 0.215 0.141 
190 OmyJC19ROGR    (0)    2 :  0.043 0.769 0.106 0.082 
191 OmyJC19ROGR    (0)    2 :  0.050 0.571 0.151 0.228 
192 OmyJC19ROGR    (0)    2 :  0.055 0.042 0.325 0.578 
193 OmyJC19ROGR    (1)    2 :  0.158 0.156 0.267 0.420 
194 OmyJC19ROGR    (0)    2 :  0.029 0.087 0.359 0.525 
195 OmyJC19ROGR    (0)    2 :  0.803 0.030 0.075 0.091 
196 OmyJC19ROGR    (0)    2 :  0.047 0.053 0.516 0.384 
197 OmyJC19ROGR    (0)    2 :  0.078 0.407 0.360 0.154 
198 OmyJC19ROGR    (0)    2 :  0.750 0.079 0.081 0.090 
199 OmyJC19ROGR    (0)    2 :  0.037 0.149 0.565 0.249 
200 OmyJC19ROGR    (0)    2 :  0.107 0.697 0.094 0.101 
201 OmyJC19ROGR    (0)    2 :  0.040 0.109 0.372 0.479 
202 OmyJC19ROGR    (0)    2 :  0.019 0.852 0.060 0.069 
203 OmyJC19ROGR    (0)    2 :  0.066 0.228 0.342 0.364 
204 OmyJC19ROGR    (0)    2 :  0.068 0.238 0.341 0.353 
205 OmyJC19ROGR    (0)    2 :  0.164 0.138 0.258 0.440 
206 OmyJC19ROGR    (0)    2 :  0.841 0.057 0.046 0.055 
207 OmyJC19ROGR    (0)    2 :  0.319 0.136 0.202 0.343 
208 OmyJC19ROGR    (0)    2 :  0.048 0.071 0.324 0.556 
209 OmyJC19ROGR    (0)    2 :  0.529 0.264 0.124 0.084 
210 OmyJC19ROGR    (0)    2 :  0.880 0.022 0.051 0.046 
211 OmyJC19ROGR    (0)    2 :  0.208 0.219 0.294 0.280 
212 OmyJC19ROGR    (1)    2 :  0.203 0.510 0.137 0.150 
213 OmyJC19ROGR    (1)    2 :  0.057 0.151 0.474 0.318 
214 OmyJC19ROGR    (0)    2 :  0.049 0.070 0.218 0.662 
215 OmyJC19ROGR    (0)    2 :  0.043 0.104 0.558 0.296 
216 OmyJC19ROGR    (0)    2 :  0.785 0.046 0.080 0.090 
217 OmyJC19ROGR    (0)    2 :  0.430 0.109 0.222 0.239 
218 OmyJC19ROGR    (0)    2 :  0.046 0.534 0.150 0.270 
219 OmyJC19ROGR    (0)    2 :  0.129 0.056 0.509 0.307 
220 OmyJC19ROGR    (0)    2 :  0.020 0.242 0.228 0.510 
221 OmyJC19ROGR    (0)    2 :  0.291 0.113 0.214 0.382 
222 OmyJC19ROGR    (0)    2 :  0.052 0.429 0.339 0.181 
223 OmyJC19ROGR    (0)    2 :  0.070 0.149 0.334 0.446 
224 OmyJC19ROGR    (0)    2 :  0.038 0.083 0.337 0.542 
225 OmyJC19ROGR    (0)    2 :  0.914 0.025 0.030 0.031 
226 OmyJC19ROGR    (0)    2 :  0.264 0.055 0.415 0.266 
227 OmyJC19ROGR    (1)    2 :  0.890 0.043 0.035 0.033 
228 OmyJC19ROGR    (0)    2 :  0.053 0.050 0.452 0.445 
229 OmyJC19ROGR    (1)    2 :  0.049 0.292 0.233 0.426 
230 OmyJC19ROGR    (0)    2 :  0.237 0.229 0.162 0.373 
231 OmyJC19ROGR    (0)    2 :  0.137 0.080 0.381 0.402 
232 OmyJC19ROGR    (1)    2 :  0.075 0.265 0.356 0.304 
233 OmyJC19ROGR    (0)    2 :  0.201 0.159 0.249 0.391 
234 OmyJC19ROGR    (0)    2 :  0.904 0.039 0.022 0.035 
235 OmyJC19ROGR    (0)    2 :  0.656 0.155 0.092 0.096 
236 OmyJC19ROGR    (1)    2 :  0.043 0.252 0.240 0.466 
237 OmyJC19ROGR    (0)    2 :  0.082 0.193 0.334 0.391 
238 OmyJC19ROGR    (0)    2 :  0.104 0.063 0.238 0.594 
239 OmyJC19ROGR    (0)    2 :  0.117 0.118 0.505 0.261 
240 OmyJC19ROGR    (0)    2 :  0.076 0.179 0.341 0.404 
241 OmyJC19ROGR    (0)    2 :  0.130 0.518 0.256 0.095 
242 OmyJC19ROGR    (0)    2 :  0.032 0.187 0.518 0.263 
243 OmyJC19ROGR    (0)    2 :  0.069 0.441 0.292 0.199 
244 OmyJC19ROGR    (0)    2 :  0.093 0.473 0.164 0.270 
245 OmyJC19ROGR    (0)    2 :  0.920 0.025 0.027 0.029 
246 OmyJC19ROGR    (0)    2 :  0.228 0.527 0.114 0.131 
247 OmyJC19ROGR    (0)    2 :  0.600 0.165 0.117 0.119 
248 OmyJC19ROGR    (0)    2 :  0.590 0.117 0.179 0.114 
249 OmyJC19ROGR    (0)    2 :  0.087 0.072 0.259 0.582 
250 OmyJC19ROGR    (0)    2 :  0.123 0.165 0.334 0.378 
251 OmyJC19ROGR    (0)    2 :  0.068 0.124 0.414 0.394 
252 OmyJC19ROGR    (0)    2 :  0.048 0.811 0.065 0.077 
253 OmyJC19ROGR    (0)    2 :  0.131 0.127 0.482 0.261 
254 OmyJC19ROGR    (0)    2 :  0.092 0.516 0.190 0.202 
255 OmyJC19ROGR    (0)    2 :  0.049 0.632 0.139 0.180 
256 OmyJC19ROGR    (0)    2 :  0.347 0.377 0.127 0.149 
257 OmyJC19ROGR    (0)    2 :  0.105 0.103 0.293 0.499 
258 OmyAC19ROGR    (0)    1 :  0.234 0.217 0.336 0.213 
259 OmyAC19ROGR    (1)    1 :  0.454 0.122 0.221 0.202 
260 OmyAC19ROGR    (0)    1 :  0.037 0.090 0.451 0.422 
261 OmyAC19ROGR    (0)    1 :  0.076 0.085 0.429 0.410 
262 OmyAC19ROGR    (0)    1 :  0.143 0.199 0.403 0.256 
263 OmyAC19ROGR    (0)    1 :  0.079 0.562 0.154 0.205 
264 OmyAC19ROGR    (0)    1 :  0.084 0.144 0.441 0.331 
265 OmyAC19ROGR    (0)    1 :  0.065 0.295 0.261 0.379 
266 OmyAC19ROGR    (0)    1 :  0.033 0.076 0.375 0.516 
267 OmyAC19ROGR    (0)    1 :  0.188 0.154 0.345 0.313 
268 OmyAC19ROGR    (1)    1 :  0.223 0.463 0.147 0.167 
269 OmyAC19ROGR    (1)    1 :  0.205 0.096 0.424 0.275 
270 OmyAC19ROGR    (0)    1 :  0.050 0.524 0.134 0.292 
271 OmyAC19ROGR    (0)    1 :  0.339 0.110 0.280 0.270 
272 OmyAC19ROGR    (0)    1 :  0.210 0.058 0.454 0.279 
273 OmyAC19ROGR    (0)    1 :  0.062 0.255 0.417 0.265 
274 OmyAC19ROGR    (0)    1 :  0.778 0.068 0.085 0.069 
275 OmyAC19ROGR    (0)    1 :  0.141 0.371 0.268 0.220 
276 OmyAC19ROGR    (0)    1 :  0.104 0.147 0.500 0.250 
277 OmyAC19ROGR    (0)    1 :  0.109 0.062 0.524 0.306 
278 OmyAC19ROGR    (0)    1 :  0.354 0.080 0.183 0.383 
279 OmyAC19ROGR    (0)    1 :  0.248 0.080 0.367 0.305 
280 OmyAC19ROGR    (0)    1 :  0.153 0.369 0.191 0.286 
281 OmyAC19ROGR    (0)    1 :  0.075 0.149 0.389 0.387 
282 OmyAC19ROGR    (0)    1 :  0.231 0.219 0.321 0.229 
283 OmyAC19ROGR    (0)    1 :  0.062 0.103 0.489 0.346 
284 OmyAC19ROGR    (0)    1 :  0.038 0.228 0.405 0.330 
285 OmyAC19ROGR    (0)    1 :  0.073 0.371 0.337 0.219 
286 OmyAC19ROGR    (0)    1 :  0.041 0.301 0.385 0.273 
287 OmyAC19ROGR    (0)    1 :  0.953 0.015 0.017 0.015 
288 OmyAC19ROGR    (0)    1 :  0.760 0.057 0.073 0.109 
289 OmyAC19ROGR    (0)    1 :  0.188 0.110 0.347 0.355 
290 OmyAC19ROGR    (1)    1 :  0.932 0.023 0.023 0.021 
291 OmyAC19ROGR    (0)    1 :  0.443 0.190 0.185 0.183 
292 OmyAC19ROGR    (1)    1 :  0.226 0.104 0.429 0.241 
293 OmyAC19ROGR    (0)    1 :  0.038 0.714 0.115 0.133 
294 OmyAC19ROGR    (0)    1 :  0.405 0.083 0.195 0.318 
295 OmyAC19ROGR    (0)    1 :  0.045 0.213 0.422 0.319 
296 OmyAC19ROGR    (0)    1 :  0.061 0.182 0.480 0.277 
297 OmyAC19ROGR    (0)    1 :  0.779 0.042 0.095 0.084 
298 OmyAC19ROGR    (0)    1 :  0.043 0.085 0.315 0.558 
299 OmyAC19ROGR    (0)    1 :  0.299 0.326 0.147 0.228 
300 OmyAC19ROGR    (0)    1 :  0.050 0.160 0.284 0.506 
301 OmyAC19ROGR    (0)    1 :  0.896 0.025 0.037 0.042 
302 OmyAC19ROGR    (0)    1 :  0.529 0.085 0.189 0.197 
303 OmyAC19ROGR    (0)    1 :  0.149 0.089 0.510 0.251 
304 OmyAC19ROGR    (0)    1 :  0.190 0.128 0.295 0.386 
305 OmyAC19ROGR    (0)    1 :  0.054 0.113 0.296 0.537 
306 OmyAC19ROGR    (0)    1 :  0.682 0.029 0.160 0.128 
307 OmyAC19ROGR    (1)    1 :  0.037 0.338 0.222 0.403 
308 OmyAC19ROGR    (0)    1 :  0.129 0.088 0.344 0.440 
309 OmyAC19ROGR    (1)    1 :  0.878 0.041 0.042 0.039 
310 OmyAC19ROGR    (0)    1 :  0.410 0.127 0.283 0.180 
311 OmyAC19ROGR    (0)    1 :  0.481 0.065 0.322 0.132 
312 OmyAC19ROGR    (0)    1 :  0.055 0.561 0.166 0.218 
313 OmyAC19ROGR    (0)    1 :  0.031 0.153 0.308 0.508 
314 OmyAC19ROGR    (0)    1 :  0.066 0.652 0.144 0.138 
315 OmyAC19ROGR    (0)    1 :  0.097 0.154 0.387 0.363 
316 OmyAC19ROGR    (0)    1 :  0.056 0.121 0.305 0.518 
317 OmyAC19ROGR    (0)    1 :  0.065 0.538 0.242 0.155 
318 OmyAC19ROGR    (0)    1 :  0.037 0.550 0.240 0.174 
319 OmyAC19ROGR    (1)    1 :  0.026 0.159 0.449 0.366 
320 OmyAC19ROGR    (0)    1 :  0.017 0.097 0.238 0.648 
321 OmyAC19ROGR    (0)    1 :  0.049 0.101 0.340 0.510 
322 OmyAC19ROGR    (0)    1 :  0.534 0.108 0.235 0.123 
323 OmyAC19ROGR    (0)    1 :  0.046 0.046 0.469 0.439 
324 OmyAC19ROGR    (0)    1 :  0.045 0.146 0.472 0.337 
325 OmyAC19ROGR    (0)    1 :  0.427 0.081 0.280 0.212 
326 OmyAC19ROGR    (0)    1 :  0.075 0.075 0.287 0.563 
327 OmyAC19ROGR    (0)    1 :  0.053 0.186 0.357 0.403 
328 OmyAC20ROGR    (1)    1 :  0.045 0.248 0.327 0.380 
329 OmyAC20ROGR    (0)    1 :  0.117 0.477 0.180 0.225 
330 OmyAC20ROGR    (0)    1 :  0.111 0.258 0.291 0.340 
331 OmyAC20ROGR    (0)    1 :  0.342 0.189 0.151 0.318 
332 OmyAC20ROGR    (0)    1 :  0.275 0.271 0.291 0.163 
333 OmyAC20ROGR    (0)    1 :  0.331 0.322 0.155 0.192 
334 OmyAC20ROGR    (0)    1 :  0.035 0.653 0.202 0.111 
335 OmyAC20ROGR    (0)    1 :  0.061 0.287 0.350 0.302 
336 OmyAC20ROGR    (0)    1 :  0.191 0.174 0.340 0.294 
337 OmyAC20ROGR    (0)    1 :  0.489 0.105 0.197 0.209 
338 OmyAC20ROGR    (0)    1 :  0.200 0.366 0.248 0.186 
339 OmyAC20ROGR    (0)    1 :  0.145 0.140 0.379 0.336 
340 OmyAC20ROGR    (0)    1 :  0.075 0.749 0.094 0.083 
341 OmyAC20ROGR    (0)    1 :  0.106 0.668 0.132 0.094 
342 OmyAC20ROGR    (0)    1 :  0.235 0.330 0.216 0.219 
343 OmyAC20ROGR    (0)    1 :  0.086 0.442 0.275 0.196 
344 OmyAC20ROGR    (0)    1 :  0.210 0.355 0.283 0.152 
345 OmyAC20ROGR    (1)    1 :  0.197 0.067 0.353 0.383 
346 OmyAC20ROGR    (0)    1 :  0.273 0.214 0.202 0.312 
347 OmyAC20ROGR    (0)    1 :  0.297 0.145 0.313 0.245 
348 OmyAC20ROGR    (0)    1 :  0.226 0.545 0.100 0.130 
349 OmyAC20ROGR    (0)    1 :  0.087 0.444 0.290 0.179 
350 OmyAC20ROGR    (0)    1 :  0.106 0.101 0.293 0.500 
351 OmyAC20ROGR    (0)    1 :  0.168 0.326 0.298 0.207 
352 OmyAC20ROGR    (0)    1 :  0.071 0.140 0.389 0.400 
353 OmyAC20ROGR    (0)    1 :  0.052 0.198 0.317 0.433 
354 OmyAC20ROGR    (0)    1 :  0.310 0.416 0.143 0.131 
355 OmyAC20ROGR    (0)    1 :  0.090 0.463 0.205 0.242 
356 OmyAC20ROGR    (0)    1 :  0.065 0.211 0.416 0.308 
357 OmyAC20ROGR    (0)    1 :  0.132 0.081 0.257 0.531 
358 OmyAC20ROGR    (0)    1 :  0.061 0.127 0.356 0.456 
359 OmyAC20ROGR    (0)    1 :  0.253 0.030 0.329 0.388 
360 OmyAC20ROGR    (0)    1 :  0.259 0.199 0.240 0.302 
361 OmyAC20ROGR    (0)    1 :  0.058 0.073 0.284 0.584 
362 OmyAC20ROGR    (0)    1 :  0.067 0.072 0.423 0.438 
363 OmyAC20ROGR    (0)    1 :  0.172 0.385 0.224 0.220 
364 OmyAC20ROGR    (1)    1 :  0.054 0.489 0.222 0.235 
365 OmyAC20ROGR    (0)    1 :  0.029 0.104 0.464 0.402 
366 OmyAC20ROGR    (0)    1 :  0.045 0.371 0.318 0.266 
367 OmyAC20ROGR    (0)    1 :  0.149 0.134 0.405 0.312 
368 OmyAC20ROGR    (1)    1 :  0.114 0.061 0.511 0.313 
369 OmyAC20ROGR    (0)    1 :  0.374 0.283 0.169 0.175 
370 OmyAC20ROGR    (0)    1 :  0.731 0.100 0.100 0.069 
371 OmyAC20ROGR    (0)    1 :  0.821 0.050 0.060 0.070 
372 OmyAC20ROGR    (2)    1 :  0.901 0.030 0.034 0.034 
373 OmyAC20ROGR    (0)    1 :  0.474 0.057 0.205 0.264 
374 OmyAC20ROGR    (0)    1 :  0.039 0.298 0.372 0.291 
375 OmyAC20ROGR    (0)    1 :  0.112 0.108 0.277 0.504 
376 OmyAC20ROGR    (0)    1 :  0.562 0.116 0.160 0.162 
377 OmyAC20ROGR    (0)    1 :  0.036 0.441 0.259 0.264 
378 OmyAC20ROGR    (0)    1 :  0.037 0.294 0.326 0.343 
379 OmyAC20ROGR    (0)    1 :  0.492 0.170 0.152 0.186 
380 OmyAC20ROGR    (1)    1 :  0.033 0.099 0.366 0.502 
381 OmyAC20ROGR    (0)    1 :  0.144 0.067 0.450 0.338 
382 OmyAC20ROGR    (0)    1 :  0.858 0.028 0.047 0.068 
383 OmyAC20ROGR    (0)    1 :  0.204 0.047 0.283 0.466 
384 OmyAC20ROGR    (0)    1 :  0.389 0.227 0.212 0.172 
385 OmyAC20ROGR    (0)    1 :  0.297 0.049 0.320 0.335 
386 OmyAC20ROGR    (0)    1 :  0.173 0.141 0.320 0.366 
387 OmyAC20ROGR    (0)    1 :  0.379 0.062 0.205 0.354 
388 OmyAC20ROGR    (0)    1 :  0.331 0.339 0.200 0.130 
389 OmyAC20ROGR    (0)    1 :  0.047 0.070 0.235 0.648 
390 OmyAC20ROGR    (0)    1 :  0.034 0.164 0.423 0.380 
391 OmyAC20ROGR    (0)    1 :  0.459 0.231 0.135 0.175 
392 OmyAC20ROGR    (0)    1 :  0.347 0.228 0.239 0.186 
393 OmyAC20ROGR    (0)    1 :  0.098 0.283 0.201 0.418 
394 OmyAC20ROGR    (1)    1 :  0.111 0.084 0.411 0.395 
395 OmyAC20ROGR    (0)    1 :  0.095 0.318 0.366 0.221 
396 OmyAC20ROGR    (0)    1 :  0.065 0.112 0.301 0.522 
397 OmyAC20ROGR    (0)    1 :  0.339 0.076 0.320 0.264 
398 OmyAC20ROGR    (0)    1 :  0.709 0.139 0.074 0.079 
399 OmyAC20ROGR    (0)    1 :  0.260 0.157 0.352 0.231 
400 OmyAC20ROGR    (0)    1 :  0.168 0.158 0.446 0.229 
401 OmyAC20ROGR    (1)    1 :  0.859 0.057 0.046 0.038 
402 OmyAC20ROGR    (0)    1 :  0.042 0.613 0.145 0.200 
403 OmyAC20ROGR    (0)    1 :  0.203 0.357 0.205 0.236 
404 OmyAC20ROGR    (0)    1 :  0.040 0.408 0.267 0.285 
405 OmyAC20ROGR    (0)    1 :  0.348 0.058 0.166 0.428 
406 OmyAC20ROGR    (0)    1 :  0.109 0.335 0.278 0.278 
407 OmyAC20ROGR    (0)    1 :  0.077 0.052 0.409 0.462 
408 OmyAC20ROGR    (0)    1 :  0.119 0.322 0.286 0.272 
409 OmyAC20ROGR    (0)    1 :  0.079 0.048 0.366 0.507 
410 OmyAC20ROGR    (0)    1 :  0.884 0.025 0.042 0.049 
411 OmyAC20ROGR    (0)    1 :  0.609 0.081 0.158 0.152 
412 OmyAC20ROGR    (0)    1 :  0.149 0.383 0.180 0.287 
413 OmyAC20ROGR    (0)    1 :  0.067 0.045 0.419 0.469 
414 OmyAC20ROGR    (0)    1 :  0.413 0.276 0.216 0.096 
415 OmyAC20ROGR    (0)    1 :  0.040 0.261 0.307 0.392 
416 OmyAC20ROGR    (0)    1 :  0.106 0.277 0.292 0.326 
417 OmyAC20ROGR    (0)    1 :  0.049 0.159 0.284 0.509 
418 OmyAC20ROGR    (0)    1 :  0.206 0.116 0.418 0.260 
419 OmyAC20ROGR    (0)    1 :  0.434 0.060 0.195 0.311 
420 OmyAC20ROGR    (0)    1 :  0.044 0.307 0.396 0.254 
421 OmyAC20ROGR    (0)    1 :  0.148 0.323 0.196 0.332 
422 OmyAC20ROGR    (0)    1 :  0.887 0.039 0.046 0.028 
423 OmyAC20ROGR    (0)    1 :  0.050 0.045 0.314 0.591 
424 OmyAC20ROGR    (0)    1 :  0.039 0.084 0.477 0.401 
425 OmyAC20ROGR    (0)    1 :  0.844 0.090 0.035 0.031 
426 OmyAC20ROGR    (0)    1 :  0.128 0.108 0.396 0.368 
427 OmyAC20ROGR    (0)    1 :  0.228 0.122 0.360 0.291 
428 OmyAC20ROGR    (0)    1 :  0.921 0.026 0.027 0.025 
429 OmyAC20ROGR    (0)    1 :  0.041 0.102 0.268 0.589 
430 OmyAC20ROGR    (0)    1 :  0.134 0.047 0.540 0.279 
431 OmyAC20ROGR    (0)    1 :  0.533 0.157 0.125 0.185 
432 OmyAC20ROGR    (0)    1 :  0.861 0.043 0.051 0.044 
433 OmyAC20ROGR    (0)    1 :  0.886 0.043 0.036 0.036 
434 OmyAC20ROGR    (0)    1 :  0.258 0.048 0.278 0.416 
435 OmyAC20ROGR    (0)    1 :  0.028 0.210 0.465 0.297 
436 OmyAC20ROGR    (0)    1 :  0.062 0.040 0.341 0.558 
437 OmyAC20ROGR    (0)    1 :  0.642 0.063 0.117 0.177 
438 OmyAC20ROGR    (0)    1 :  0.407 0.103 0.269 0.220 
439 OmyAC20ROGR    (0)    1 :  0.090 0.082 0.543 0.285 
440 OmyAC20ROGR    (0)    1 :  0.771 0.069 0.083 0.077 
441 OmyAC20ROGR    (0)    1 :  0.035 0.152 0.468 0.346 
442 OmyAC20ROGR    (0)    1 :  0.090 0.097 0.525 0.288 
443 OmyAC20ROGR    (0)    1 :  0.028 0.539 0.262 0.170 
444 OmyAC20ROGR    (0)    1 :  0.128 0.052 0.255 0.565 
445 OmyAC20ROGR    (0)    1 :  0.140 0.070 0.399 0.391 
446 OmyJC18ROGR    (0)    2 :  0.081 0.543 0.171 0.204 
447 OmyJC18ROGR    (0)    2 :  0.076 0.111 0.425 0.388 
448 OmyJC18ROGR    (0)    2 :  0.092 0.053 0.395 0.460 
449 OmyJC18ROGR    (0)    2 :  0.683 0.093 0.102 0.122 
450 OmyJC18ROGR    (0)    2 :  0.708 0.105 0.098 0.090 
451 OmyJC18ROGR    (0)    2 :  0.864 0.039 0.051 0.046 
452 OmyJC18ROGR    (0)    2 :  0.299 0.275 0.275 0.151 
453 OmyJC18ROGR    (0)    2 :  0.040 0.647 0.128 0.186 
454 OmyJC18ROGR    (0)    2 :  0.859 0.040 0.053 0.048 
455 OmyJC18ROGR    (0)    2 :  0.053 0.074 0.492 0.381 
456 OmyJC18ROGR    (0)    2 :  0.872 0.025 0.057 0.046 
457 OmyJC18ROGR    (0)    2 :  0.077 0.066 0.565 0.293 
458 OmyJC18ROGR    (0)    2 :  0.197 0.482 0.170 0.152 
459 OmyJC18ROGR    (0)    2 :  0.031 0.370 0.385 0.214 
460 OmyJC18ROGR    (2)    2 :  0.473 0.120 0.267 0.140 
461 OmyJC18ROGR    (1)    2 :  0.358 0.302 0.150 0.190 
462 OmyJC18ROGR    (3)    2 :  0.452 0.159 0.236 0.152 
463 OmyJC18ROGR    (1)    2 :  0.696 0.096 0.086 0.121 
464 OmyJC18ROGR    (3)    2 :  0.039 0.056 0.329 0.576 
465 OmyJC18ROGR    (3)    2 :  0.077 0.082 0.413 0.427 
466 OmyJC18ROGR    (0)    2 :  0.236 0.127 0.385 0.251 
467 OmyJC18ROGR    (1)    2 :  0.068 0.126 0.376 0.430 
468 OmyJC18ROGR    (0)    2 :  0.066 0.055 0.282 0.597 
469 OmyJC18ROGR    (0)    2 :  0.772 0.048 0.097 0.084 
470 OmyJC18ROGR    (3)    2 :  0.564 0.108 0.099 0.228 
471 OmyJC18ROGR    (1)    2 :  0.347 0.193 0.257 0.204 
472 OmyJC18ROGR    (1)    2 :  0.122 0.109 0.550 0.218 
473 OmyJC18ROGR    (2)    2 :  0.046 0.117 0.481 0.356 
474 OmyJC18ROGR    (0)    2 :  0.054 0.581 0.158 0.207 
475 OmyJC18ROGR    (1)    2 :  0.688 0.213 0.053 0.046 
476 OmyJC18ROGR    (2)    2 :  0.030 0.418 0.376 0.176 
477 OmyJC18ROGR    (3)    2 :  0.132 0.118 0.512 0.239 
478 OmyJC18ROGR    (0)    2 :  0.072 0.497 0.256 0.174 
479 OmyJC18ROGR    (0)    2 :  0.035 0.093 0.401 0.471 
480 OmyJC18ROGR    (0)    2 :  0.187 0.102 0.413 0.298 
481 OmyJC18ROGR    (2)    2 :  0.296 0.281 0.259 0.164 
482 OmyJC18ROGR    (3)    2 :  0.031 0.110 0.328 0.531 
483 OmyJC18ROGR    (3)    2 :  0.065 0.054 0.462 0.419 
484 OmyJC18ROGR    (3)    2 :  0.081 0.275 0.288 0.356 
485 OmyJC18ROGR    (2)    2 :  0.670 0.060 0.118 0.152 
486 OmyJC18ROGR    (2)    2 :  0.475 0.078 0.206 0.241 
487 OmyJC18ROGR    (1)    2 :  0.156 0.484 0.193 0.168 
488 OmyJC18ROGR    (3)    2 :  0.095 0.186 0.315 0.405 
489 OmyJC18ROGR    (0)    2 :  0.049 0.240 0.451 0.260 
490 OmyJC18ROGR    (2)    2 :  0.123 0.181 0.422 0.273 
491 OmyJC18ROGR    (4)    2 :  0.161 0.584 0.136 0.119 
492 OmyJC18ROGR    (4)    2 :  0.031 0.790 0.092 0.086 
493 OmyJC18ROGR    (3)    2 :  0.157 0.078 0.282 0.482 
494 OmyJC18ROGR    (3)    2 :  0.869 0.034 0.044 0.054 
495 OmyJC18ROGR    (3)    2 :  0.195 0.519 0.168 0.118 
496 OmyJC18ROGR    (0)    2 :  0.110 0.366 0.294 0.230 
497 OmyJC18ROGR    (5)    2 :  0.137 0.275 0.363 0.225 
498 OmyJC18ROGR    (3)    2 :  0.274 0.218 0.337 0.172 
499 OmyJC18ROGR    (1)    2 :  0.076 0.246 0.428 0.250 
500 OmyJC18ROGR    (1)    2 :  0.038 0.174 0.468 0.320 
501 OmyJC18ROGR    (3)    2 :  0.506 0.120 0.224 0.150 
502 OmyJC18ROGR    (1)    2 :  0.265 0.053 0.269 0.413 
503 OmyJC18ROGR    (4)    2 :  0.079 0.046 0.461 0.413 
504 OmyJC18ROGR    (1)    2 :  0.366 0.050 0.283 0.301 
505 OmyJC18ROGR    (0)    2 :  0.308 0.343 0.162 0.187 
506 OmyJC18ROGR    (6)    2 :  0.092 0.417 0.269 0.222 
507 OmyJC18ROGR    (0)    2 :  0.199 0.116 0.422 0.263 
508 OmyJC18ROGR    (0)    2 :  0.112 0.102 0.330 0.457 
509 OmyJC18ROGR    (2)    2 :  0.875 0.044 0.035 0.045 
510 OmyJC18ROGR    (1)    2 :  0.046 0.194 0.303 0.456 
511 OmyJC18ROGR    (3)    2 :  0.176 0.684 0.070 0.070 
512 OmyJC18ROGR    (2)    2 :  0.754 0.031 0.076 0.138 
513 OmyJC18ROGR    (7)    2 :  0.241 0.509 0.114 0.136 
514 OmyJC18ROGR    (3)    2 :  0.596 0.209 0.086 0.109 
515 OmyJC18ROGR    (0)    2 :  0.100 0.172 0.329 0.399 
516 OmyJC18ROGR    (2)    2 :  0.261 0.170 0.269 0.300 
517 OmyJC18ROGR    (2)    2 :  0.296 0.337 0.227 0.140 
518 OmyJC18ROGR    (0)    2 :  0.062 0.125 0.308 0.505 
519 OmyJC18ROGR    (7)    2 :  0.079 0.732 0.092 0.098 
520 OmyJC18ROGR    (4)    2 :  0.253 0.473 0.159 0.115 
521 OmyJC18ROGR    (1)    2 :  0.235 0.368 0.222 0.175 
522 OmyJC18ROGR    (1)    2 :  0.173 0.081 0.415 0.331 
523 OmyJC18ROGR    (3)    2 :  0.064 0.140 0.234 0.563 
524 OmyJC18ROGR    (1)    2 :  0.055 0.065 0.371 0.509 
525 OmyJC18ROGR    (2)    2 :  0.215 0.401 0.180 0.205 
526 OmyJC18ROGR    (1)    2 :  0.116 0.401 0.237 0.247 
527 OmyJC18ROGR    (0)    2 :  0.058 0.395 0.252 0.296 
528 OmyJC18ROGR    (0)    2 :  0.059 0.108 0.278 0.555 
529 OmyJC18ROGR    (1)    2 :  0.044 0.133 0.474 0.349 
530 OmyJC18ROGR    (0)    2 :  0.038 0.043 0.388 0.531 
531 OmyJC18ROGR    (0)    2 :  0.056 0.048 0.301 0.595 
532 OmyJC18ROGR    (1)    2 :  0.030 0.090 0.574 0.306 
533 OmyJC18ROGR    (2)    2 :  0.029 0.311 0.304 0.355 
534 OmyJC18ROGR    (2)    2 :  0.088 0.120 0.436 0.356 
535 OmyJC18ROGR    (0)    2 :  0.070 0.436 0.343 0.151 
536 OmyJC18ROGR    (0)    2 :  0.040 0.761 0.093 0.105 
537 OmyJC18ROGR    (0)    2 :  0.045 0.509 0.236 0.210 
538 OmyJC18ROGR    (0)    2 :  0.057 0.058 0.400 0.486 
539 OmyJC18ROGR    (1)    2 :  0.084 0.112 0.312 0.492 
540 OmyJC18ROGR    (6)    2 :  0.077 0.207 0.404 0.311 
541 OmyJC18ROGR    (1)    2 :  0.077 0.185 0.311 0.426 
542 OmyJC18ROGR    (1)    2 :  0.216 0.176 0.281 0.327 
543 OmyJC18ROGR    (0)    2 :  0.278 0.110 0.214 0.397 
544 OmyJC18ROGR    (2)    2 :  0.069 0.283 0.301 0.348 
545 OmyJC18ROGR    (1)    2 :  0.605 0.035 0.166 0.194 
546 OmyJC18ROGR    (6)    2 :  0.022 0.069 0.472 0.437 
547 OmyJC18ROGR    (0)    2 :  0.154 0.043 0.498 0.305 
548 OmyJC18ROGR    (1)    2 :  0.225 0.267 0.272 0.236 
549 OmyJC18ROGR    (0)    2 :  0.052 0.073 0.516 0.360 
550 OmyJC18ROGR    (1)    2 :  0.786 0.072 0.074 0.067 
551 OmyJC18ROGR    (1)    2 :  0.088 0.612 0.169 0.131 
552 OmyJC18ROGR    (2)    2 :  0.135 0.093 0.538 0.234 
553 OmyJC18ROGR    (7)    2 :  0.094 0.168 0.316 0.422 
554 OmyJC18ROGR    (2)    2 :  0.053 0.192 0.310 0.445 
555 OmyJC18ROGR    (3)    2 :  0.049 0.298 0.396 0.257 
556 OmyJC18ROGR    (0)    2 :  0.098 0.760 0.075 0.068 
557 OmyJC18ROGR    (1)    2 :  0.571 0.118 0.158 0.152 
558 OmyJC18ROGR    (0)    2 :  0.164 0.693 0.078 0.065 
559 OmyJC18ROGR    (0)    2 :  0.037 0.071 0.614 0.279 
560 OmyJC18ROGR    (5)    2 :  0.155 0.329 0.207 0.309 
561 OmyJC18ROGR    (0)    2 :  0.041 0.054 0.343 0.562 
562 OmyJC18ROGR    (6)    2 :  0.066 0.411 0.191 0.332 
563 OmyJC18ROGR    (2)    2 :  0.096 0.307 0.281 0.316 
564 OmyJC18ROGR    (3)    2 :  0.296 0.446 0.135 0.124 
565 OmyJC18ROGR    (3)    2 :  0.133 0.203 0.322 0.342 
566 OmyJC18ROGR    (1)    2 :  0.093 0.087 0.443 0.377 
567 OmyJC18ROGR    (0)    2 :  0.037 0.093 0.409 0.461 
568 OmyJC18ROGR    (3)    2 :  0.158 0.379 0.229 0.235 
569 OmyJC18ROGR    (2)    2 :  0.073 0.164 0.429 0.335 
570 OmyJC18ROGR    (0)    2 :  0.098 0.058 0.530 0.314 
571 OmyJC18ROGR    (1)    2 :  0.033 0.036 0.525 0.405 
572 OmyJC18ROGR    (4)    2 :  0.074 0.522 0.212 0.193 
573 OmyJC18ROGR    (3)    2 :  0.477 0.181 0.217 0.124 
574 OmyJC18ROGR    (5)    2 :  0.257 0.181 0.265 0.297 
575 OmyJC18ROGR    (3)    2 :  0.041 0.537 0.203 0.218 
576 OmyJC18ROGR    (0)    2 :  0.083 0.258 0.245 0.414 
577 OmyJC18ROGR    (0)    2 :  0.859 0.032 0.051 0.058 
578 OmyJC18ROGR    (1)    2 :  0.049 0.062 0.527 0.363 
579 OmyJC18ROGR    (0)    2 :  0.776 0.102 0.068 0.055 
580 OmyJC18ROGR    (0)    2 :  0.022 0.348 0.253 0.377 
581 OmyJC18ROGR    (3)    2 :  0.091 0.126 0.406 0.376 
582 OmyJC18ROGR    (6)    2 :  0.044 0.311 0.276 0.368 
583 OmyJC18ROGR    (3)    2 :  0.049 0.485 0.219 0.247 
584 OmyJC18ROGR    (3)    2 :  0.093 0.284 0.299 0.324 
585 OmyJC18ROGR    (1)    2 :  0.092 0.111 0.613 0.184 
586 OmyJC18ROGR    (1)    2 :  0.028 0.136 0.315 0.521 
587 OmyJC18ROGR    (0)    2 :  0.911 0.021 0.033 0.035 
588 OmyJC18ROGR    (0)    2 :  0.244 0.487 0.190 0.079 
589 OmyJC18ROGR    (1)    2 :  0.108 0.262 0.288 0.342 
590 OmyJC18ROGR    (2)    2 :  0.016 0.040 0.270 0.674 
591 OmyJC18ROGR    (0)    2 :  0.081 0.187 0.356 0.376 
592 OmyJC18ROGR    (3)    2 :  0.088 0.099 0.331 0.482 
593 OmyJC18ROGR    (0)    2 :  0.157 0.401 0.304 0.138 
594 OmyJC18ROGR    (1)    2 :  0.062 0.132 0.503 0.302 
595 OmyJC18ROGR    (0)    2 :  0.115 0.526 0.179 0.180 
596 OmyJC18ROGR    (1)    2 :  0.126 0.179 0.331 0.364 
597 OmyJC18ROGR    (0)    2 :  0.103 0.288 0.304 0.305 
598 OmyJC18ROGR    (1)    2 :  0.095 0.087 0.463 0.355 
599 OmyJC18ROGR    (0)    2 :  0.084 0.099 0.286 0.530 
600 OmyJC18ROGR    (0)    2 :  0.062 0.532 0.216 0.189 
601 OmyJC18ROGR    (0)    2 :  0.046 0.291 0.238 0.425 
602 OmyJC18ROGR    (0)    2 :  0.112 0.077 0.346 0.464 
603 OmyJC18ROGR    (0)    2 :  0.047 0.502 0.252 0.198 
604 OmyJC18ROGR    (0)    2 :  0.065 0.258 0.330 0.347 
605 OmyJC18ROGR    (0)    2 :  0.032 0.737 0.150 0.081 
606 OmyJC18ROGR    (0)    2 :  0.091 0.393 0.254 0.262 
607 OmyJC18ROGR    (0)    2 :  0.069 0.090 0.586 0.255 
608 OmyJC18ROGR    (0)    2 :  0.042 0.049 0.288 0.620 
609 OmyJC18ROGR    (0)    2 :  0.071 0.701 0.086 0.141 
610 OmyJC18ROGR    (4)    2 :  0.803 0.099 0.058 0.041 
611 OmyJC18ROGR    (0)    2 :  0.317 0.294 0.247 0.142 
612 OmyJC18ROGR    (2)    2 :  0.070 0.193 0.411 0.326 
613 OmyJC18ROGR    (0)    2 :  0.119 0.313 0.303 0.264 
614 OmyJC18ROGR    (0)    2 :  0.174 0.045 0.398 0.383 
615 OmyJC18ROGR    (0)    2 :  0.026 0.279 0.455 0.239 
616 OmyJC18ROGR    (0)    2 :  0.166 0.300 0.235 0.299 
617 OmyJC18ROGR    (0)    2 :  0.060 0.285 0.298 0.357 
618 OmyJC18ROGR    (0)    2 :  0.145 0.053 0.398 0.403 
619 OmyJC18ROGR    (0)    2 :  0.043 0.459 0.199 0.299 
620 OmyJC18ROGR    (0)    2 :  0.188 0.513 0.190 0.109 
621 OmyJC18ROGR    (1)    2 :  0.115 0.304 0.247 0.333 
622 OmyJC18ROGR    (2)    2 :  0.077 0.559 0.211 0.153 
623 OmyJC18ROGR    (1)    2 :  0.099 0.082 0.408 0.412 
624 OmyJC18ROGR    (2)    2 :  0.071 0.131 0.385 0.412 
625 OmyJC18ROGR    (0)    2 :  0.174 0.068 0.271 0.488 
626 OmyJC18ROGR    (6)    2 :  0.057 0.190 0.422 0.331 
627 OmyJC18ROGR    (0)    2 :  0.213 0.315 0.256 0.216 
628 OmyJC18ROGR    (0)    2 :  0.934 0.020 0.022 0.023 
629 OmyJC18ROGR    (1)    2 :  0.181 0.557 0.100 0.162 
630 OmyJC18ROGR    (1)    2 :  0.041 0.642 0.160 0.156 
631 OmyJC18ROGR    (3)    2 :  0.047 0.098 0.523 0.331 
632 OmyJC18ROGR    (0)    2 :  0.036 0.836 0.057 0.071 
633 OmyJC18ROGR    (4)    2 :  0.056 0.178 0.365 0.401 
634 OmyJC18ROGR    (2)    2 :  0.392 0.430 0.095 0.083 
635 OmyJC18ROGR    (0)    2 :  0.025 0.391 0.280 0.305 
636 OmyJC18ROGR    (0)    2 :  0.523 0.199 0.183 0.094 
637 OmyJC18ROGR    (0)    2 :  0.130 0.330 0.274 0.266 
638 OmyJC18ROGR    (0)    2 :  0.063 0.203 0.379 0.356 
639 OmyJC18ROGR    (1)    2 :  0.141 0.195 0.399 0.264 
640 OmyJC18ROGR    (1)    2 :  0.401 0.102 0.265 0.232 
641 OmyJC18ROGR    (0)    2 :  0.334 0.356 0.231 0.078 
642 OmyJC18ROGR    (3)    2 :  0.143 0.147 0.357 0.353 
643 OmyJC18ROGR    (1)    2 :  0.065 0.317 0.434 0.184 
644 OmyJC18ROGR    (7)    2 :  0.028 0.098 0.446 0.428 
645 OmyJC18ROGR    (4)    2 :  0.124 0.135 0.437 0.305 
646 OmyJC18ROGR    (0)    2 :  0.042 0.290 0.288 0.380 
647 OmyJC18ROGR    (1)    2 :  0.044 0.060 0.252 0.645 
648 OmyJC18ROGR    (1)    2 :  0.107 0.556 0.164 0.174 
649 OmyJC18ROGR    (0)    2 :  0.056 0.162 0.369 0.413 
650 OmyJC18ROGR    (1)    2 :  0.024 0.171 0.228 0.577 
651 OmyJC18ROGR    (5)    2 :  0.851 0.064 0.055 0.029 
652 OmyJC18ROGR    (1)    2 :  0.165 0.265 0.247 0.323 
653 OmyJC18ROGR    (3)    2 :  0.094 0.421 0.295 0.190 
654 OmyJC18ROGR    (1)    2 :  0.132 0.088 0.293 0.486 
655 OmyJC18ROGR    (2)    2 :  0.301 0.125 0.411 0.163 
656 OmyJC18ROGR    (0)    2 :  0.034 0.139 0.419 0.408 
657 OmyJC18ROGR    (0)    2 :  0.058 0.338 0.330 0.273 
658 OmyJC18ROGR    (0)    2 :  0.070 0.188 0.357 0.386 
659 OmyJC18ROGR    (5)    2 :  0.019 0.268 0.494 0.219 
660 OmyJC18ROGR    (3)    2 :  0.162 0.158 0.461 0.218 
661 OmyJC18ROGR    (2)    2 :  0.030 0.454 0.206 0.311 
662 OmyJC18ROGR    (1)    2 :  0.110 0.530 0.236 0.124 
663 OmyJC18ROGR    (2)    2 :  0.305 0.248 0.247 0.200 
664 OmyJC18ROGR    (0)    2 :  0.063 0.491 0.209 0.238 
665 OmyJC18ROGR    (0)    2 :  0.114 0.522 0.197 0.167 
666 OmyJC18ROGR    (0)    2 :  0.787 0.047 0.086 0.079 
667 OmyJC18ROGR    (0)    2 :  0.356 0.267 0.191 0.186 
668 OmyJC18ROGR    (2)    2 :  0.275 0.103 0.317 0.305 
669 OmyJC18ROGR    (4)    2 :  0.157 0.079 0.375 0.388 
670 OmyJC18ROGR    (6)    2 :  0.056 0.036 0.557 0.351 
671 OmyJC18ROGR    (3)    2 :  0.035 0.841 0.078 0.046 
672 OmyJC18ROGR    (0)    2 :  0.038 0.630 0.181 0.152 
673 OmyJC18ROGR    (4)    2 :  0.036 0.369 0.190 0.406 
674 OmyJC18ROGR    (0)    2 :  0.137 0.324 0.239 0.300 
675 OmyJC18ROGR    (0)    2 :  0.048 0.329 0.415 0.207 
