

----------------------------------------------------
STRUCTURE by Pritchard, Stephens and Donnelly (2000)
     and Falush, Stephens and Pritchard (2003)
       Code by Pritchard, Falush and Hubisz
             Version 2.3.4 (Jul 2012)
----------------------------------------------------



Command line arguments:   bin/structure -m "/Users/ddayan/FRA/premature_migration/Rogue_Half-Pounder/half-pounder/structure/halfpounder_2021/10k_20k_adm_corr/mainparams" -e "/Users/ddayan/FRA/premature_migration/Rogue_Half-Pounder/half-pounder/structure/halfpounder_2021/10k_20k_adm_corr/extraparams" 
Input File:    /Users/ddayan/FRA/premature_migration/Rogue_Half-Pounder/half-pounder/structure/halfpounder_2021/project_data

Run parameters:
   1000 individuals
   328 loci
   6 populations assumed
   10000 Burn-in period
   20000 Reps


--------------------------------------------
Proportion of membership of each pre-defined
 population in each of the 6 clusters

Given    Inferred Clusters                            Number of
 Pop       1      2      3      4      5      6      Individuals

  1:     0.171  0.174  0.162  0.179  0.180  0.133      275
  2:     0.171  0.162  0.171  0.167  0.173  0.156      643
  3:     0.057  0.111  0.060  0.074  0.036  0.661       42
  4:     0.239  0.197  0.266  0.195  0.041  0.062       40
--------------------------------------------

Allele-freq. divergence among pops (Net nucleotide distance),
computed using point estimates of P.

      1       2       3       4       5       6      
 1      -    0.0012  0.0015  0.0006  0.0091  0.0040  
 2   0.0012     -    0.0015  0.0008  0.0084  0.0031  
 3   0.0015  0.0015     -    0.0011  0.0089  0.0044  
 4   0.0006  0.0008  0.0011     -    0.0082  0.0030  
 5   0.0091  0.0084  0.0089  0.0082     -    0.0117  
 6   0.0040  0.0031  0.0044  0.0030  0.0117     -    

Average distances (expected heterozygosity) between individuals in same cluster:
cluster  1  : 0.2904 
cluster  2  : 0.2921 
cluster  3  : 0.2922 
cluster  4  : 0.2916 
cluster  5  : 0.2591 
cluster  6  : 0.2863 

--------------------------------------------
Estimated Ln Prob of Data   = -285757.0
Mean value of ln likelihood = -283343.8
Variance of ln likelihood   = 4826.3
Mean value of alpha         = 0.1530

Mean value of Fst_1         = 0.0142
Mean value of Fst_2         = 0.0122
Mean value of Fst_3         = 0.0154
Mean value of Fst_4         = 0.0104
Mean value of Fst_5         = 0.0746
Mean value of Fst_6         = 0.0267


Inferred ancestry of individuals:
        Label (%Miss) Pop:  Inferred clusters
  1 OmyAC19ROGR    (0)    1 :  0.218 0.149 0.088 0.339 0.012 0.193 
  2 OmyAC19ROGR    (0)    1 :  0.115 0.527 0.046 0.165 0.052 0.094 
  3 OmyAC19ROGR    (0)    1 :  0.213 0.448 0.040 0.140 0.049 0.110 
  4 OmyAC19ROGR    (0)    1 :  0.152 0.187 0.236 0.312 0.020 0.093 
  5 OmyAC19ROGR    (1)    1 :  0.013 0.014 0.010 0.011 0.942 0.009 
  6 OmyAC19ROGR    (0)    1 :  0.252 0.105 0.046 0.440 0.125 0.032 
  7 OmyAC19ROGR    (0)    1 :  0.139 0.085 0.383 0.127 0.157 0.109 
  8 OmyAC19ROGR    (0)    1 :  0.098 0.289 0.277 0.199 0.012 0.124 
  9 OmyAC19ROGR    (0)    1 :  0.193 0.198 0.045 0.244 0.204 0.116 
 10 OmyAC19ROGR    (0)    1 :  0.057 0.206 0.090 0.085 0.407 0.155 
 11 OmyAC19ROGR    (0)    1 :  0.344 0.037 0.189 0.238 0.045 0.147 
 12 OmyAC19ROGR    (0)    1 :  0.581 0.089 0.089 0.139 0.066 0.036 
 13 OmyAC19ROGR    (0)    1 :  0.060 0.119 0.586 0.100 0.022 0.112 
 14 OmyAC19ROGR    (0)    1 :  0.090 0.068 0.329 0.053 0.431 0.030 
 15 OmyAC19ROGR    (0)    1 :  0.038 0.043 0.437 0.060 0.393 0.030 
 16 OmyAC19ROGR    (0)    1 :  0.132 0.067 0.242 0.359 0.084 0.117 
 17 OmyAC19ROGR    (0)    1 :  0.193 0.269 0.255 0.208 0.060 0.014 
 18 OmyAC19ROGR    (2)    1 :  0.063 0.357 0.160 0.242 0.017 0.160 
 19 OmyAC19ROGR    (1)    1 :  0.040 0.304 0.392 0.139 0.034 0.092 
 20 OmyAC19ROGR    (0)    1 :  0.171 0.098 0.166 0.348 0.191 0.026 
 21 OmyAC19ROGR    (1)    1 :  0.124 0.256 0.164 0.168 0.189 0.099 
 22 OmyAC19ROGR    (0)    1 :  0.280 0.170 0.118 0.138 0.056 0.237 
 23 OmyAC19ROGR    (0)    1 :  0.098 0.392 0.065 0.180 0.180 0.085 
 24 OmyAC19ROGR    (0)    1 :  0.051 0.044 0.024 0.049 0.010 0.821 
 25 OmyAC19ROGR    (0)    1 :  0.082 0.193 0.369 0.111 0.189 0.057 
 26 OmyAC19ROGR    (0)    1 :  0.057 0.690 0.036 0.058 0.053 0.106 
 27 OmyAC19ROGR    (1)    1 :  0.276 0.066 0.396 0.165 0.049 0.048 
 28 OmyAC19ROGR    (0)    1 :  0.038 0.038 0.026 0.036 0.025 0.837 
 29 OmyAC19ROGR    (0)    1 :  0.112 0.272 0.117 0.393 0.046 0.060 
 30 OmyAC19ROGR    (0)    1 :  0.043 0.127 0.032 0.069 0.686 0.043 
 31 OmyAC19ROGR    (0)    1 :  0.214 0.118 0.083 0.487 0.028 0.070 
 32 OmyAC19ROGR    (0)    1 :  0.060 0.154 0.130 0.448 0.092 0.115 
 33 OmyAC19ROGR    (1)    1 :  0.235 0.203 0.077 0.146 0.080 0.260 
 34 OmyAC19ROGR    (0)    1 :  0.061 0.068 0.224 0.098 0.496 0.053 
 35 OmyAC19ROGR    (0)    1 :  0.136 0.391 0.079 0.141 0.048 0.205 
 36 OmyAC19ROGR    (0)    1 :  0.146 0.419 0.104 0.151 0.108 0.072 
 37 OmyAC19ROGR    (0)    1 :  0.047 0.075 0.074 0.062 0.083 0.658 
 38 OmyAC19ROGR    (0)    1 :  0.063 0.077 0.030 0.047 0.393 0.390 
 39 OmyAC19ROGR    (0)    1 :  0.058 0.702 0.068 0.092 0.044 0.036 
 40 OmyAC19ROGR    (0)    1 :  0.318 0.087 0.193 0.075 0.296 0.031 
 41 OmyAC19ROGR    (1)    1 :  0.240 0.117 0.367 0.178 0.031 0.066 
 42 OmyAC19ROGR    (0)    1 :  0.044 0.041 0.042 0.046 0.808 0.019 
 43 OmyAC19ROGR    (0)    1 :  0.471 0.222 0.042 0.140 0.030 0.094 
 44 OmyAC19ROGR    (6)    1 :  0.351 0.184 0.039 0.358 0.020 0.049 
 45 OmyAC19ROGR    (1)    1 :  0.133 0.061 0.053 0.188 0.357 0.208 
 46 OmyAC19ROGR    (0)    1 :  0.084 0.226 0.066 0.225 0.063 0.336 
 47 OmyAC19ROGR    (0)    1 :  0.071 0.067 0.050 0.096 0.042 0.674 
 48 OmyAC19ROGR    (0)    1 :  0.176 0.197 0.075 0.430 0.029 0.094 
 49 OmyAC19ROGR    (0)    1 :  0.306 0.195 0.100 0.140 0.027 0.232 
 50 OmyAC19ROGR    (0)    1 :  0.163 0.148 0.479 0.177 0.016 0.018 
 51 OmyAC19ROGR    (2)    1 :  0.059 0.047 0.061 0.051 0.744 0.037 
 52 OmyAC19ROGR    (0)    1 :  0.040 0.035 0.030 0.033 0.840 0.023 
 53 OmyAC19ROGR    (1)    1 :  0.107 0.086 0.030 0.061 0.028 0.688 
 54 OmyAC19ROGR    (0)    1 :  0.113 0.158 0.112 0.108 0.058 0.450 
 55 OmyAC19ROGR    (3)    1 :  0.272 0.262 0.250 0.116 0.062 0.039 
 56 OmyAC19ROGR    (0)    1 :  0.053 0.069 0.110 0.131 0.066 0.570 
 57 OmyAC19ROGR    (0)    1 :  0.080 0.145 0.061 0.081 0.017 0.616 
 58 OmyAC19ROGR    (0)    1 :  0.076 0.065 0.041 0.114 0.657 0.048 
 59 OmyAC19ROGR    (0)    1 :  0.176 0.063 0.103 0.146 0.017 0.495 
 60 OmyAC19ROGR    (1)    1 :  0.148 0.144 0.255 0.280 0.082 0.091 
 61 OmyAC19ROGR    (0)    1 :  0.102 0.172 0.111 0.270 0.034 0.311 
 62 OmyAC19ROGR    (0)    1 :  0.229 0.361 0.038 0.305 0.024 0.043 
 63 OmyAC19ROGR    (0)    1 :  0.173 0.074 0.068 0.106 0.199 0.379 
 64 OmyAC19ROGR    (2)    1 :  0.331 0.124 0.183 0.213 0.062 0.087 
 65 OmyAC19ROGR    (0)    1 :  0.159 0.145 0.303 0.283 0.032 0.078 
 66 OmyAC19ROGR    (3)    1 :  0.085 0.098 0.510 0.066 0.211 0.030 
 67 OmyAC19ROGR    (0)    1 :  0.075 0.079 0.193 0.227 0.019 0.406 
 68 OmyAC19ROGR    (1)    1 :  0.106 0.404 0.056 0.156 0.037 0.241 
 69 OmyAC19ROGR    (2)    1 :  0.035 0.110 0.058 0.193 0.182 0.422 
 70 OmyAC19ROGR    (0)    1 :  0.311 0.263 0.111 0.127 0.024 0.163 
 71 OmyAC19ROGR    (0)    1 :  0.141 0.208 0.231 0.278 0.029 0.113 
 72 OmyAC19ROGR    (4)    1 :  0.293 0.146 0.109 0.341 0.018 0.093 
 73 OmyAC19ROGR    (0)    1 :  0.098 0.309 0.044 0.278 0.123 0.149 
 74 OmyAC19ROGR    (0)    1 :  0.750 0.046 0.098 0.062 0.023 0.021 
 75 OmyAC19ROGR    (0)    1 :  0.081 0.206 0.250 0.189 0.094 0.180 
 76 OmyAC19ROGR    (0)    1 :  0.052 0.145 0.038 0.092 0.041 0.632 
 77 OmyAC19ROGR    (1)    1 :  0.027 0.010 0.019 0.016 0.912 0.016 
 78 OmyAC19ROGR    (0)    1 :  0.167 0.420 0.133 0.192 0.029 0.058 
 79 OmyAC19ROGR    (2)    1 :  0.122 0.293 0.078 0.375 0.036 0.096 
 80 OmyAC19ROGR    (1)    1 :  0.062 0.040 0.073 0.044 0.695 0.086 
 81 OmyAC19ROGR    (2)    1 :  0.166 0.112 0.082 0.161 0.401 0.079 
 82 OmyAC19ROGR    (1)    1 :  0.120 0.085 0.043 0.101 0.012 0.639 
 83 OmyAC19ROGR    (0)    1 :  0.163 0.129 0.198 0.138 0.036 0.337 
 84 OmyAC19ROGR    (0)    1 :  0.096 0.459 0.097 0.202 0.108 0.038 
 85 OmyAC19ROGR    (5)    1 :  0.129 0.332 0.181 0.201 0.023 0.134 
 86 OmyAC19ROGR    (0)    1 :  0.250 0.103 0.393 0.130 0.096 0.029 
 87 OmyAC19ROGR    (1)    1 :  0.159 0.396 0.090 0.108 0.031 0.215 
 88 OmyJC19ROGR    (0)    2 :  0.034 0.033 0.039 0.036 0.841 0.017 
 89 OmyJC19ROGR    (0)    2 :  0.135 0.577 0.108 0.083 0.044 0.053 
 90 OmyJC19ROGR    (0)    2 :  0.018 0.029 0.021 0.023 0.899 0.010 
 91 OmyJC19ROGR    (1)    2 :  0.139 0.162 0.234 0.112 0.011 0.342 
 92 OmyJC19ROGR    (0)    2 :  0.049 0.091 0.067 0.163 0.041 0.590 
 93 OmyJC19ROGR    (0)    2 :  0.041 0.085 0.034 0.077 0.012 0.752 
 94 OmyJC19ROGR    (0)    2 :  0.395 0.184 0.105 0.195 0.095 0.025 
 95 OmyJC19ROGR    (0)    2 :  0.309 0.425 0.067 0.102 0.076 0.022 
 96 OmyJC19ROGR    (0)    2 :  0.169 0.104 0.540 0.091 0.055 0.041 
 97 OmyJC19ROGR    (0)    2 :  0.030 0.057 0.022 0.035 0.119 0.737 
 98 OmyJC19ROGR    (0)    2 :  0.233 0.100 0.150 0.397 0.027 0.094 
 99 OmyJC19ROGR    (0)    2 :  0.086 0.050 0.100 0.253 0.064 0.447 
100 OmyJC19ROGR    (1)    2 :  0.123 0.607 0.076 0.117 0.028 0.050 
101 OmyJC19ROGR    (0)    2 :  0.070 0.216 0.053 0.066 0.460 0.134 
102 OmyJC19ROGR    (0)    2 :  0.082 0.231 0.326 0.260 0.062 0.038 
103 OmyJC19ROGR    (0)    2 :  0.087 0.418 0.101 0.209 0.096 0.088 
104 OmyJC19ROGR    (0)    2 :  0.132 0.244 0.063 0.168 0.024 0.370 
105 OmyJC19ROGR    (0)    2 :  0.155 0.027 0.053 0.145 0.102 0.517 
106 OmyJC19ROGR    (0)    2 :  0.015 0.010 0.011 0.012 0.920 0.032 
107 OmyJC19ROGR    (1)    2 :  0.103 0.055 0.342 0.312 0.070 0.119 
108 OmyJC19ROGR    (0)    2 :  0.149 0.113 0.227 0.260 0.049 0.202 
109 OmyJC19ROGR    (0)    2 :  0.195 0.127 0.384 0.131 0.142 0.021 
110 OmyJC19ROGR    (0)    2 :  0.059 0.071 0.052 0.109 0.255 0.455 
111 OmyJC19ROGR    (1)    2 :  0.075 0.103 0.110 0.226 0.067 0.419 
112 OmyJC19ROGR    (2)    2 :  0.342 0.137 0.149 0.231 0.093 0.048 
113 OmyJC19ROGR    (0)    2 :  0.071 0.088 0.114 0.109 0.573 0.045 
114 OmyJC19ROGR    (3)    2 :  0.106 0.496 0.148 0.165 0.038 0.047 
115 OmyJC19ROGR    (1)    2 :  0.485 0.087 0.023 0.120 0.048 0.237 
116 OmyJC19ROGR    (0)    2 :  0.111 0.640 0.074 0.071 0.063 0.040 
117 OmyJC19ROGR    (0)    2 :  0.216 0.225 0.097 0.313 0.115 0.034 
118 OmyJC19ROGR    (0)    2 :  0.139 0.489 0.111 0.159 0.018 0.083 
119 OmyJC19ROGR    (2)    2 :  0.138 0.111 0.328 0.346 0.035 0.041 
120 OmyJC19ROGR    (0)    2 :  0.032 0.049 0.041 0.033 0.010 0.835 
121 OmyJC19ROGR    (0)    2 :  0.413 0.217 0.138 0.170 0.035 0.027 
122 OmyJC19ROGR    (0)    2 :  0.193 0.356 0.211 0.097 0.050 0.093 
123 OmyJC19ROGR    (0)    2 :  0.143 0.215 0.374 0.111 0.019 0.137 
124 OmyJC19ROGR    (0)    2 :  0.662 0.066 0.049 0.103 0.086 0.034 
125 OmyJC19ROGR    (0)    2 :  0.207 0.147 0.041 0.238 0.083 0.284 
126 OmyJC19ROGR    (1)    2 :  0.119 0.048 0.056 0.063 0.679 0.035 
127 OmyJC19ROGR    (0)    2 :  0.045 0.045 0.751 0.092 0.025 0.042 
128 OmyJC19ROGR    (1)    2 :  0.062 0.171 0.096 0.119 0.031 0.521 
129 OmyJC19ROGR    (0)    2 :  0.052 0.271 0.071 0.282 0.241 0.084 
130 OmyJC19ROGR    (2)    2 :  0.646 0.129 0.039 0.139 0.032 0.016 
131 OmyJC19ROGR    (0)    2 :  0.195 0.351 0.062 0.223 0.057 0.112 
132 OmyJC19ROGR    (1)    2 :  0.090 0.201 0.089 0.187 0.034 0.398 
133 OmyJC19ROGR    (0)    2 :  0.222 0.371 0.070 0.272 0.016 0.048 
134 OmyJC19ROGR    (0)    2 :  0.103 0.146 0.402 0.231 0.050 0.067 
135 OmyJC19ROGR    (1)    2 :  0.027 0.034 0.021 0.042 0.017 0.860 
136 OmyJC19ROGR    (3)    2 :  0.099 0.529 0.146 0.111 0.031 0.084 
137 OmyJC19ROGR    (0)    2 :  0.292 0.046 0.421 0.073 0.130 0.039 
138 OmyJC19ROGR    (0)    2 :  0.087 0.076 0.049 0.083 0.685 0.021 
139 OmyJC19ROGR    (2)    2 :  0.290 0.339 0.108 0.188 0.018 0.056 
140 OmyJC19ROGR    (2)    2 :  0.112 0.205 0.356 0.203 0.076 0.048 
141 OmyJC19ROGR    (0)    2 :  0.091 0.185 0.225 0.163 0.233 0.104 
142 OmyJC19ROGR    (0)    2 :  0.106 0.165 0.151 0.160 0.259 0.159 
143 OmyJC19ROGR    (0)    2 :  0.093 0.070 0.028 0.124 0.048 0.636 
144 OmyJC19ROGR    (0)    2 :  0.207 0.392 0.107 0.239 0.012 0.043 
145 OmyJC19ROGR    (0)    2 :  0.427 0.175 0.142 0.197 0.030 0.029 
146 OmyJC19ROGR    (1)    2 :  0.081 0.169 0.064 0.076 0.049 0.562 
147 OmyJC19ROGR    (0)    2 :  0.120 0.090 0.473 0.130 0.054 0.132 
148 OmyJC19ROGR    (0)    2 :  0.228 0.066 0.240 0.308 0.017 0.142 
149 OmyJC19ROGR    (1)    2 :  0.059 0.195 0.111 0.314 0.044 0.276 
150 OmyJC19ROGR    (1)    2 :  0.074 0.178 0.139 0.228 0.038 0.343 
151 OmyJC19ROGR    (0)    2 :  0.119 0.371 0.163 0.149 0.093 0.106 
152 OmyJC19ROGR    (0)    2 :  0.244 0.056 0.142 0.417 0.034 0.105 
153 OmyJC19ROGR    (0)    2 :  0.022 0.024 0.039 0.045 0.023 0.847 
154 OmyJC19ROGR    (1)    2 :  0.260 0.162 0.228 0.268 0.042 0.040 
155 OmyJC19ROGR    (0)    2 :  0.179 0.235 0.133 0.203 0.068 0.182 
156 OmyJC19ROGR    (1)    2 :  0.165 0.100 0.317 0.171 0.087 0.160 
157 OmyJC19ROGR    (0)    2 :  0.265 0.213 0.080 0.247 0.044 0.151 
158 OmyJC19ROGR    (0)    2 :  0.114 0.355 0.141 0.276 0.013 0.101 
159 OmyJC19ROGR    (0)    2 :  0.363 0.156 0.276 0.145 0.033 0.027 
160 OmyJC19ROGR    (0)    2 :  0.107 0.037 0.295 0.323 0.046 0.191 
161 OmyJC19ROGR    (0)    2 :  0.351 0.088 0.134 0.185 0.019 0.224 
162 OmyJC19ROGR    (0)    2 :  0.105 0.110 0.332 0.293 0.042 0.118 
163 OmyJC19ROGR    (0)    2 :  0.128 0.060 0.087 0.159 0.026 0.540 
164 OmyJC19ROGR    (0)    2 :  0.222 0.216 0.291 0.192 0.022 0.057 
165 OmyJC19ROGR    (0)    2 :  0.349 0.113 0.119 0.249 0.018 0.153 
166 OmyJC19ROGR    (0)    2 :  0.463 0.140 0.136 0.182 0.034 0.045 
167 OmyJC19ROGR    (1)    2 :  0.162 0.194 0.120 0.173 0.073 0.278 
168 OmyJC19ROGR    (0)    2 :  0.073 0.657 0.093 0.084 0.045 0.048 
169 OmyJC19ROGR    (0)    2 :  0.017 0.016 0.025 0.012 0.918 0.011 
170 OmyJC19ROGR    (0)    2 :  0.107 0.058 0.045 0.122 0.040 0.627 
171 OmyJC19ROGR    (0)    2 :  0.302 0.167 0.168 0.252 0.023 0.090 
172 OmyJC19ROGR    (0)    2 :  0.069 0.165 0.109 0.122 0.280 0.255 
173 OmyJC19ROGR    (0)    2 :  0.023 0.016 0.027 0.023 0.887 0.025 
174 OmyJC19ROGR    (0)    2 :  0.401 0.171 0.061 0.238 0.025 0.104 
175 OmyJC19ROGR    (0)    2 :  0.153 0.414 0.111 0.256 0.025 0.041 
176 OmyJC19ROGR    (0)    2 :  0.033 0.168 0.111 0.205 0.060 0.423 
177 OmyJC19ROGR    (0)    2 :  0.086 0.027 0.022 0.064 0.013 0.787 
178 OmyJC19ROGR    (0)    2 :  0.442 0.043 0.397 0.070 0.031 0.016 
179 OmyJC19ROGR    (0)    2 :  0.140 0.140 0.105 0.213 0.013 0.388 
180 OmyJC19ROGR    (0)    2 :  0.026 0.038 0.025 0.033 0.847 0.031 
181 OmyJC19ROGR    (0)    2 :  0.188 0.111 0.175 0.437 0.036 0.053 
182 OmyJC19ROGR    (0)    2 :  0.081 0.270 0.246 0.206 0.123 0.073 
183 OmyJC19ROGR    (0)    2 :  0.342 0.074 0.234 0.265 0.024 0.062 
184 OmyJC19ROGR    (0)    2 :  0.039 0.097 0.116 0.095 0.576 0.077 
185 OmyJC19ROGR    (1)    2 :  0.020 0.889 0.025 0.031 0.008 0.027 
186 OmyJC19ROGR    (0)    2 :  0.085 0.178 0.044 0.183 0.076 0.435 
187 OmyJC19ROGR    (0)    2 :  0.741 0.034 0.043 0.121 0.019 0.042 
188 OmyJC19ROGR    (0)    2 :  0.383 0.143 0.052 0.307 0.025 0.090 
189 OmyJC19ROGR    (0)    2 :  0.081 0.213 0.104 0.275 0.122 0.205 
190 OmyJC19ROGR    (0)    2 :  0.063 0.083 0.047 0.134 0.023 0.651 
191 OmyJC19ROGR    (0)    2 :  0.371 0.076 0.039 0.175 0.024 0.314 
192 OmyJC19ROGR    (0)    2 :  0.041 0.060 0.807 0.054 0.024 0.014 
193 OmyJC19ROGR    (1)    2 :  0.324 0.160 0.184 0.130 0.100 0.102 
194 OmyJC19ROGR    (0)    2 :  0.035 0.063 0.805 0.049 0.010 0.039 
195 OmyJC19ROGR    (0)    2 :  0.042 0.043 0.053 0.042 0.798 0.021 
196 OmyJC19ROGR    (0)    2 :  0.670 0.074 0.030 0.187 0.021 0.019 
197 OmyJC19ROGR    (0)    2 :  0.210 0.130 0.125 0.165 0.047 0.323 
198 OmyJC19ROGR    (0)    2 :  0.040 0.060 0.082 0.057 0.711 0.049 
199 OmyJC19ROGR    (0)    2 :  0.179 0.465 0.126 0.140 0.020 0.070 
200 OmyJC19ROGR    (0)    2 :  0.068 0.181 0.059 0.054 0.067 0.570 
201 OmyJC19ROGR    (0)    2 :  0.373 0.097 0.175 0.265 0.018 0.072 
202 OmyJC19ROGR    (0)    2 :  0.035 0.031 0.056 0.027 0.012 0.840 
203 OmyJC19ROGR    (0)    2 :  0.396 0.054 0.111 0.326 0.034 0.079 
204 OmyJC19ROGR    (0)    2 :  0.196 0.075 0.276 0.293 0.033 0.127 
205 OmyJC19ROGR    (0)    2 :  0.438 0.096 0.061 0.267 0.080 0.057 
206 OmyJC19ROGR    (0)    2 :  0.030 0.051 0.030 0.042 0.817 0.030 
207 OmyJC19ROGR    (0)    2 :  0.346 0.141 0.079 0.144 0.209 0.080 
208 OmyJC19ROGR    (0)    2 :  0.225 0.116 0.435 0.156 0.028 0.040 
209 OmyJC19ROGR    (0)    2 :  0.067 0.213 0.054 0.066 0.433 0.166 
210 OmyJC19ROGR    (0)    2 :  0.045 0.024 0.022 0.024 0.874 0.010 
211 OmyJC19ROGR    (0)    2 :  0.081 0.557 0.126 0.085 0.086 0.065 
212 OmyJC19ROGR    (1)    2 :  0.122 0.055 0.111 0.257 0.132 0.324 
213 OmyJC19ROGR    (1)    2 :  0.439 0.225 0.058 0.195 0.027 0.056 
214 OmyJC19ROGR    (0)    2 :  0.498 0.037 0.081 0.327 0.028 0.028 
215 OmyJC19ROGR    (0)    2 :  0.032 0.079 0.734 0.085 0.019 0.051 
216 OmyJC19ROGR    (0)    2 :  0.088 0.043 0.045 0.045 0.755 0.024 
217 OmyJC19ROGR    (0)    2 :  0.088 0.100 0.142 0.290 0.325 0.055 
218 OmyJC19ROGR    (0)    2 :  0.345 0.085 0.060 0.091 0.027 0.392 
219 OmyJC19ROGR    (0)    2 :  0.107 0.110 0.551 0.132 0.071 0.029 
220 OmyJC19ROGR    (0)    2 :  0.154 0.234 0.194 0.272 0.012 0.134 
221 OmyJC19ROGR    (0)    2 :  0.300 0.240 0.047 0.207 0.162 0.043 
222 OmyJC19ROGR    (0)    2 :  0.172 0.066 0.103 0.378 0.026 0.255 
223 OmyJC19ROGR    (0)    2 :  0.404 0.092 0.153 0.237 0.039 0.075 
224 OmyJC19ROGR    (0)    2 :  0.106 0.173 0.555 0.085 0.025 0.055 
225 OmyJC19ROGR    (0)    2 :  0.018 0.019 0.015 0.018 0.915 0.015 
226 OmyJC19ROGR    (0)    2 :  0.068 0.551 0.084 0.145 0.130 0.022 
227 OmyJC19ROGR    (1)    2 :  0.031 0.019 0.017 0.025 0.870 0.038 
228 OmyJC19ROGR    (0)    2 :  0.420 0.070 0.265 0.186 0.028 0.031 
229 OmyJC19ROGR    (1)    2 :  0.289 0.145 0.048 0.409 0.018 0.091 
230 OmyJC19ROGR    (0)    2 :  0.207 0.038 0.030 0.560 0.104 0.061 
231 OmyJC19ROGR    (0)    2 :  0.384 0.189 0.135 0.194 0.062 0.036 
232 OmyJC19ROGR    (1)    2 :  0.089 0.608 0.104 0.080 0.037 0.082 
233 OmyJC19ROGR    (0)    2 :  0.190 0.066 0.087 0.506 0.100 0.051 
234 OmyJC19ROGR    (0)    2 :  0.017 0.039 0.017 0.021 0.885 0.022 
235 OmyJC19ROGR    (0)    2 :  0.033 0.057 0.135 0.062 0.606 0.108 
236 OmyJC19ROGR    (1)    2 :  0.094 0.067 0.517 0.168 0.020 0.134 
237 OmyJC19ROGR    (0)    2 :  0.126 0.150 0.385 0.189 0.040 0.111 
238 OmyJC19ROGR    (0)    2 :  0.205 0.088 0.208 0.398 0.068 0.034 
239 OmyJC19ROGR    (0)    2 :  0.029 0.270 0.365 0.245 0.049 0.042 
240 OmyJC19ROGR    (0)    2 :  0.316 0.334 0.082 0.165 0.039 0.063 
241 OmyJC19ROGR    (0)    2 :  0.127 0.103 0.127 0.256 0.059 0.329 
242 OmyJC19ROGR    (0)    2 :  0.025 0.049 0.680 0.131 0.016 0.099 
243 OmyJC19ROGR    (0)    2 :  0.289 0.106 0.120 0.143 0.039 0.304 
244 OmyJC19ROGR    (0)    2 :  0.292 0.077 0.068 0.247 0.048 0.269 
245 OmyJC19ROGR    (0)    2 :  0.015 0.037 0.015 0.023 0.898 0.012 
246 OmyJC19ROGR    (0)    2 :  0.105 0.070 0.064 0.182 0.155 0.426 
247 OmyJC19ROGR    (0)    2 :  0.092 0.048 0.063 0.133 0.539 0.126 
248 OmyJC19ROGR    (0)    2 :  0.080 0.243 0.052 0.075 0.499 0.050 
249 OmyJC19ROGR    (0)    2 :  0.339 0.163 0.124 0.292 0.046 0.036 
250 OmyJC19ROGR    (0)    2 :  0.147 0.167 0.314 0.214 0.079 0.080 
251 OmyJC19ROGR    (0)    2 :  0.408 0.134 0.073 0.287 0.034 0.064 
252 OmyJC19ROGR    (0)    2 :  0.039 0.083 0.027 0.092 0.024 0.735 
253 OmyJC19ROGR    (0)    2 :  0.088 0.371 0.202 0.224 0.070 0.045 
254 OmyJC19ROGR    (0)    2 :  0.151 0.135 0.084 0.271 0.051 0.308 
255 OmyJC19ROGR    (0)    2 :  0.192 0.234 0.031 0.108 0.028 0.406 
256 OmyJC19ROGR    (0)    2 :  0.178 0.081 0.063 0.146 0.277 0.255 
257 OmyJC19ROGR    (0)    2 :  0.381 0.112 0.046 0.375 0.047 0.039 
258 OmyAC19ROGR    (0)    1 :  0.178 0.231 0.264 0.075 0.125 0.127 
259 OmyAC19ROGR    (1)    1 :  0.129 0.206 0.194 0.088 0.330 0.053 
260 OmyAC19ROGR    (0)    1 :  0.076 0.120 0.615 0.122 0.019 0.048 
261 OmyAC19ROGR    (0)    1 :  0.086 0.428 0.103 0.321 0.032 0.029 
262 OmyAC19ROGR    (0)    1 :  0.076 0.468 0.107 0.183 0.067 0.099 
263 OmyAC19ROGR    (0)    1 :  0.156 0.055 0.107 0.267 0.035 0.380 
264 OmyAC19ROGR    (0)    1 :  0.473 0.096 0.088 0.256 0.037 0.050 
265 OmyAC19ROGR    (0)    1 :  0.307 0.138 0.079 0.299 0.029 0.148 
266 OmyAC19ROGR    (0)    1 :  0.616 0.091 0.043 0.199 0.017 0.033 
267 OmyAC19ROGR    (0)    1 :  0.120 0.304 0.092 0.330 0.091 0.062 
268 OmyAC19ROGR    (1)    1 :  0.136 0.246 0.088 0.072 0.118 0.340 
269 OmyAC19ROGR    (1)    1 :  0.145 0.296 0.227 0.178 0.111 0.042 
270 OmyAC19ROGR    (0)    1 :  0.352 0.195 0.033 0.141 0.027 0.251 
271 OmyAC19ROGR    (0)    1 :  0.087 0.273 0.230 0.139 0.211 0.060 
272 OmyAC19ROGR    (0)    1 :  0.496 0.065 0.084 0.217 0.117 0.022 
273 OmyAC19ROGR    (0)    1 :  0.112 0.150 0.302 0.332 0.027 0.078 
274 OmyAC19ROGR    (0)    1 :  0.070 0.064 0.029 0.060 0.745 0.031 
275 OmyAC19ROGR    (0)    1 :  0.109 0.150 0.255 0.110 0.076 0.301 
276 OmyAC19ROGR    (0)    1 :  0.163 0.178 0.409 0.140 0.041 0.069 
277 OmyAC19ROGR    (0)    1 :  0.239 0.256 0.338 0.078 0.061 0.028 
278 OmyAC19ROGR    (0)    1 :  0.213 0.086 0.117 0.290 0.253 0.041 
279 OmyAC19ROGR    (0)    1 :  0.050 0.041 0.665 0.036 0.170 0.038 
280 OmyAC19ROGR    (0)    1 :  0.095 0.518 0.043 0.088 0.077 0.178 
281 OmyAC19ROGR    (0)    1 :  0.126 0.496 0.218 0.073 0.030 0.057 
282 OmyAC19ROGR    (0)    1 :  0.093 0.271 0.069 0.358 0.138 0.071 
283 OmyAC19ROGR    (0)    1 :  0.360 0.157 0.265 0.130 0.034 0.055 
284 OmyAC19ROGR    (0)    1 :  0.386 0.070 0.080 0.328 0.017 0.118 
285 OmyAC19ROGR    (0)    1 :  0.182 0.094 0.203 0.263 0.039 0.219 
286 OmyAC19ROGR    (0)    1 :  0.209 0.121 0.210 0.257 0.019 0.185 
287 OmyAC19ROGR    (0)    1 :  0.012 0.010 0.011 0.010 0.949 0.007 
288 OmyAC19ROGR    (0)    1 :  0.031 0.050 0.083 0.041 0.756 0.039 
289 OmyAC19ROGR    (0)    1 :  0.145 0.124 0.399 0.169 0.100 0.063 
290 OmyAC19ROGR    (1)    1 :  0.020 0.015 0.017 0.010 0.923 0.015 
291 OmyAC19ROGR    (0)    1 :  0.137 0.115 0.064 0.204 0.383 0.097 
292 OmyAC19ROGR    (1)    1 :  0.277 0.250 0.180 0.085 0.155 0.052 
293 OmyAC19ROGR    (0)    1 :  0.061 0.061 0.083 0.220 0.022 0.552 
294 OmyAC19ROGR    (0)    1 :  0.143 0.097 0.296 0.134 0.292 0.038 
295 OmyAC19ROGR    (0)    1 :  0.169 0.155 0.277 0.254 0.025 0.119 
296 OmyAC19ROGR    (0)    1 :  0.104 0.097 0.552 0.114 0.031 0.102 
297 OmyAC19ROGR    (0)    1 :  0.078 0.061 0.070 0.061 0.705 0.024 
298 OmyAC19ROGR    (0)    1 :  0.183 0.056 0.591 0.109 0.019 0.042 
299 OmyAC19ROGR    (0)    1 :  0.089 0.096 0.210 0.220 0.188 0.197 
300 OmyAC19ROGR    (0)    1 :  0.143 0.498 0.166 0.110 0.022 0.061 
301 OmyAC19ROGR    (0)    1 :  0.027 0.031 0.017 0.019 0.891 0.016 
302 OmyAC19ROGR    (0)    1 :  0.082 0.092 0.264 0.058 0.462 0.041 
303 OmyAC19ROGR    (0)    1 :  0.210 0.176 0.352 0.129 0.091 0.042 
304 OmyAC19ROGR    (0)    1 :  0.071 0.092 0.627 0.047 0.089 0.074 
305 OmyAC19ROGR    (0)    1 :  0.089 0.175 0.383 0.253 0.026 0.073 
306 OmyAC19ROGR    (0)    1 :  0.173 0.063 0.053 0.066 0.628 0.018 
307 OmyAC19ROGR    (1)    1 :  0.205 0.424 0.091 0.117 0.016 0.147 
308 OmyAC19ROGR    (0)    1 :  0.286 0.171 0.122 0.320 0.062 0.038 
309 OmyAC19ROGR    (1)    1 :  0.034 0.033 0.026 0.029 0.850 0.028 
310 OmyAC19ROGR    (0)    1 :  0.146 0.268 0.084 0.157 0.301 0.044 
311 OmyAC19ROGR    (0)    1 :  0.068 0.047 0.278 0.161 0.413 0.032 
312 OmyAC19ROGR    (0)    1 :  0.139 0.166 0.136 0.084 0.028 0.448 
313 OmyAC19ROGR    (0)    1 :  0.204 0.176 0.274 0.237 0.016 0.093 
314 OmyAC19ROGR    (0)    1 :  0.080 0.091 0.110 0.178 0.031 0.512 
315 OmyAC19ROGR    (0)    1 :  0.373 0.124 0.119 0.269 0.048 0.067 
316 OmyAC19ROGR    (0)    1 :  0.253 0.217 0.085 0.374 0.023 0.048 
317 OmyAC19ROGR    (0)    1 :  0.042 0.402 0.120 0.082 0.027 0.327 
318 OmyAC19ROGR    (0)    1 :  0.217 0.192 0.068 0.203 0.023 0.297 
319 OmyAC19ROGR    (1)    1 :  0.193 0.056 0.327 0.322 0.015 0.087 
320 OmyAC19ROGR    (0)    1 :  0.471 0.037 0.157 0.290 0.007 0.036 
321 OmyAC19ROGR    (0)    1 :  0.281 0.237 0.288 0.116 0.020 0.058 
322 OmyAC19ROGR    (0)    1 :  0.131 0.197 0.088 0.104 0.432 0.048 
323 OmyAC19ROGR    (0)    1 :  0.330 0.047 0.277 0.303 0.022 0.021 
324 OmyAC19ROGR    (0)    1 :  0.689 0.046 0.061 0.109 0.019 0.077 
325 OmyAC19ROGR    (0)    1 :  0.139 0.423 0.045 0.128 0.245 0.020 
326 OmyAC19ROGR    (0)    1 :  0.491 0.113 0.089 0.230 0.034 0.043 
327 OmyAC19ROGR    (0)    1 :  0.567 0.030 0.117 0.166 0.024 0.095 
328 OmyAC20ROGR    (1)    1 :  0.089 0.124 0.387 0.257 0.022 0.120 
329 OmyAC20ROGR    (0)    1 :  0.090 0.175 0.240 0.214 0.048 0.234 
330 OmyAC20ROGR    (0)    1 :  0.285 0.179 0.111 0.196 0.057 0.172 
331 OmyAC20ROGR    (0)    1 :  0.178 0.046 0.037 0.502 0.185 0.052 
332 OmyAC20ROGR    (0)    1 :  0.154 0.162 0.088 0.288 0.166 0.142 
333 OmyAC20ROGR    (0)    1 :  0.101 0.052 0.058 0.351 0.223 0.215 
334 OmyAC20ROGR    (0)    1 :  0.050 0.393 0.100 0.089 0.019 0.349 
335 OmyAC20ROGR    (0)    1 :  0.180 0.135 0.172 0.360 0.027 0.127 
336 OmyAC20ROGR    (0)    1 :  0.088 0.424 0.178 0.180 0.078 0.052 
337 OmyAC20ROGR    (0)    1 :  0.114 0.084 0.170 0.170 0.403 0.060 
338 OmyAC20ROGR    (0)    1 :  0.126 0.261 0.073 0.206 0.114 0.221 
339 OmyAC20ROGR    (0)    1 :  0.189 0.130 0.264 0.281 0.074 0.062 
340 OmyAC20ROGR    (0)    1 :  0.049 0.095 0.030 0.120 0.033 0.673 
341 OmyAC20ROGR    (0)    1 :  0.079 0.105 0.049 0.114 0.060 0.593 
342 OmyAC20ROGR    (0)    1 :  0.164 0.123 0.132 0.192 0.146 0.243 
343 OmyAC20ROGR    (0)    1 :  0.183 0.298 0.065 0.266 0.038 0.149 
344 OmyAC20ROGR    (0)    1 :  0.286 0.071 0.058 0.216 0.125 0.243 
345 OmyAC20ROGR    (1)    1 :  0.140 0.519 0.070 0.150 0.102 0.018 
346 OmyAC20ROGR    (0)    1 :  0.334 0.179 0.061 0.155 0.169 0.102 
347 OmyAC20ROGR    (0)    1 :  0.249 0.126 0.085 0.265 0.206 0.069 
348 OmyAC20ROGR    (0)    1 :  0.091 0.059 0.056 0.098 0.130 0.566 
349 OmyAC20ROGR    (0)    1 :  0.133 0.186 0.044 0.371 0.042 0.224 
350 OmyAC20ROGR    (0)    1 :  0.174 0.134 0.285 0.314 0.054 0.039 
351 OmyAC20ROGR    (0)    1 :  0.218 0.214 0.083 0.233 0.078 0.175 
352 OmyAC20ROGR    (0)    1 :  0.174 0.103 0.427 0.174 0.041 0.080 
353 OmyAC20ROGR    (0)    1 :  0.207 0.212 0.047 0.465 0.017 0.052 
354 OmyAC20ROGR    (0)    1 :  0.043 0.287 0.061 0.210 0.182 0.218 
355 OmyAC20ROGR    (0)    1 :  0.067 0.396 0.068 0.250 0.036 0.184 
356 OmyAC20ROGR    (0)    1 :  0.170 0.226 0.313 0.111 0.034 0.147 
357 OmyAC20ROGR    (0)    1 :  0.361 0.151 0.255 0.116 0.084 0.035 
358 OmyAC20ROGR    (0)    1 :  0.262 0.066 0.205 0.385 0.023 0.058 
359 OmyAC20ROGR    (0)    1 :  0.037 0.077 0.672 0.049 0.149 0.016 
360 OmyAC20ROGR    (0)    1 :  0.264 0.253 0.090 0.151 0.169 0.074 
361 OmyAC20ROGR    (0)    1 :  0.441 0.047 0.322 0.124 0.033 0.034 
362 OmyAC20ROGR    (0)    1 :  0.201 0.264 0.256 0.228 0.023 0.028 
363 OmyAC20ROGR    (0)    1 :  0.120 0.140 0.070 0.318 0.108 0.244 
364 OmyAC20ROGR    (1)    1 :  0.060 0.079 0.280 0.213 0.021 0.346 
365 OmyAC20ROGR    (0)    1 :  0.236 0.163 0.120 0.416 0.016 0.050 
366 OmyAC20ROGR    (0)    1 :  0.391 0.179 0.051 0.204 0.022 0.153 
367 OmyAC20ROGR    (0)    1 :  0.461 0.132 0.093 0.174 0.082 0.059 
368 OmyAC20ROGR    (1)    1 :  0.053 0.136 0.458 0.255 0.059 0.038 
369 OmyAC20ROGR    (0)    1 :  0.081 0.228 0.077 0.137 0.282 0.194 
370 OmyAC20ROGR    (0)    1 :  0.070 0.059 0.053 0.068 0.703 0.047 
371 OmyAC20ROGR    (0)    1 :  0.027 0.055 0.040 0.034 0.817 0.028 
372 OmyAC20ROGR    (2)    1 :  0.022 0.016 0.014 0.035 0.902 0.011 
373 OmyAC20ROGR    (0)    1 :  0.243 0.085 0.090 0.126 0.428 0.028 
374 OmyAC20ROGR    (0)    1 :  0.347 0.106 0.246 0.160 0.018 0.124 
375 OmyAC20ROGR    (0)    1 :  0.172 0.052 0.073 0.626 0.035 0.042 
376 OmyAC20ROGR    (0)    1 :  0.054 0.268 0.066 0.130 0.438 0.043 
377 OmyAC20ROGR    (0)    1 :  0.316 0.092 0.070 0.217 0.018 0.288 
378 OmyAC20ROGR    (0)    1 :  0.057 0.305 0.226 0.270 0.013 0.129 
379 OmyAC20ROGR    (0)    1 :  0.101 0.156 0.082 0.178 0.400 0.084 
380 OmyAC20ROGR    (1)    1 :  0.597 0.143 0.046 0.172 0.015 0.026 
381 OmyAC20ROGR    (0)    1 :  0.392 0.117 0.257 0.129 0.076 0.029 
382 OmyAC20ROGR    (0)    1 :  0.040 0.039 0.030 0.042 0.834 0.016 
383 OmyAC20ROGR    (0)    1 :  0.238 0.500 0.041 0.133 0.071 0.017 
384 OmyAC20ROGR    (0)    1 :  0.070 0.200 0.092 0.239 0.283 0.116 
385 OmyAC20ROGR    (0)    1 :  0.279 0.136 0.285 0.081 0.203 0.017 
386 OmyAC20ROGR    (0)    1 :  0.133 0.161 0.044 0.513 0.095 0.053 
387 OmyAC20ROGR    (0)    1 :  0.193 0.051 0.176 0.246 0.308 0.026 
388 OmyAC20ROGR    (0)    1 :  0.101 0.089 0.116 0.241 0.228 0.225 
389 OmyAC20ROGR    (0)    1 :  0.118 0.067 0.497 0.262 0.019 0.037 
390 OmyAC20ROGR    (0)    1 :  0.337 0.120 0.278 0.138 0.016 0.110 
391 OmyAC20ROGR    (0)    1 :  0.092 0.074 0.115 0.100 0.425 0.194 
392 OmyAC20ROGR    (0)    1 :  0.121 0.214 0.119 0.191 0.224 0.130 
393 OmyAC20ROGR    (0)    1 :  0.204 0.142 0.046 0.483 0.039 0.087 
394 OmyAC20ROGR    (1)    1 :  0.080 0.169 0.521 0.151 0.054 0.025 
395 OmyAC20ROGR    (0)    1 :  0.088 0.537 0.104 0.113 0.041 0.117 
396 OmyAC20ROGR    (0)    1 :  0.246 0.078 0.475 0.124 0.027 0.050 
397 OmyAC20ROGR    (0)    1 :  0.222 0.120 0.178 0.248 0.200 0.031 
398 OmyAC20ROGR    (0)    1 :  0.073 0.074 0.036 0.045 0.699 0.072 
399 OmyAC20ROGR    (0)    1 :  0.216 0.162 0.126 0.239 0.171 0.086 
400 OmyAC20ROGR    (0)    1 :  0.300 0.199 0.178 0.149 0.091 0.083 
401 OmyAC20ROGR    (1)    1 :  0.017 0.049 0.023 0.027 0.847 0.037 
402 OmyAC20ROGR    (0)    1 :  0.116 0.235 0.090 0.104 0.019 0.436 
403 OmyAC20ROGR    (0)    1 :  0.060 0.410 0.111 0.168 0.089 0.162 
404 OmyAC20ROGR    (0)    1 :  0.140 0.251 0.103 0.337 0.018 0.151 
405 OmyAC20ROGR    (0)    1 :  0.138 0.117 0.069 0.368 0.285 0.023 
406 OmyAC20ROGR    (0)    1 :  0.109 0.362 0.184 0.137 0.064 0.144 
407 OmyAC20ROGR    (0)    1 :  0.413 0.144 0.230 0.144 0.043 0.027 
408 OmyAC20ROGR    (0)    1 :  0.132 0.322 0.090 0.232 0.055 0.170 
409 OmyAC20ROGR    (0)    1 :  0.381 0.092 0.332 0.125 0.051 0.019 
410 OmyAC20ROGR    (0)    1 :  0.025 0.016 0.025 0.017 0.905 0.011 
411 OmyAC20ROGR    (0)    1 :  0.054 0.093 0.146 0.121 0.546 0.040 
412 OmyAC20ROGR    (0)    1 :  0.196 0.082 0.084 0.164 0.094 0.379 
413 OmyAC20ROGR    (0)    1 :  0.374 0.046 0.407 0.116 0.035 0.021 
414 OmyAC20ROGR    (0)    1 :  0.081 0.181 0.138 0.107 0.316 0.178 
415 OmyAC20ROGR    (0)    1 :  0.074 0.488 0.178 0.139 0.017 0.105 
416 OmyAC20ROGR    (0)    1 :  0.225 0.256 0.117 0.192 0.056 0.153 
417 OmyAC20ROGR    (0)    1 :  0.238 0.088 0.277 0.275 0.019 0.103 
418 OmyAC20ROGR    (0)    1 :  0.280 0.182 0.180 0.173 0.126 0.059 
419 OmyAC20ROGR    (0)    1 :  0.118 0.049 0.221 0.199 0.384 0.029 
420 OmyAC20ROGR    (0)    1 :  0.205 0.065 0.170 0.367 0.018 0.175 
421 OmyAC20ROGR    (0)    1 :  0.186 0.149 0.113 0.367 0.074 0.112 
422 OmyAC20ROGR    (0)    1 :  0.026 0.031 0.027 0.021 0.875 0.020 
423 OmyAC20ROGR    (0)    1 :  0.700 0.051 0.091 0.117 0.023 0.017 
424 OmyAC20ROGR    (0)    1 :  0.117 0.457 0.273 0.095 0.017 0.041 
425 OmyAC20ROGR    (0)    1 :  0.022 0.027 0.022 0.017 0.842 0.070 
426 OmyAC20ROGR    (0)    1 :  0.186 0.390 0.104 0.219 0.067 0.032 
427 OmyAC20ROGR    (0)    1 :  0.332 0.177 0.111 0.192 0.143 0.045 
428 OmyAC20ROGR    (0)    1 :  0.016 0.016 0.020 0.019 0.912 0.016 
429 OmyAC20ROGR    (0)    1 :  0.196 0.078 0.508 0.128 0.021 0.069 
430 OmyAC20ROGR    (0)    1 :  0.225 0.276 0.277 0.123 0.072 0.027 
431 OmyAC20ROGR    (0)    1 :  0.058 0.309 0.048 0.082 0.434 0.069 
432 OmyAC20ROGR    (0)    1 :  0.029 0.033 0.023 0.031 0.855 0.028 
433 OmyAC20ROGR    (0)    1 :  0.016 0.026 0.029 0.018 0.885 0.025 
434 OmyAC20ROGR    (0)    1 :  0.066 0.470 0.243 0.074 0.129 0.018 
435 OmyAC20ROGR    (0)    1 :  0.131 0.459 0.023 0.320 0.011 0.056 
436 OmyAC20ROGR    (0)    1 :  0.530 0.104 0.074 0.247 0.027 0.018 
437 OmyAC20ROGR    (0)    1 :  0.079 0.056 0.136 0.092 0.604 0.034 
438 OmyAC20ROGR    (0)    1 :  0.047 0.455 0.147 0.064 0.244 0.043 
439 OmyAC20ROGR    (0)    1 :  0.214 0.227 0.279 0.196 0.043 0.042 
440 OmyAC20ROGR    (0)    1 :  0.060 0.057 0.035 0.056 0.745 0.048 
441 OmyAC20ROGR    (0)    1 :  0.236 0.091 0.327 0.251 0.017 0.078 
442 OmyAC20ROGR    (0)    1 :  0.106 0.267 0.274 0.291 0.037 0.026 
443 OmyAC20ROGR    (0)    1 :  0.041 0.231 0.187 0.075 0.014 0.452 
444 OmyAC20ROGR    (0)    1 :  0.283 0.114 0.207 0.275 0.090 0.031 
445 OmyAC20ROGR    (0)    1 :  0.130 0.120 0.485 0.158 0.073 0.034 
446 OmyJC18ROGR    (0)    2 :  0.263 0.062 0.092 0.071 0.036 0.476 
447 OmyJC18ROGR    (0)    2 :  0.287 0.209 0.117 0.295 0.040 0.053 
448 OmyJC18ROGR    (0)    2 :  0.589 0.142 0.109 0.095 0.046 0.019 
449 OmyJC18ROGR    (0)    2 :  0.053 0.041 0.093 0.098 0.657 0.058 
450 OmyJC18ROGR    (0)    2 :  0.037 0.075 0.079 0.100 0.648 0.060 
451 OmyJC18ROGR    (0)    2 :  0.024 0.048 0.036 0.034 0.839 0.020 
452 OmyJC18ROGR    (0)    2 :  0.321 0.125 0.052 0.121 0.216 0.165 
453 OmyJC18ROGR    (0)    2 :  0.065 0.199 0.153 0.080 0.018 0.486 
454 OmyJC18ROGR    (0)    2 :  0.028 0.044 0.030 0.048 0.829 0.022 
455 OmyJC18ROGR    (0)    2 :  0.188 0.100 0.471 0.178 0.031 0.032 
456 OmyJC18ROGR    (0)    2 :  0.038 0.034 0.040 0.035 0.839 0.015 
457 OmyJC18ROGR    (0)    2 :  0.142 0.251 0.058 0.497 0.028 0.024 
458 OmyJC18ROGR    (0)    2 :  0.148 0.082 0.112 0.114 0.122 0.423 
459 OmyJC18ROGR    (0)    2 :  0.142 0.095 0.244 0.338 0.014 0.167 
460 OmyJC18ROGR    (2)    2 :  0.088 0.235 0.154 0.084 0.386 0.054 
461 OmyJC18ROGR    (1)    2 :  0.100 0.217 0.082 0.216 0.270 0.115 
462 OmyJC18ROGR    (3)    2 :  0.071 0.269 0.178 0.115 0.295 0.072 
463 OmyJC18ROGR    (1)    2 :  0.073 0.066 0.073 0.085 0.647 0.055 
464 OmyJC18ROGR    (3)    2 :  0.749 0.119 0.033 0.069 0.015 0.015 
465 OmyJC18ROGR    (3)    2 :  0.273 0.086 0.374 0.191 0.036 0.040 
466 OmyJC18ROGR    (0)    2 :  0.103 0.659 0.061 0.050 0.086 0.040 
467 OmyJC18ROGR    (1)    2 :  0.115 0.217 0.436 0.157 0.032 0.044 
468 OmyJC18ROGR    (0)    2 :  0.085 0.092 0.384 0.380 0.033 0.025 
469 OmyJC18ROGR    (0)    2 :  0.040 0.053 0.118 0.030 0.732 0.028 
470 OmyJC18ROGR    (3)    2 :  0.107 0.097 0.142 0.146 0.459 0.050 
471 OmyJC18ROGR    (1)    2 :  0.213 0.224 0.076 0.166 0.235 0.085 
472 OmyJC18ROGR    (1)    2 :  0.431 0.203 0.071 0.199 0.064 0.032 
473 OmyJC18ROGR    (2)    2 :  0.520 0.203 0.039 0.173 0.021 0.044 
474 OmyJC18ROGR    (0)    2 :  0.197 0.096 0.064 0.145 0.026 0.471 
475 OmyJC18ROGR    (1)    2 :  0.039 0.063 0.038 0.035 0.619 0.206 
476 OmyJC18ROGR    (2)    2 :  0.160 0.110 0.165 0.273 0.016 0.276 
477 OmyJC18ROGR    (3)    2 :  0.064 0.290 0.376 0.121 0.077 0.072 
478 OmyJC18ROGR    (0)    2 :  0.108 0.232 0.074 0.298 0.035 0.252 
479 OmyJC18ROGR    (0)    2 :  0.702 0.059 0.072 0.118 0.013 0.036 
480 OmyJC18ROGR    (0)    2 :  0.243 0.155 0.107 0.324 0.128 0.044 
481 OmyJC18ROGR    (2)    2 :  0.137 0.195 0.079 0.253 0.170 0.166 
482 OmyJC18ROGR    (3)    2 :  0.100 0.176 0.490 0.160 0.015 0.059 
483 OmyJC18ROGR    (3)    2 :  0.267 0.274 0.310 0.094 0.032 0.023 
484 OmyJC18ROGR    (3)    2 :  0.102 0.456 0.192 0.111 0.030 0.108 
485 OmyJC18ROGR    (2)    2 :  0.157 0.065 0.058 0.099 0.591 0.030 
486 OmyJC18ROGR    (2)    2 :  0.122 0.155 0.194 0.101 0.381 0.047 
487 OmyJC18ROGR    (1)    2 :  0.079 0.620 0.028 0.083 0.070 0.120 
488 OmyJC18ROGR    (3)    2 :  0.130 0.557 0.054 0.188 0.029 0.042 
489 OmyJC18ROGR    (0)    2 :  0.109 0.386 0.150 0.270 0.022 0.062 
490 OmyJC18ROGR    (2)    2 :  0.144 0.306 0.287 0.135 0.054 0.074 
491 OmyJC18ROGR    (4)    2 :  0.100 0.063 0.080 0.143 0.093 0.520 
492 OmyJC18ROGR    (4)    2 :  0.047 0.045 0.064 0.043 0.016 0.784 
493 OmyJC18ROGR    (3)    2 :  0.145 0.451 0.141 0.131 0.095 0.037 
494 OmyJC18ROGR    (3)    2 :  0.027 0.022 0.034 0.025 0.875 0.018 
495 OmyJC18ROGR    (3)    2 :  0.178 0.147 0.069 0.157 0.138 0.310 
496 OmyJC18ROGR    (0)    2 :  0.065 0.142 0.202 0.335 0.062 0.194 
497 OmyJC18ROGR    (5)    2 :  0.206 0.101 0.282 0.207 0.068 0.136 
498 OmyJC18ROGR    (3)    2 :  0.165 0.367 0.080 0.154 0.139 0.095 
499 OmyJC18ROGR    (1)    2 :  0.106 0.315 0.248 0.206 0.035 0.090 
500 OmyJC18ROGR    (1)    2 :  0.182 0.169 0.327 0.225 0.017 0.079 
501 OmyJC18ROGR    (3)    2 :  0.168 0.183 0.071 0.127 0.388 0.063 
502 OmyJC18ROGR    (1)    2 :  0.131 0.026 0.541 0.132 0.148 0.021 
503 OmyJC18ROGR    (4)    2 :  0.481 0.088 0.243 0.132 0.034 0.020 
504 OmyJC18ROGR    (1)    2 :  0.072 0.062 0.533 0.055 0.249 0.030 
505 OmyJC18ROGR    (0)    2 :  0.131 0.178 0.170 0.077 0.203 0.241 
506 OmyJC18ROGR    (6)    2 :  0.114 0.357 0.107 0.161 0.041 0.220 
507 OmyJC18ROGR    (0)    2 :  0.096 0.186 0.235 0.324 0.102 0.057 
508 OmyJC18ROGR    (0)    2 :  0.100 0.117 0.551 0.117 0.061 0.055 
509 OmyJC18ROGR    (2)    2 :  0.018 0.026 0.022 0.036 0.871 0.028 
510 OmyJC18ROGR    (1)    2 :  0.131 0.424 0.130 0.157 0.023 0.136 
511 OmyJC18ROGR    (3)    2 :  0.067 0.069 0.040 0.045 0.124 0.655 
512 OmyJC18ROGR    (2)    2 :  0.054 0.044 0.070 0.065 0.749 0.017 
513 OmyJC18ROGR    (7)    2 :  0.085 0.256 0.086 0.128 0.129 0.317 
514 OmyJC18ROGR    (3)    2 :  0.085 0.044 0.081 0.065 0.571 0.154 
515 OmyJC18ROGR    (0)    2 :  0.173 0.283 0.128 0.290 0.048 0.078 
516 OmyJC18ROGR    (2)    2 :  0.296 0.109 0.073 0.287 0.163 0.072 
517 OmyJC18ROGR    (2)    2 :  0.080 0.316 0.073 0.121 0.206 0.204 
518 OmyJC18ROGR    (0)    2 :  0.283 0.128 0.245 0.230 0.034 0.081 
519 OmyJC18ROGR    (7)    2 :  0.102 0.068 0.032 0.137 0.045 0.616 
520 OmyJC18ROGR    (4)    2 :  0.116 0.278 0.037 0.122 0.161 0.285 
521 OmyJC18ROGR    (1)    2 :  0.166 0.264 0.093 0.107 0.146 0.224 
522 OmyJC18ROGR    (1)    2 :  0.132 0.325 0.334 0.114 0.070 0.026 
523 OmyJC18ROGR    (3)    2 :  0.135 0.209 0.437 0.092 0.031 0.095 
524 OmyJC18ROGR    (1)    2 :  0.156 0.219 0.439 0.131 0.026 0.030 
525 OmyJC18ROGR    (2)    2 :  0.069 0.052 0.353 0.109 0.120 0.297 
526 OmyJC18ROGR    (1)    2 :  0.148 0.083 0.288 0.143 0.053 0.286 
527 OmyJC18ROGR    (0)    2 :  0.185 0.334 0.081 0.162 0.022 0.216 
528 OmyJC18ROGR    (0)    2 :  0.260 0.111 0.122 0.440 0.025 0.041 
529 OmyJC18ROGR    (1)    2 :  0.376 0.154 0.044 0.353 0.024 0.049 
530 OmyJC18ROGR    (0)    2 :  0.158 0.054 0.685 0.060 0.021 0.023 
531 OmyJC18ROGR    (0)    2 :  0.673 0.065 0.077 0.127 0.031 0.027 
532 OmyJC18ROGR    (1)    2 :  0.114 0.192 0.377 0.250 0.020 0.047 
533 OmyJC18ROGR    (2)    2 :  0.344 0.376 0.038 0.142 0.012 0.088 
534 OmyJC18ROGR    (2)    2 :  0.273 0.349 0.167 0.122 0.043 0.046 
535 OmyJC18ROGR    (0)    2 :  0.313 0.094 0.126 0.169 0.031 0.267 
536 OmyJC18ROGR    (0)    2 :  0.113 0.052 0.024 0.107 0.025 0.678 
537 OmyJC18ROGR    (0)    2 :  0.192 0.224 0.100 0.215 0.023 0.246 
538 OmyJC18ROGR    (0)    2 :  0.503 0.137 0.059 0.244 0.030 0.028 
539 OmyJC18ROGR    (1)    2 :  0.174 0.098 0.451 0.156 0.052 0.069 
540 OmyJC18ROGR    (6)    2 :  0.035 0.718 0.038 0.149 0.020 0.040 
541 OmyJC18ROGR    (1)    2 :  0.367 0.094 0.058 0.344 0.034 0.102 
542 OmyJC18ROGR    (1)    2 :  0.438 0.080 0.070 0.197 0.132 0.082 
543 OmyJC18ROGR    (0)    2 :  0.125 0.308 0.068 0.286 0.170 0.043 
544 OmyJC18ROGR    (2)    2 :  0.414 0.181 0.084 0.160 0.032 0.129 
545 OmyJC18ROGR    (1)    2 :  0.027 0.058 0.286 0.059 0.551 0.019 
546 OmyJC18ROGR    (6)    2 :  0.607 0.044 0.059 0.245 0.011 0.033 
547 OmyJC18ROGR    (0)    2 :  0.238 0.258 0.274 0.122 0.090 0.018 
548 OmyJC18ROGR    (1)    2 :  0.068 0.459 0.060 0.231 0.102 0.079 
549 OmyJC18ROGR    (0)    2 :  0.468 0.119 0.087 0.266 0.029 0.030 
550 OmyJC18ROGR    (1)    2 :  0.036 0.068 0.041 0.067 0.749 0.038 
