

----------------------------------------------------
STRUCTURE by Pritchard, Stephens and Donnelly (2000)
     and Falush, Stephens and Pritchard (2003)
       Code by Pritchard, Falush and Hubisz
             Version 2.3.4 (Jul 2012)
----------------------------------------------------



Command line arguments:   bin/structure -m "/Users/ddayan/FRA/premature_migration/Rogue_Half-Pounder/half-pounder/structure/halfpounder_2021/10k_20k_adm_corr/mainparams" -e "/Users/ddayan/FRA/premature_migration/Rogue_Half-Pounder/half-pounder/structure/halfpounder_2021/10k_20k_adm_corr/extraparams" 
Input File:    /Users/ddayan/FRA/premature_migration/Rogue_Half-Pounder/half-pounder/structure/halfpounder_2021/project_data

Run parameters:
   1000 individuals
   328 loci
   5 populations assumed
   10000 Burn-in period
   20000 Reps


--------------------------------------------
Proportion of membership of each pre-defined
 population in each of the 5 clusters

Given    Inferred Clusters                     Number of
 Pop       1      2      3      4      5      Individuals

  1:     0.214  0.217  0.169  0.199  0.201      275
  2:     0.202  0.207  0.190  0.208  0.192      643
  3:     0.113  0.072  0.694  0.072  0.049       42
  4:     0.261  0.267  0.087  0.332  0.052       40
--------------------------------------------

Allele-freq. divergence among pops (Net nucleotide distance),
computed using point estimates of P.

      1       2       3       4       5      
 1      -    0.0008  0.0027  0.0010  0.0080  
 2   0.0008     -    0.0036  0.0014  0.0088  
 3   0.0027  0.0036     -    0.0039  0.0111  
 4   0.0010  0.0014  0.0039     -    0.0087  
 5   0.0080  0.0088  0.0111  0.0087     -    

Average distances (expected heterozygosity) between individuals in same cluster:
cluster  1  : 0.2930 
cluster  2  : 0.2911 
cluster  3  : 0.2873 
cluster  4  : 0.2921 
cluster  5  : 0.2601 

--------------------------------------------
Estimated Ln Prob of Data   = -286522.1
Mean value of ln likelihood = -283630.0
Variance of ln likelihood   = 5784.0
Mean value of alpha         = 0.1980

Mean value of Fst_1         = 0.0081
Mean value of Fst_2         = 0.0125
Mean value of Fst_3         = 0.0245
Mean value of Fst_4         = 0.0135
Mean value of Fst_5         = 0.0732


Inferred ancestry of individuals:
        Label (%Miss) Pop:  Inferred clusters
  1 OmyAC19ROGR    (0)    1 :  0.334 0.325 0.218 0.105 0.018 
  2 OmyAC19ROGR    (0)    1 :  0.518 0.168 0.186 0.051 0.077 
  3 OmyAC19ROGR    (0)    1 :  0.378 0.290 0.204 0.066 0.063 
  4 OmyAC19ROGR    (0)    1 :  0.206 0.354 0.132 0.286 0.022 
  5 OmyAC19ROGR    (1)    1 :  0.013 0.016 0.009 0.014 0.949 
  6 OmyAC19ROGR    (0)    1 :  0.119 0.642 0.046 0.042 0.150 
  7 OmyAC19ROGR    (0)    1 :  0.126 0.131 0.132 0.426 0.186 
  8 OmyAC19ROGR    (0)    1 :  0.372 0.124 0.182 0.308 0.013 
  9 OmyAC19ROGR    (0)    1 :  0.246 0.308 0.167 0.057 0.221 
 10 OmyAC19ROGR    (0)    1 :  0.204 0.066 0.161 0.102 0.467 
 11 OmyAC19ROGR    (0)    1 :  0.075 0.434 0.160 0.274 0.057 
 12 OmyAC19ROGR    (0)    1 :  0.161 0.536 0.061 0.145 0.097 
 13 OmyAC19ROGR    (0)    1 :  0.188 0.068 0.104 0.614 0.026 
 14 OmyAC19ROGR    (0)    1 :  0.079 0.101 0.033 0.366 0.423 
 15 OmyAC19ROGR    (0)    1 :  0.077 0.082 0.036 0.369 0.438 
 16 OmyAC19ROGR    (0)    1 :  0.156 0.230 0.147 0.373 0.095 
 17 OmyAC19ROGR    (0)    1 :  0.376 0.244 0.021 0.273 0.085 
 18 OmyAC19ROGR    (2)    1 :  0.493 0.092 0.216 0.174 0.026 
 19 OmyAC19ROGR    (1)    1 :  0.361 0.060 0.124 0.403 0.051 
 20 OmyAC19ROGR    (0)    1 :  0.132 0.416 0.042 0.171 0.239 
 21 OmyAC19ROGR    (1)    1 :  0.254 0.146 0.108 0.250 0.242 
 22 OmyAC19ROGR    (0)    1 :  0.240 0.132 0.380 0.175 0.073 
 23 OmyAC19ROGR    (0)    1 :  0.365 0.171 0.118 0.077 0.269 
 24 OmyAC19ROGR    (0)    1 :  0.053 0.074 0.818 0.035 0.019 
 25 OmyAC19ROGR    (0)    1 :  0.244 0.094 0.086 0.349 0.227 
 26 OmyAC19ROGR    (0)    1 :  0.492 0.142 0.196 0.066 0.105 
 27 OmyAC19ROGR    (1)    1 :  0.115 0.219 0.071 0.538 0.057 
 28 OmyAC19ROGR    (0)    1 :  0.047 0.042 0.855 0.029 0.027 
 29 OmyAC19ROGR    (0)    1 :  0.404 0.226 0.117 0.199 0.054 
 30 OmyAC19ROGR    (0)    1 :  0.160 0.061 0.047 0.034 0.699 
 31 OmyAC19ROGR    (0)    1 :  0.259 0.399 0.126 0.178 0.038 
 32 OmyAC19ROGR    (0)    1 :  0.257 0.164 0.227 0.225 0.126 
 33 OmyAC19ROGR    (1)    1 :  0.180 0.321 0.284 0.113 0.102 
 34 OmyAC19ROGR    (0)    1 :  0.104 0.056 0.084 0.255 0.501 
 35 OmyAC19ROGR    (0)    1 :  0.312 0.173 0.325 0.125 0.065 
 36 OmyAC19ROGR    (0)    1 :  0.322 0.208 0.112 0.189 0.168 
 37 OmyAC19ROGR    (0)    1 :  0.070 0.059 0.667 0.090 0.114 
 38 OmyAC19ROGR    (0)    1 :  0.110 0.058 0.355 0.071 0.406 
 39 OmyAC19ROGR    (0)    1 :  0.640 0.093 0.040 0.161 0.066 
 40 OmyAC19ROGR    (0)    1 :  0.134 0.222 0.040 0.260 0.344 
 41 OmyAC19ROGR    (1)    1 :  0.142 0.191 0.092 0.532 0.043 
 42 OmyAC19ROGR    (0)    1 :  0.042 0.060 0.024 0.044 0.830 
 43 OmyAC19ROGR    (0)    1 :  0.337 0.382 0.159 0.078 0.044 
 44 OmyAC19ROGR    (6)    1 :  0.257 0.570 0.090 0.052 0.032 
 45 OmyAC19ROGR    (1)    1 :  0.107 0.150 0.321 0.068 0.354 
 46 OmyAC19ROGR    (0)    1 :  0.284 0.103 0.425 0.101 0.088 
 47 OmyAC19ROGR    (0)    1 :  0.099 0.068 0.693 0.068 0.072 
 48 OmyAC19ROGR    (0)    1 :  0.343 0.360 0.134 0.123 0.039 
 49 OmyAC19ROGR    (0)    1 :  0.202 0.294 0.302 0.171 0.031 
 50 OmyAC19ROGR    (0)    1 :  0.224 0.214 0.025 0.516 0.021 
 51 OmyAC19ROGR    (2)    1 :  0.052 0.069 0.057 0.070 0.752 
 52 OmyAC19ROGR    (0)    1 :  0.038 0.038 0.036 0.033 0.855 
 53 OmyAC19ROGR    (1)    1 :  0.095 0.095 0.736 0.044 0.031 
 54 OmyAC19ROGR    (0)    1 :  0.177 0.104 0.538 0.119 0.062 
 55 OmyAC19ROGR    (3)    1 :  0.404 0.187 0.069 0.271 0.070 
 56 OmyAC19ROGR    (0)    1 :  0.095 0.067 0.642 0.118 0.078 
 57 OmyAC19ROGR    (0)    1 :  0.117 0.075 0.693 0.096 0.019 
 58 OmyAC19ROGR    (0)    1 :  0.098 0.097 0.056 0.058 0.691 
 59 OmyAC19ROGR    (0)    1 :  0.113 0.141 0.595 0.128 0.023 
 60 OmyAC19ROGR    (1)    1 :  0.157 0.222 0.106 0.403 0.111 
 61 OmyAC19ROGR    (0)    1 :  0.239 0.123 0.464 0.128 0.046 
 62 OmyAC19ROGR    (0)    1 :  0.399 0.404 0.080 0.082 0.035 
 63 OmyAC19ROGR    (0)    1 :  0.099 0.164 0.430 0.067 0.240 
 64 OmyAC19ROGR    (2)    1 :  0.159 0.434 0.140 0.194 0.074 
 65 OmyAC19ROGR    (0)    1 :  0.292 0.172 0.121 0.367 0.048 
 66 OmyAC19ROGR    (3)    1 :  0.143 0.070 0.038 0.513 0.236 
 67 OmyAC19ROGR    (0)    1 :  0.141 0.085 0.574 0.161 0.039 
 68 OmyAC19ROGR    (1)    1 :  0.469 0.133 0.269 0.083 0.046 
 69 OmyAC19ROGR    (2)    1 :  0.136 0.063 0.537 0.073 0.190 
 70 OmyAC19ROGR    (0)    1 :  0.287 0.345 0.198 0.137 0.033 
 71 OmyAC19ROGR    (0)    1 :  0.319 0.224 0.151 0.265 0.040 
 72 OmyAC19ROGR    (4)    1 :  0.212 0.497 0.117 0.149 0.025 
 73 OmyAC19ROGR    (0)    1 :  0.314 0.222 0.226 0.058 0.179 
 74 OmyAC19ROGR    (0)    1 :  0.089 0.682 0.039 0.164 0.026 
 75 OmyAC19ROGR    (0)    1 :  0.264 0.121 0.220 0.271 0.124 
 76 OmyAC19ROGR    (0)    1 :  0.113 0.099 0.692 0.040 0.057 
 77 OmyAC19ROGR    (1)    1 :  0.015 0.030 0.017 0.019 0.919 
 78 OmyAC19ROGR    (0)    1 :  0.541 0.200 0.083 0.135 0.040 
 79 OmyAC19ROGR    (2)    1 :  0.424 0.259 0.117 0.142 0.059 
 80 OmyAC19ROGR    (1)    1 :  0.056 0.069 0.082 0.092 0.701 
 81 OmyAC19ROGR    (2)    1 :  0.172 0.173 0.096 0.117 0.443 
 82 OmyAC19ROGR    (1)    1 :  0.107 0.126 0.680 0.066 0.021 
 83 OmyAC19ROGR    (0)    1 :  0.211 0.113 0.347 0.280 0.047 
 84 OmyAC19ROGR    (0)    1 :  0.497 0.165 0.054 0.154 0.130 
 85 OmyAC19ROGR    (5)    1 :  0.365 0.146 0.180 0.277 0.031 
 86 OmyAC19ROGR    (0)    1 :  0.161 0.164 0.026 0.533 0.116 
 87 OmyAC19ROGR    (1)    1 :  0.360 0.160 0.333 0.106 0.040 
 88 OmyJC19ROGR    (0)    2 :  0.056 0.031 0.025 0.042 0.846 
 89 OmyJC19ROGR    (0)    2 :  0.546 0.142 0.081 0.172 0.059 
 90 OmyJC19ROGR    (0)    2 :  0.028 0.029 0.020 0.025 0.898 
 91 OmyJC19ROGR    (1)    2 :  0.207 0.131 0.355 0.292 0.014 
 92 OmyJC19ROGR    (0)    2 :  0.107 0.084 0.675 0.076 0.058 
 93 OmyJC19ROGR    (0)    2 :  0.081 0.066 0.786 0.048 0.019 
 94 OmyJC19ROGR    (0)    2 :  0.271 0.436 0.042 0.128 0.123 
 95 OmyJC19ROGR    (0)    2 :  0.476 0.288 0.035 0.094 0.107 
 96 OmyJC19ROGR    (0)    2 :  0.181 0.150 0.058 0.530 0.082 
 97 OmyJC19ROGR    (0)    2 :  0.087 0.043 0.695 0.030 0.145 
 98 OmyJC19ROGR    (0)    2 :  0.220 0.406 0.121 0.217 0.035 
 99 OmyJC19ROGR    (0)    2 :  0.115 0.093 0.561 0.142 0.088 
100 OmyJC19ROGR    (1)    2 :  0.577 0.155 0.071 0.156 0.040 
101 OmyJC19ROGR    (0)    2 :  0.168 0.088 0.155 0.102 0.487 
102 OmyJC19ROGR    (0)    2 :  0.315 0.200 0.055 0.347 0.083 
103 OmyJC19ROGR    (0)    2 :  0.408 0.190 0.140 0.132 0.129 
104 OmyJC19ROGR    (0)    2 :  0.318 0.126 0.425 0.098 0.033 
105 OmyJC19ROGR    (0)    2 :  0.041 0.220 0.537 0.053 0.150 
106 OmyJC19ROGR    (0)    2 :  0.018 0.017 0.031 0.015 0.919 
107 OmyJC19ROGR    (1)    2 :  0.115 0.195 0.160 0.428 0.103 
108 OmyJC19ROGR    (0)    2 :  0.190 0.233 0.271 0.242 0.063 
109 OmyJC19ROGR    (0)    2 :  0.150 0.140 0.031 0.519 0.160 
110 OmyJC19ROGR    (0)    2 :  0.071 0.069 0.511 0.051 0.299 
111 OmyJC19ROGR    (1)    2 :  0.130 0.077 0.559 0.152 0.082 
112 OmyJC19ROGR    (2)    2 :  0.240 0.404 0.063 0.175 0.118 
113 OmyJC19ROGR    (0)    2 :  0.106 0.085 0.054 0.127 0.629 
114 OmyJC19ROGR    (3)    2 :  0.516 0.176 0.088 0.181 0.039 
115 OmyJC19ROGR    (1)    2 :  0.118 0.446 0.350 0.038 0.048 
116 OmyJC19ROGR    (0)    2 :  0.561 0.190 0.058 0.114 0.077 
117 OmyJC19ROGR    (0)    2 :  0.277 0.327 0.049 0.189 0.158 
118 OmyJC19ROGR    (0)    2 :  0.468 0.220 0.113 0.173 0.026 
119 OmyJC19ROGR    (2)    2 :  0.219 0.237 0.060 0.441 0.044 
120 OmyJC19ROGR    (0)    2 :  0.059 0.042 0.831 0.047 0.021 
121 OmyJC19ROGR    (0)    2 :  0.309 0.276 0.042 0.324 0.050 
122 OmyJC19ROGR    (0)    2 :  0.357 0.194 0.142 0.253 0.054 
123 OmyJC19ROGR    (0)    2 :  0.239 0.155 0.153 0.432 0.021 
124 OmyJC19ROGR    (0)    2 :  0.149 0.582 0.054 0.099 0.116 
125 OmyJC19ROGR    (0)    2 :  0.270 0.195 0.378 0.051 0.107 
126 OmyJC19ROGR    (1)    2 :  0.061 0.140 0.042 0.059 0.698 
127 OmyJC19ROGR    (0)    2 :  0.052 0.050 0.065 0.801 0.032 
128 OmyJC19ROGR    (1)    2 :  0.193 0.077 0.550 0.134 0.045 
129 OmyJC19ROGR    (0)    2 :  0.409 0.092 0.133 0.072 0.293 
130 OmyJC19ROGR    (2)    2 :  0.260 0.598 0.024 0.067 0.050 
131 OmyJC19ROGR    (0)    2 :  0.351 0.320 0.173 0.089 0.068 
132 OmyJC19ROGR    (1)    2 :  0.161 0.172 0.480 0.148 0.039 
133 OmyJC19ROGR    (0)    2 :  0.467 0.312 0.090 0.106 0.025 
134 OmyJC19ROGR    (0)    2 :  0.288 0.096 0.099 0.448 0.068 
135 OmyJC19ROGR    (1)    2 :  0.036 0.039 0.874 0.026 0.024 
136 OmyJC19ROGR    (3)    2 :  0.435 0.235 0.123 0.167 0.041 
137 OmyJC19ROGR    (0)    2 :  0.080 0.206 0.047 0.484 0.182 
138 OmyJC19ROGR    (0)    2 :  0.082 0.145 0.026 0.050 0.697 
139 OmyJC19ROGR    (2)    2 :  0.518 0.252 0.068 0.138 0.024 
140 OmyJC19ROGR    (2)    2 :  0.291 0.142 0.086 0.386 0.095 
141 OmyJC19ROGR    (0)    2 :  0.243 0.114 0.145 0.227 0.272 
142 OmyJC19ROGR    (0)    2 :  0.203 0.145 0.209 0.146 0.296 
143 OmyJC19ROGR    (0)    2 :  0.081 0.106 0.726 0.038 0.048 
144 OmyJC19ROGR    (0)    2 :  0.518 0.130 0.053 0.285 0.014 
145 OmyJC19ROGR    (0)    2 :  0.219 0.555 0.042 0.143 0.040 
146 OmyJC19ROGR    (1)    2 :  0.195 0.064 0.605 0.068 0.068 
147 OmyJC19ROGR    (0)    2 :  0.120 0.150 0.152 0.523 0.055 
148 OmyJC19ROGR    (0)    2 :  0.112 0.208 0.185 0.472 0.023 
149 OmyJC19ROGR    (1)    2 :  0.268 0.131 0.402 0.132 0.067 
150 OmyJC19ROGR    (1)    2 :  0.170 0.111 0.466 0.192 0.060 
151 OmyJC19ROGR    (0)    2 :  0.444 0.071 0.130 0.252 0.104 
152 OmyJC19ROGR    (0)    2 :  0.077 0.545 0.118 0.220 0.040 
153 OmyJC19ROGR    (0)    2 :  0.042 0.031 0.858 0.041 0.028 
154 OmyJC19ROGR    (1)    2 :  0.271 0.306 0.051 0.315 0.057 
155 OmyJC19ROGR    (0)    2 :  0.315 0.195 0.237 0.161 0.092 
156 OmyJC19ROGR    (1)    2 :  0.144 0.204 0.204 0.334 0.114 
157 OmyJC19ROGR    (0)    2 :  0.238 0.352 0.197 0.135 0.078 
158 OmyJC19ROGR    (0)    2 :  0.376 0.239 0.172 0.196 0.017 
159 OmyJC19ROGR    (0)    2 :  0.190 0.384 0.038 0.348 0.039 
160 OmyJC19ROGR    (0)    2 :  0.080 0.215 0.324 0.317 0.063 
161 OmyJC19ROGR    (0)    2 :  0.175 0.254 0.338 0.206 0.028 
162 OmyJC19ROGR    (0)    2 :  0.120 0.214 0.147 0.466 0.052 
163 OmyJC19ROGR    (0)    2 :  0.105 0.097 0.621 0.141 0.036 
164 OmyJC19ROGR    (0)    2 :  0.297 0.298 0.072 0.308 0.024 
165 OmyJC19ROGR    (0)    2 :  0.241 0.351 0.195 0.188 0.025 
166 OmyJC19ROGR    (0)    2 :  0.255 0.364 0.073 0.263 0.046 
167 OmyJC19ROGR    (1)    2 :  0.289 0.107 0.344 0.183 0.077 
168 OmyJC19ROGR    (0)    2 :  0.620 0.146 0.071 0.108 0.055 
169 OmyJC19ROGR    (0)    2 :  0.014 0.023 0.011 0.027 0.924 
170 OmyJC19ROGR    (0)    2 :  0.088 0.095 0.687 0.071 0.059 
171 OmyJC19ROGR    (0)    2 :  0.248 0.429 0.091 0.204 0.028 
172 OmyJC19ROGR    (0)    2 :  0.161 0.071 0.340 0.110 0.319 
173 OmyJC19ROGR    (0)    2 :  0.019 0.040 0.025 0.034 0.883 
174 OmyJC19ROGR    (0)    2 :  0.220 0.505 0.155 0.089 0.031 
175 OmyJC19ROGR    (0)    2 :  0.399 0.394 0.064 0.116 0.027 
176 OmyJC19ROGR    (0)    2 :  0.186 0.056 0.526 0.138 0.095 
177 OmyJC19ROGR    (0)    2 :  0.049 0.115 0.791 0.032 0.014 
178 OmyJC19ROGR    (0)    2 :  0.071 0.282 0.019 0.593 0.035 
179 OmyJC19ROGR    (0)    2 :  0.207 0.128 0.450 0.192 0.021 
180 OmyJC19ROGR    (0)    2 :  0.048 0.032 0.045 0.030 0.846 
181 OmyJC19ROGR    (0)    2 :  0.197 0.503 0.068 0.184 0.048 
182 OmyJC19ROGR    (0)    2 :  0.386 0.121 0.099 0.252 0.141 
183 OmyJC19ROGR    (0)    2 :  0.190 0.337 0.072 0.366 0.034 
184 OmyJC19ROGR    (0)    2 :  0.130 0.049 0.129 0.084 0.609 
185 OmyJC19ROGR    (1)    2 :  0.856 0.055 0.037 0.042 0.010 
186 OmyJC19ROGR    (0)    2 :  0.204 0.112 0.544 0.045 0.095 
187 OmyJC19ROGR    (0)    2 :  0.065 0.829 0.048 0.033 0.025 
188 OmyJC19ROGR    (0)    2 :  0.229 0.476 0.133 0.127 0.035 
189 OmyJC19ROGR    (0)    2 :  0.295 0.121 0.283 0.151 0.150 
190 OmyJC19ROGR    (0)    2 :  0.093 0.071 0.732 0.069 0.035 
191 OmyJC19ROGR    (0)    2 :  0.106 0.369 0.433 0.059 0.033 
192 OmyJC19ROGR    (0)    2 :  0.114 0.080 0.031 0.731 0.044 
193 OmyJC19ROGR    (1)    2 :  0.206 0.293 0.142 0.243 0.116 
194 OmyJC19ROGR    (0)    2 :  0.062 0.047 0.044 0.829 0.017 
195 OmyJC19ROGR    (0)    2 :  0.057 0.063 0.024 0.070 0.786 
196 OmyJC19ROGR    (0)    2 :  0.118 0.773 0.027 0.056 0.027 
197 OmyJC19ROGR    (0)    2 :  0.172 0.154 0.413 0.207 0.054 
198 OmyJC19ROGR    (0)    2 :  0.055 0.066 0.067 0.074 0.739 
199 OmyJC19ROGR    (0)    2 :  0.542 0.158 0.085 0.189 0.026 
200 OmyJC19ROGR    (0)    2 :  0.180 0.076 0.596 0.070 0.078 
201 OmyJC19ROGR    (0)    2 :  0.148 0.422 0.083 0.323 0.024 
202 OmyJC19ROGR    (0)    2 :  0.038 0.041 0.834 0.072 0.015 
203 OmyJC19ROGR    (0)    2 :  0.125 0.516 0.127 0.189 0.043 
204 OmyJC19ROGR    (0)    2 :  0.165 0.298 0.217 0.268 0.052 
205 OmyJC19ROGR    (0)    2 :  0.135 0.586 0.083 0.082 0.113 
206 OmyJC19ROGR    (0)    2 :  0.065 0.033 0.031 0.035 0.835 
207 OmyJC19ROGR    (0)    2 :  0.184 0.277 0.099 0.178 0.263 
208 OmyJC19ROGR    (0)    2 :  0.177 0.267 0.051 0.475 0.030 
209 OmyJC19ROGR    (0)    2 :  0.220 0.061 0.158 0.062 0.500 
210 OmyJC19ROGR    (0)    2 :  0.029 0.042 0.016 0.036 0.877 
211 OmyJC19ROGR    (0)    2 :  0.483 0.089 0.079 0.209 0.139 
212 OmyJC19ROGR    (1)    2 :  0.097 0.113 0.489 0.137 0.164 
213 OmyJC19ROGR    (1)    2 :  0.363 0.372 0.087 0.149 0.029 
214 OmyJC19ROGR    (0)    2 :  0.054 0.740 0.041 0.130 0.035 
215 OmyJC19ROGR    (0)    2 :  0.095 0.047 0.055 0.781 0.023 
216 OmyJC19ROGR    (0)    2 :  0.061 0.086 0.032 0.056 0.764 
217 OmyJC19ROGR    (0)    2 :  0.148 0.191 0.072 0.219 0.370 
218 OmyJC19ROGR    (0)    2 :  0.132 0.286 0.453 0.094 0.035 
219 OmyJC19ROGR    (0)    2 :  0.147 0.125 0.039 0.605 0.084 
220 OmyJC19ROGR    (0)    2 :  0.292 0.226 0.151 0.318 0.013 
221 OmyJC19ROGR    (0)    2 :  0.227 0.447 0.056 0.060 0.210 
222 OmyJC19ROGR    (0)    2 :  0.182 0.244 0.378 0.158 0.037 
223 OmyJC19ROGR    (0)    2 :  0.142 0.364 0.105 0.344 0.045 
224 OmyJC19ROGR    (0)    2 :  0.134 0.141 0.065 0.630 0.030 
225 OmyJC19ROGR    (0)    2 :  0.025 0.018 0.018 0.019 0.920 
226 OmyJC19ROGR    (0)    2 :  0.492 0.171 0.030 0.149 0.158 
227 OmyJC19ROGR    (1)    2 :  0.027 0.039 0.034 0.019 0.880 
228 OmyJC19ROGR    (0)    2 :  0.131 0.426 0.036 0.378 0.029 
229 OmyJC19ROGR    (1)    2 :  0.268 0.488 0.125 0.094 0.026 
230 OmyJC19ROGR    (0)    2 :  0.110 0.489 0.149 0.077 0.175 
231 OmyJC19ROGR    (0)    2 :  0.225 0.408 0.056 0.232 0.078 
232 OmyJC19ROGR    (1)    2 :  0.528 0.129 0.104 0.198 0.041 
233 OmyJC19ROGR    (0)    2 :  0.159 0.333 0.114 0.235 0.159 
234 OmyJC19ROGR    (0)    2 :  0.029 0.027 0.025 0.022 0.897 
235 OmyJC19ROGR    (0)    2 :  0.093 0.045 0.114 0.117 0.631 
236 OmyJC19ROGR    (1)    2 :  0.099 0.135 0.177 0.559 0.030 
237 OmyJC19ROGR    (0)    2 :  0.191 0.241 0.168 0.339 0.060 
238 OmyJC19ROGR    (0)    2 :  0.133 0.388 0.055 0.336 0.088 
239 OmyJC19ROGR    (0)    2 :  0.366 0.072 0.072 0.417 0.073 
240 OmyJC19ROGR    (0)    2 :  0.371 0.347 0.113 0.123 0.048 
241 OmyJC19ROGR    (0)    2 :  0.166 0.143 0.457 0.139 0.096 
242 OmyJC19ROGR    (0)    2 :  0.093 0.038 0.134 0.716 0.020 
243 OmyJC19ROGR    (0)    2 :  0.188 0.212 0.348 0.202 0.050 
244 OmyJC19ROGR    (0)    2 :  0.123 0.332 0.371 0.112 0.061 
245 OmyJC19ROGR    (0)    2 :  0.038 0.025 0.017 0.022 0.898 
246 OmyJC19ROGR    (0)    2 :  0.104 0.141 0.501 0.083 0.171 
247 OmyJC19ROGR    (0)    2 :  0.084 0.128 0.149 0.069 0.570 
248 OmyJC19ROGR    (0)    2 :  0.263 0.079 0.066 0.069 0.523 
249 OmyJC19ROGR    (0)    2 :  0.168 0.563 0.044 0.161 0.065 
250 OmyJC19ROGR    (0)    2 :  0.253 0.247 0.107 0.308 0.086 
251 OmyJC19ROGR    (0)    2 :  0.233 0.509 0.084 0.133 0.040 
252 OmyJC19ROGR    (0)    2 :  0.060 0.083 0.785 0.036 0.036 
253 OmyJC19ROGR    (0)    2 :  0.423 0.099 0.061 0.340 0.077 
254 OmyJC19ROGR    (0)    2 :  0.165 0.207 0.460 0.100 0.068 
255 OmyJC19ROGR    (0)    2 :  0.244 0.202 0.482 0.040 0.032 
256 OmyJC19ROGR    (0)    2 :  0.084 0.186 0.361 0.067 0.302 
257 OmyJC19ROGR    (0)    2 :  0.140 0.659 0.049 0.071 0.080 
258 OmyAC19ROGR    (0)    1 :  0.283 0.124 0.135 0.294 0.164 
259 OmyAC19ROGR    (1)    1 :  0.232 0.106 0.074 0.202 0.386 
260 OmyAC19ROGR    (0)    1 :  0.131 0.086 0.063 0.694 0.026 
261 OmyAC19ROGR    (0)    1 :  0.486 0.264 0.045 0.156 0.049 
262 OmyAC19ROGR    (0)    1 :  0.491 0.181 0.109 0.122 0.096 
263 OmyAC19ROGR    (0)    1 :  0.094 0.194 0.508 0.150 0.054 
264 OmyAC19ROGR    (0)    1 :  0.281 0.383 0.094 0.190 0.052 
265 OmyAC19ROGR    (0)    1 :  0.252 0.390 0.188 0.120 0.049 
266 OmyAC19ROGR    (0)    1 :  0.140 0.736 0.044 0.059 0.021 
267 OmyAC19ROGR    (0)    1 :  0.421 0.268 0.081 0.103 0.127 
268 OmyAC19ROGR    (1)    1 :  0.184 0.113 0.416 0.121 0.166 
269 OmyAC19ROGR    (1)    1 :  0.311 0.161 0.053 0.318 0.157 
270 OmyAC19ROGR    (0)    1 :  0.196 0.407 0.314 0.047 0.036 
271 OmyAC19ROGR    (0)    1 :  0.254 0.143 0.077 0.276 0.251 
272 OmyAC19ROGR    (0)    1 :  0.153 0.468 0.042 0.162 0.174 
273 OmyAC19ROGR    (0)    1 :  0.268 0.178 0.138 0.377 0.039 
274 OmyAC19ROGR    (0)    1 :  0.088 0.070 0.051 0.045 0.746 
275 OmyAC19ROGR    (0)    1 :  0.201 0.104 0.299 0.300 0.096 
276 OmyAC19ROGR    (0)    1 :  0.246 0.180 0.110 0.392 0.072 
277 OmyAC19ROGR    (0)    1 :  0.344 0.200 0.042 0.330 0.084 
278 OmyAC19ROGR    (0)    1 :  0.130 0.355 0.050 0.145 0.321 
279 OmyAC19ROGR    (0)    1 :  0.094 0.062 0.050 0.616 0.179 
280 OmyAC19ROGR    (0)    1 :  0.309 0.274 0.247 0.059 0.112 
281 OmyAC19ROGR    (0)    1 :  0.467 0.130 0.077 0.278 0.047 
282 OmyAC19ROGR    (0)    1 :  0.450 0.176 0.108 0.117 0.149 
283 OmyAC19ROGR    (0)    1 :  0.265 0.265 0.080 0.349 0.042 
284 OmyAC19ROGR    (0)    1 :  0.147 0.499 0.158 0.169 0.027 
285 OmyAC19ROGR    (0)    1 :  0.166 0.227 0.318 0.246 0.044 
286 OmyAC19ROGR    (0)    1 :  0.224 0.208 0.272 0.271 0.024 
287 OmyAC19ROGR    (0)    1 :  0.016 0.012 0.010 0.012 0.950 
288 OmyAC19ROGR    (0)    1 :  0.059 0.044 0.040 0.072 0.784 
289 OmyAC19ROGR    (0)    1 :  0.202 0.114 0.070 0.489 0.126 
290 OmyAC19ROGR    (1)    1 :  0.016 0.012 0.012 0.020 0.940 
291 OmyAC19ROGR    (0)    1 :  0.141 0.167 0.163 0.105 0.423 
292 OmyAC19ROGR    (1)    1 :  0.330 0.203 0.057 0.226 0.184 
293 OmyAC19ROGR    (0)    1 :  0.116 0.106 0.641 0.112 0.026 
294 OmyAC19ROGR    (0)    1 :  0.123 0.176 0.043 0.311 0.347 
295 OmyAC19ROGR    (0)    1 :  0.206 0.348 0.162 0.258 0.026 
296 OmyAC19ROGR    (0)    1 :  0.231 0.117 0.148 0.469 0.036 
297 OmyAC19ROGR    (0)    1 :  0.078 0.090 0.033 0.063 0.735 
298 OmyAC19ROGR    (0)    1 :  0.061 0.180 0.059 0.673 0.026 
299 OmyAC19ROGR    (0)    1 :  0.127 0.127 0.267 0.233 0.246 
300 OmyAC19ROGR    (0)    1 :  0.369 0.178 0.089 0.335 0.028 
301 OmyAC19ROGR    (0)    1 :  0.031 0.033 0.019 0.031 0.886 
302 OmyAC19ROGR    (0)    1 :  0.111 0.128 0.058 0.235 0.468 
303 OmyAC19ROGR    (0)    1 :  0.323 0.145 0.055 0.370 0.107 
304 OmyAC19ROGR    (0)    1 :  0.114 0.074 0.071 0.615 0.125 
305 OmyAC19ROGR    (0)    1 :  0.227 0.146 0.075 0.524 0.029 
306 OmyAC19ROGR    (0)    1 :  0.098 0.169 0.024 0.061 0.648 
307 OmyAC19ROGR    (1)    1 :  0.360 0.268 0.196 0.150 0.026 
308 OmyAC19ROGR    (0)    1 :  0.251 0.442 0.049 0.174 0.085 
309 OmyAC19ROGR    (1)    1 :  0.038 0.033 0.027 0.031 0.870 
310 OmyAC19ROGR    (0)    1 :  0.278 0.199 0.066 0.110 0.348 
311 OmyAC19ROGR    (0)    1 :  0.117 0.057 0.044 0.310 0.472 
312 OmyAC19ROGR    (0)    1 :  0.167 0.143 0.481 0.172 0.037 
313 OmyAC19ROGR    (0)    1 :  0.209 0.414 0.103 0.255 0.019 
314 OmyAC19ROGR    (0)    1 :  0.113 0.094 0.635 0.111 0.048 
315 OmyAC19ROGR    (0)    1 :  0.261 0.354 0.089 0.228 0.068 
316 OmyAC19ROGR    (0)    1 :  0.257 0.541 0.067 0.099 0.037 
317 OmyAC19ROGR    (0)    1 :  0.359 0.048 0.416 0.142 0.034 
318 OmyAC19ROGR    (0)    1 :  0.260 0.195 0.409 0.107 0.028 
319 OmyAC19ROGR    (1)    1 :  0.186 0.195 0.131 0.468 0.021 
320 OmyAC19ROGR    (0)    1 :  0.065 0.560 0.066 0.297 0.012 
321 OmyAC19ROGR    (0)    1 :  0.201 0.356 0.067 0.339 0.036 
322 OmyAC19ROGR    (0)    1 :  0.243 0.101 0.073 0.124 0.460 
323 OmyAC19ROGR    (0)    1 :  0.118 0.330 0.038 0.486 0.029 
324 OmyAC19ROGR    (0)    1 :  0.109 0.677 0.121 0.067 0.026 
325 OmyAC19ROGR    (0)    1 :  0.386 0.213 0.041 0.056 0.304 
326 OmyAC19ROGR    (0)    1 :  0.182 0.602 0.055 0.121 0.040 
327 OmyAC19ROGR    (0)    1 :  0.081 0.581 0.132 0.172 0.035 
328 OmyAC20ROGR    (1)    1 :  0.175 0.200 0.190 0.400 0.035 
329 OmyAC20ROGR    (0)    1 :  0.169 0.130 0.297 0.321 0.083 
330 OmyAC20ROGR    (0)    1 :  0.243 0.293 0.230 0.159 0.073 
331 OmyAC20ROGR    (0)    1 :  0.111 0.410 0.129 0.083 0.267 
332 OmyAC20ROGR    (0)    1 :  0.216 0.245 0.197 0.129 0.213 
333 OmyAC20ROGR    (0)    1 :  0.111 0.263 0.284 0.068 0.274 
334 OmyAC20ROGR    (0)    1 :  0.302 0.067 0.492 0.119 0.020 
335 OmyAC20ROGR    (0)    1 :  0.291 0.291 0.181 0.195 0.041 
336 OmyAC20ROGR    (0)    1 :  0.400 0.148 0.092 0.228 0.131 
337 OmyAC20ROGR    (0)    1 :  0.129 0.151 0.056 0.206 0.457 
338 OmyAC20ROGR    (0)    1 :  0.378 0.169 0.221 0.106 0.126 
339 OmyAC20ROGR    (0)    1 :  0.233 0.275 0.096 0.301 0.095 
340 OmyAC20ROGR    (0)    1 :  0.089 0.073 0.737 0.050 0.050 
341 OmyAC20ROGR    (0)    1 :  0.120 0.086 0.656 0.061 0.077 
342 OmyAC20ROGR    (0)    1 :  0.156 0.190 0.307 0.184 0.163 
343 OmyAC20ROGR    (0)    1 :  0.310 0.311 0.249 0.079 0.052 
344 OmyAC20ROGR    (0)    1 :  0.135 0.271 0.348 0.079 0.167 
345 OmyAC20ROGR    (1)    1 :  0.474 0.243 0.035 0.099 0.149 
346 OmyAC20ROGR    (0)    1 :  0.221 0.362 0.123 0.095 0.198 
347 OmyAC20ROGR    (0)    1 :  0.267 0.294 0.076 0.127 0.236 
348 OmyAC20ROGR    (0)    1 :  0.057 0.136 0.531 0.065 0.211 
349 OmyAC20ROGR    (0)    1 :  0.260 0.269 0.337 0.075 0.058 
350 OmyAC20ROGR    (0)    1 :  0.183 0.171 0.049 0.521 0.076 
351 OmyAC20ROGR    (0)    1 :  0.280 0.279 0.220 0.111 0.110 
352 OmyAC20ROGR    (0)    1 :  0.190 0.184 0.093 0.483 0.049 
353 OmyAC20ROGR    (0)    1 :  0.305 0.503 0.078 0.086 0.028 
354 OmyAC20ROGR    (0)    1 :  0.238 0.065 0.356 0.085 0.256 
355 OmyAC20ROGR    (0)    1 :  0.465 0.076 0.287 0.108 0.065 
356 OmyAC20ROGR    (0)    1 :  0.243 0.156 0.171 0.390 0.040 
357 OmyAC20ROGR    (0)    1 :  0.165 0.347 0.050 0.345 0.094 
358 OmyAC20ROGR    (0)    1 :  0.166 0.396 0.100 0.297 0.041 
359 OmyAC20ROGR    (0)    1 :  0.083 0.051 0.018 0.657 0.191 
360 OmyAC20ROGR    (0)    1 :  0.310 0.226 0.125 0.121 0.218 
361 OmyAC20ROGR    (0)    1 :  0.091 0.499 0.051 0.316 0.044 
362 OmyAC20ROGR    (0)    1 :  0.371 0.187 0.040 0.365 0.037 
363 OmyAC20ROGR    (0)    1 :  0.204 0.230 0.321 0.113 0.133 
364 OmyAC20ROGR    (1)    1 :  0.147 0.102 0.465 0.252 0.033 
365 OmyAC20ROGR    (0)    1 :  0.267 0.424 0.070 0.216 0.022 
366 OmyAC20ROGR    (0)    1 :  0.172 0.533 0.202 0.061 0.031 
367 OmyAC20ROGR    (0)    1 :  0.216 0.534 0.075 0.085 0.089 
368 OmyAC20ROGR    (1)    1 :  0.234 0.084 0.038 0.562 0.082 
369 OmyAC20ROGR    (0)    1 :  0.265 0.083 0.216 0.122 0.314 
370 OmyAC20ROGR    (0)    1 :  0.081 0.073 0.064 0.070 0.711 
371 OmyAC20ROGR    (0)    1 :  0.055 0.036 0.028 0.049 0.832 
372 OmyAC20ROGR    (2)    1 :  0.028 0.030 0.019 0.020 0.903 
373 OmyAC20ROGR    (0)    1 :  0.100 0.331 0.039 0.089 0.441 
374 OmyAC20ROGR    (0)    1 :  0.196 0.288 0.184 0.303 0.030 
375 OmyAC20ROGR    (0)    1 :  0.125 0.558 0.081 0.159 0.077 
376 OmyAC20ROGR    (0)    1 :  0.236 0.098 0.055 0.108 0.503 
377 OmyAC20ROGR    (0)    1 :  0.183 0.358 0.339 0.101 0.019 
378 OmyAC20ROGR    (0)    1 :  0.402 0.107 0.178 0.289 0.024 
379 OmyAC20ROGR    (0)    1 :  0.167 0.144 0.141 0.120 0.428 
380 OmyAC20ROGR    (1)    1 :  0.170 0.686 0.041 0.079 0.024 
381 OmyAC20ROGR    (0)    1 :  0.210 0.357 0.050 0.286 0.097 
382 OmyAC20ROGR    (0)    1 :  0.044 0.041 0.018 0.035 0.862 
383 OmyAC20ROGR    (0)    1 :  0.382 0.421 0.026 0.072 0.100 
384 OmyAC20ROGR    (0)    1 :  0.272 0.107 0.163 0.126 0.333 
385 OmyAC20ROGR    (0)    1 :  0.167 0.158 0.027 0.412 0.236 
386 OmyAC20ROGR    (0)    1 :  0.244 0.475 0.072 0.092 0.117 
387 OmyAC20ROGR    (0)    1 :  0.062 0.372 0.035 0.191 0.340 
388 OmyAC20ROGR    (0)    1 :  0.165 0.144 0.302 0.101 0.288 
389 OmyAC20ROGR    (0)    1 :  0.088 0.328 0.051 0.506 0.025 
390 OmyAC20ROGR    (0)    1 :  0.245 0.313 0.126 0.294 0.021 
391 OmyAC20ROGR    (0)    1 :  0.100 0.113 0.218 0.123 0.447 
392 OmyAC20ROGR    (0)    1 :  0.252 0.150 0.155 0.157 0.286 
393 OmyAC20ROGR    (0)    1 :  0.183 0.487 0.172 0.098 0.061 
394 OmyAC20ROGR    (1)    1 :  0.155 0.092 0.038 0.648 0.066 
395 OmyAC20ROGR    (0)    1 :  0.469 0.147 0.197 0.136 0.051 
396 OmyAC20ROGR    (0)    1 :  0.140 0.263 0.062 0.495 0.039 
397 OmyAC20ROGR    (0)    1 :  0.199 0.272 0.047 0.219 0.263 
398 OmyAC20ROGR    (0)    1 :  0.076 0.072 0.119 0.044 0.690 
399 OmyAC20ROGR    (0)    1 :  0.338 0.203 0.109 0.164 0.186 
400 OmyAC20ROGR    (0)    1 :  0.308 0.231 0.104 0.232 0.124 
401 OmyAC20ROGR    (1)    1 :  0.031 0.029 0.049 0.029 0.862 
402 OmyAC20ROGR    (0)    1 :  0.199 0.143 0.515 0.114 0.029 
403 OmyAC20ROGR    (0)    1 :  0.380 0.097 0.245 0.134 0.143 
404 OmyAC20ROGR    (0)    1 :  0.357 0.220 0.241 0.159 0.024 
405 OmyAC20ROGR    (0)    1 :  0.160 0.444 0.037 0.080 0.280 
406 OmyAC20ROGR    (0)    1 :  0.331 0.149 0.209 0.231 0.080 
407 OmyAC20ROGR    (0)    1 :  0.154 0.529 0.031 0.237 0.048 
408 OmyAC20ROGR    (0)    1 :  0.336 0.207 0.217 0.162 0.077 
409 OmyAC20ROGR    (0)    1 :  0.162 0.418 0.031 0.329 0.060 
410 OmyAC20ROGR    (0)    1 :  0.030 0.026 0.015 0.032 0.897 
411 OmyAC20ROGR    (0)    1 :  0.084 0.097 0.052 0.200 0.567 
412 OmyAC20ROGR    (0)    1 :  0.105 0.242 0.386 0.140 0.128 
413 OmyAC20ROGR    (0)    1 :  0.117 0.356 0.034 0.452 0.040 
414 OmyAC20ROGR    (0)    1 :  0.201 0.063 0.233 0.143 0.360 
415 OmyAC20ROGR    (0)    1 :  0.534 0.174 0.133 0.135 0.024 
416 OmyAC20ROGR    (0)    1 :  0.315 0.296 0.183 0.137 0.068 
417 OmyAC20ROGR    (0)    1 :  0.091 0.349 0.178 0.354 0.028 
418 OmyAC20ROGR    (0)    1 :  0.257 0.226 0.086 0.275 0.156 
419 OmyAC20ROGR    (0)    1 :  0.098 0.213 0.057 0.220 0.412 
420 OmyAC20ROGR    (0)    1 :  0.197 0.153 0.307 0.311 0.031 
421 OmyAC20ROGR    (0)    1 :  0.234 0.278 0.188 0.186 0.115 
422 OmyAC20ROGR    (0)    1 :  0.034 0.029 0.025 0.026 0.886 
423 OmyAC20ROGR    (0)    1 :  0.104 0.712 0.025 0.125 0.033 
424 OmyAC20ROGR    (0)    1 :  0.510 0.141 0.039 0.288 0.022 
425 OmyAC20ROGR    (0)    1 :  0.031 0.021 0.080 0.025 0.843 
426 OmyAC20ROGR    (0)    1 :  0.402 0.306 0.043 0.180 0.069 
427 OmyAC20ROGR    (0)    1 :  0.231 0.291 0.090 0.196 0.192 
428 OmyAC20ROGR    (0)    1 :  0.021 0.023 0.024 0.015 0.916 
429 OmyAC20ROGR    (0)    1 :  0.106 0.203 0.081 0.585 0.024 
430 OmyAC20ROGR    (0)    1 :  0.349 0.162 0.031 0.359 0.099 
431 OmyAC20ROGR    (0)    1 :  0.267 0.126 0.083 0.070 0.455 
432 OmyAC20ROGR    (0)    1 :  0.038 0.039 0.032 0.036 0.854 
433 OmyAC20ROGR    (0)    1 :  0.025 0.019 0.031 0.034 0.891 
434 OmyAC20ROGR    (0)    1 :  0.357 0.125 0.026 0.307 0.184 
435 OmyAC20ROGR    (0)    1 :  0.508 0.362 0.071 0.041 0.019 
436 OmyAC20ROGR    (0)    1 :  0.122 0.707 0.027 0.104 0.041 
437 OmyAC20ROGR    (0)    1 :  0.068 0.091 0.040 0.172 0.629 
438 OmyAC20ROGR    (0)    1 :  0.420 0.047 0.062 0.184 0.288 
439 OmyAC20ROGR    (0)    1 :  0.281 0.307 0.058 0.296 0.059 
440 OmyAC20ROGR    (0)    1 :  0.066 0.083 0.049 0.040 0.762 
441 OmyAC20ROGR    (0)    1 :  0.241 0.196 0.109 0.431 0.023 
442 OmyAC20ROGR    (0)    1 :  0.433 0.152 0.070 0.299 0.046 
443 OmyAC20ROGR    (0)    1 :  0.288 0.041 0.509 0.148 0.014 
444 OmyAC20ROGR    (0)    1 :  0.142 0.529 0.044 0.179 0.105 
445 OmyAC20ROGR    (0)    1 :  0.232 0.185 0.045 0.445 0.092 
446 OmyJC18ROGR    (0)    2 :  0.087 0.130 0.600 0.132 0.051 
447 OmyJC18ROGR    (0)    2 :  0.263 0.427 0.080 0.187 0.043 
448 OmyJC18ROGR    (0)    2 :  0.207 0.546 0.038 0.144 0.064 
449 OmyJC18ROGR    (0)    2 :  0.077 0.061 0.079 0.108 0.675 
450 OmyJC18ROGR    (0)    2 :  0.084 0.073 0.074 0.093 0.676 
451 OmyJC18ROGR    (0)    2 :  0.065 0.024 0.026 0.044 0.841 
452 OmyJC18ROGR    (0)    2 :  0.226 0.156 0.260 0.076 0.282 
453 OmyJC18ROGR    (0)    2 :  0.204 0.070 0.546 0.156 0.024 
454 OmyJC18ROGR    (0)    2 :  0.052 0.033 0.025 0.042 0.849 
455 OmyJC18ROGR    (0)    2 :  0.171 0.175 0.055 0.566 0.033 
456 OmyJC18ROGR    (0)    2 :  0.040 0.041 0.021 0.048 0.850 
457 OmyJC18ROGR    (0)    2 :  0.403 0.367 0.035 0.148 0.048 
458 OmyJC18ROGR    (0)    2 :  0.128 0.099 0.461 0.160 0.152 
459 OmyJC18ROGR    (0)    2 :  0.227 0.159 0.270 0.326 0.018 
460 OmyJC18ROGR    (2)    2 :  0.268 0.076 0.071 0.190 0.395 
461 OmyJC18ROGR    (1)    2 :  0.273 0.156 0.189 0.107 0.274 
462 OmyJC18ROGR    (3)    2 :  0.282 0.076 0.100 0.186 0.357 
463 OmyJC18ROGR    (1)    2 :  0.075 0.100 0.076 0.060 0.689 
464 OmyJC18ROGR    (3)    2 :  0.171 0.688 0.033 0.082 0.026 
465 OmyJC18ROGR    (3)    2 :  0.148 0.135 0.058 0.603 0.056 
466 OmyJC18ROGR    (0)    2 :  0.569 0.114 0.054 0.123 0.140 
467 OmyJC18ROGR    (1)    2 :  0.262 0.193 0.064 0.438 0.043 
468 OmyJC18ROGR    (0)    2 :  0.142 0.150 0.036 0.616 0.056 
469 OmyJC18ROGR    (0)    2 :  0.053 0.042 0.040 0.117 0.748 
470 OmyJC18ROGR    (3)    2 :  0.105 0.137 0.070 0.177 0.510 
471 OmyJC18ROGR    (1)    2 :  0.261 0.229 0.122 0.120 0.267 
472 OmyJC18ROGR    (1)    2 :  0.450 0.291 0.051 0.134 0.074 
473 OmyJC18ROGR    (2)    2 :  0.272 0.543 0.066 0.094 0.025 
474 OmyJC18ROGR    (0)    2 :  0.142 0.196 0.518 0.100 0.043 
475 OmyJC18ROGR    (1)    2 :  0.046 0.035 0.232 0.041 0.646 
476 OmyJC18ROGR    (2)    2 :  0.168 0.235 0.365 0.209 0.023 
477 OmyJC18ROGR    (3)    2 :  0.301 0.078 0.071 0.457 0.092 
478 OmyJC18ROGR    (0)    2 :  0.309 0.147 0.388 0.110 0.047 
479 OmyJC18ROGR    (0)    2 :  0.115 0.679 0.065 0.121 0.020 
480 OmyJC18ROGR    (0)    2 :  0.208 0.393 0.060 0.194 0.145 
481 OmyJC18ROGR    (2)    2 :  0.306 0.163 0.202 0.115 0.214 
482 OmyJC18ROGR    (3)    2 :  0.192 0.180 0.087 0.520 0.021 
483 OmyJC18ROGR    (3)    2 :  0.312 0.178 0.033 0.434 0.044 
484 OmyJC18ROGR    (3)    2 :  0.421 0.144 0.136 0.251 0.047 
485 OmyJC18ROGR    (2)    2 :  0.101 0.178 0.047 0.071 0.603 
486 OmyJC18ROGR    (2)    2 :  0.151 0.091 0.054 0.295 0.409 
487 OmyJC18ROGR    (1)    2 :  0.545 0.109 0.188 0.071 0.088 
488 OmyJC18ROGR    (3)    2 :  0.604 0.197 0.062 0.085 0.051 
489 OmyJC18ROGR    (0)    2 :  0.487 0.175 0.108 0.199 0.031 
490 OmyJC18ROGR    (2)    2 :  0.318 0.244 0.109 0.255 0.075 
491 OmyJC18ROGR    (4)    2 :  0.087 0.093 0.590 0.116 0.114 
492 OmyJC18ROGR    (4)    2 :  0.087 0.051 0.719 0.119 0.024 
493 OmyJC18ROGR    (3)    2 :  0.448 0.221 0.041 0.187 0.104 
494 OmyJC18ROGR    (3)    2 :  0.042 0.033 0.021 0.044 0.860 
495 OmyJC18ROGR    (3)    2 :  0.125 0.168 0.462 0.080 0.164 
496 OmyJC18ROGR    (0)    2 :  0.277 0.094 0.278 0.281 0.070 
497 OmyJC18ROGR    (5)    2 :  0.214 0.216 0.175 0.296 0.099 
498 OmyJC18ROGR    (3)    2 :  0.465 0.163 0.098 0.103 0.171 
499 OmyJC18ROGR    (1)    2 :  0.338 0.145 0.156 0.312 0.049 
500 OmyJC18ROGR    (1)    2 :  0.277 0.190 0.115 0.393 0.025 
501 OmyJC18ROGR    (3)    2 :  0.207 0.183 0.088 0.099 0.423 
502 OmyJC18ROGR    (1)    2 :  0.059 0.166 0.040 0.533 0.202 
503 OmyJC18ROGR    (4)    2 :  0.145 0.445 0.036 0.315 0.059 
504 OmyJC18ROGR    (1)    2 :  0.077 0.071 0.040 0.492 0.320 
505 OmyJC18ROGR    (0)    2 :  0.180 0.108 0.285 0.167 0.259 
506 OmyJC18ROGR    (6)    2 :  0.446 0.104 0.254 0.148 0.049 
507 OmyJC18ROGR    (0)    2 :  0.294 0.173 0.060 0.319 0.153 
508 OmyJC18ROGR    (0)    2 :  0.133 0.187 0.068 0.531 0.081 
509 OmyJC18ROGR    (2)    2 :  0.029 0.022 0.044 0.028 0.877 
510 OmyJC18ROGR    (1)    2 :  0.378 0.228 0.156 0.213 0.024 
511 OmyJC18ROGR    (3)    2 :  0.078 0.059 0.669 0.050 0.144 
512 OmyJC18ROGR    (2)    2 :  0.052 0.088 0.024 0.073 0.764 
513 OmyJC18ROGR    (7)    2 :  0.210 0.086 0.435 0.095 0.174 
514 OmyJC18ROGR    (3)    2 :  0.052 0.086 0.195 0.080 0.588 
515 OmyJC18ROGR    (0)    2 :  0.324 0.310 0.108 0.191 0.067 
516 OmyJC18ROGR    (2)    2 :  0.159 0.423 0.099 0.116 0.203 
517 OmyJC18ROGR    (2)    2 :  0.260 0.132 0.288 0.081 0.239 
518 OmyJC18ROGR    (0)    2 :  0.235 0.300 0.080 0.346 0.040 
519 OmyJC18ROGR    (7)    2 :  0.081 0.140 0.682 0.050 0.048 
520 OmyJC18ROGR    (4)    2 :  0.280 0.144 0.321 0.060 0.195 
521 OmyJC18ROGR    (1)    2 :  0.295 0.124 0.271 0.132 0.178 
522 OmyJC18ROGR    (1)    2 :  0.356 0.131 0.040 0.376 0.097 
523 OmyJC18ROGR    (3)    2 :  0.194 0.172 0.090 0.502 0.041 
524 OmyJC18ROGR    (1)    2 :  0.192 0.227 0.037 0.499 0.044 
525 OmyJC18ROGR    (2)    2 :  0.116 0.105 0.292 0.342 0.145 
526 OmyJC18ROGR    (1)    2 :  0.154 0.158 0.334 0.282 0.072 
527 OmyJC18ROGR    (0)    2 :  0.315 0.298 0.230 0.121 0.034 
528 OmyJC18ROGR    (0)    2 :  0.159 0.560 0.072 0.178 0.031 
529 OmyJC18ROGR    (1)    2 :  0.283 0.545 0.081 0.059 0.031 
530 OmyJC18ROGR    (0)    2 :  0.090 0.122 0.033 0.727 0.028 
531 OmyJC18ROGR    (0)    2 :  0.051 0.804 0.031 0.076 0.038 
532 OmyJC18ROGR    (1)    2 :  0.246 0.137 0.061 0.525 0.031 
533 OmyJC18ROGR    (2)    2 :  0.314 0.460 0.139 0.071 0.016 
534 OmyJC18ROGR    (2)    2 :  0.377 0.267 0.065 0.231 0.060 
535 OmyJC18ROGR    (0)    2 :  0.216 0.185 0.383 0.171 0.046 
536 OmyJC18ROGR    (0)    2 :  0.059 0.146 0.736 0.031 0.027 
537 OmyJC18ROGR    (0)    2 :  0.269 0.240 0.335 0.130 0.027 
538 OmyJC18ROGR    (0)    2 :  0.150 0.678 0.039 0.094 0.038 
539 OmyJC18ROGR    (1)    2 :  0.138 0.259 0.079 0.468 0.055 
540 OmyJC18ROGR    (6)    2 :  0.722 0.098 0.070 0.073 0.037 
541 OmyJC18ROGR    (1)    2 :  0.123 0.652 0.120 0.062 0.043 
542 OmyJC18ROGR    (1)    2 :  0.141 0.447 0.124 0.120 0.167 
543 OmyJC18ROGR    (0)    2 :  0.291 0.311 0.059 0.127 0.212 
544 OmyJC18ROGR    (2)    2 :  0.261 0.458 0.147 0.099 0.034 
545 OmyJC18ROGR    (1)    2 :  0.071 0.041 0.020 0.285 0.583 
546 OmyJC18ROGR    (6)    2 :  0.072 0.779 0.040 0.093 0.015 
547 OmyJC18ROGR    (0)    2 :  0.289 0.170 0.032 0.390 0.119 
548 OmyJC18ROGR    (1)    2 :  0.535 0.122 0.117 0.089 0.136 
549 OmyJC18ROGR    (0)    2 :  0.172 0.579 0.052 0.158 0.039 
550 OmyJC18ROGR    (1)    2 :  0.066 0.057 0.048 0.044 0.786 
551 OmyJC18ROGR    (1)    2 :  0.215 0.097 0.563 0.070 0.055 
552 OmyJC18ROGR    (2)    2 :  0.351 0.333 0.074 0.151 0.092 
553 OmyJC18ROGR    (7)    2 :  0.130 0.502 0.138 0.167 0.063 
554 OmyJC18ROGR    (2)    2 :  0.262 0.451 0.106 0.143 0.037 
555 OmyJC18ROGR    (3)    2 :  0.315 0.250 0.207 0.194 0.034 
556 OmyJC18ROGR    (0)    2 :  0.094 0.103 0.714 0.031 0.059 
557 OmyJC18ROGR    (1)    2 :  0.206 0.085 0.062 0.140 0.507 
558 OmyJC18ROGR    (0)    2 :  0.081 0.041 0.694 0.037 0.147 
559 OmyJC18ROGR    (0)    2 :  0.187 0.060 0.049 0.679 0.025 
560 OmyJC18ROGR    (5)    2 :  0.531 0.065 0.162 0.165 0.077 
561 OmyJC18ROGR    (0)    2 :  0.087 0.129 0.043 0.712 0.029 
562 OmyJC18ROGR    (6)    2 :  0.164 0.394 0.316 0.084 0.041 
563 OmyJC18ROGR    (2)    2 :  0.359 0.239 0.181 0.159 0.062 
564 OmyJC18ROGR    (3)    2 :  0.121 0.201 0.331 0.053 0.294 
565 OmyJC18ROGR    (3)    2 :  0.349 0.174 0.131 0.257 0.091 
566 OmyJC18ROGR    (1)    2 :  0.330 0.138 0.055 0.415 0.062 
567 OmyJC18ROGR    (0)    2 :  0.233 0.083 0.078 0.579 0.026 
568 OmyJC18ROGR    (3)    2 :  0.116 0.481 0.251 0.048 0.104 
569 OmyJC18ROGR    (2)    2 :  0.356 0.141 0.099 0.359 0.044 
570 OmyJC18ROGR    (0)    2 :  0.178 0.187 0.041 0.527 0.067 
571 OmyJC18ROGR    (1)    2 :  0.179 0.493 0.029 0.279 0.020 
572 OmyJC18ROGR    (4)    2 :  0.119 0.107 0.471 0.251 0.051 
573 OmyJC18ROGR    (3)    2 :  0.126 0.105 0.170 0.171 0.428 
574 OmyJC18ROGR    (5)    2 :  0.198 0.350 0.131 0.115 0.206 
575 OmyJC18ROGR    (3)    2 :  0.214 0.359 0.332 0.068 0.028 
576 OmyJC18ROGR    (0)    2 :  0.149 0.496 0.161 0.138 0.055 
577 OmyJC18ROGR    (0)    2 :  0.033 0.045 0.025 0.042 0.856 
578 OmyJC18ROGR    (1)    2 :  0.209 0.416 0.040 0.303 0.033 
579 OmyJC18ROGR    (0)    2 :  0.075 0.036 0.075 0.055 0.759 
580 OmyJC18ROGR    (0)    2 :  0.227 0.203 0.241 0.311 0.018 
581 OmyJC18ROGR    (3)    2 :  0.228 0.190 0.076 0.443 0.063 
582 OmyJC18ROGR    (6)    2 :  0.240 0.298 0.227 0.207 0.027 
583 OmyJC18ROGR    (3)    2 :  0.082 0.438 0.346 0.098 0.036 
584 OmyJC18ROGR    (3)    2 :  0.147 0.245 0.276 0.266 0.066 
585 OmyJC18ROGR    (1)    2 :  0.659 0.104 0.048 0.135 0.052 
586 OmyJC18ROGR    (1)    2 :  0.155 0.557 0.106 0.164 0.017 
587 OmyJC18ROGR    (0)    2 :  0.023 0.033 0.018 0.018 0.908 
588 OmyJC18ROGR    (0)    2 :  0.075 0.061 0.571 0.104 0.189 
589 OmyJC18ROGR    (1)    2 :  0.352 0.324 0.148 0.107 0.069 
590 OmyJC18ROGR    (2)    2 :  0.058 0.826 0.021 0.086 0.009 
591 OmyJC18ROGR    (0)    2 :  0.298 0.314 0.123 0.213 0.053 
592 OmyJC18ROGR    (3)    2 :  0.145 0.556 0.067 0.173 0.059 
593 OmyJC18ROGR    (0)    2 :  0.338 0.129 0.286 0.129 0.118 
594 OmyJC18ROGR    (1)    2 :  0.391 0.237 0.087 0.247 0.038 
595 OmyJC18ROGR    (0)    2 :  0.330 0.126 0.404 0.072 0.068 
596 OmyJC18ROGR    (1)    2 :  0.112 0.406 0.114 0.265 0.102 
597 OmyJC18ROGR    (0)    2 :  0.473 0.196 0.153 0.113 0.065 
598 OmyJC18ROGR    (1)    2 :  0.222 0.271 0.055 0.386 0.066 
599 OmyJC18ROGR    (0)    2 :  0.219 0.481 0.069 0.178 0.053 
600 OmyJC18ROGR    (0)    2 :  0.306 0.186 0.388 0.082 0.037 
601 OmyJC18ROGR    (0)    2 :  0.228 0.284 0.207 0.246 0.035 
602 OmyJC18ROGR    (0)    2 :  0.140 0.078 0.062 0.633 0.087 
603 OmyJC18ROGR    (0)    2 :  0.327 0.170 0.288 0.183 0.033 
604 OmyJC18ROGR    (0)    2 :  0.174 0.423 0.193 0.167 0.043 
605 OmyJC18ROGR    (0)    2 :  0.180 0.044 0.646 0.105 0.025 
606 OmyJC18ROGR    (0)    2 :  0.269 0.323 0.256 0.091 0.061 
