

----------------------------------------------------
STRUCTURE by Pritchard, Stephens and Donnelly (2000)
     and Falush, Stephens and Pritchard (2003)
       Code by Pritchard, Falush and Hubisz
             Version 2.3.4 (Jul 2012)
----------------------------------------------------



Command line arguments:   bin/structure -m "/Users/ddayan/FRA/premature_migration/Rogue_Half-Pounder/half-pounder/structure/halfpounder_2021/10k_20k_adm_corr/mainparams" -e "/Users/ddayan/FRA/premature_migration/Rogue_Half-Pounder/half-pounder/structure/halfpounder_2021/10k_20k_adm_corr/extraparams" 
Input File:    /Users/ddayan/FRA/premature_migration/Rogue_Half-Pounder/half-pounder/structure/halfpounder_2021/project_data

Run parameters:
   1000 individuals
   328 loci
   6 populations assumed
   10000 Burn-in period
   20000 Reps


--------------------------------------------
Proportion of membership of each pre-defined
 population in each of the 6 clusters

Given    Inferred Clusters                            Number of
 Pop       1      2      3      4      5      6      Individuals

  1:     0.170  0.181  0.135  0.165  0.166  0.182      275
  2:     0.170  0.164  0.153  0.169  0.170  0.174      643
  3:     0.059  0.084  0.662  0.102  0.057  0.037       42
  4:     0.238  0.179  0.060  0.220  0.264  0.040       40
--------------------------------------------

Allele-freq. divergence among pops (Net nucleotide distance),
computed using point estimates of P.

      1       2       3       4       5       6      
 1      -    0.0009  0.0041  0.0010  0.0010  0.0090  
 2   0.0009     -    0.0033  0.0007  0.0007  0.0083  
 3   0.0041  0.0033     -    0.0036  0.0037  0.0117  
 4   0.0010  0.0007  0.0036     -    0.0006  0.0084  
 5   0.0010  0.0007  0.0037  0.0006     -    0.0085  
 6   0.0090  0.0083  0.0117  0.0084  0.0085     -    

Average distances (expected heterozygosity) between individuals in same cluster:
cluster  1  : 0.2911 
cluster  2  : 0.2918 
cluster  3  : 0.2859 
cluster  4  : 0.2925 
cluster  5  : 0.2920 
cluster  6  : 0.2592 

--------------------------------------------
Estimated Ln Prob of Data   = -285914.0
Mean value of ln likelihood = -283373.9
Variance of ln likelihood   = 5080.1
Mean value of alpha         = 0.1553

Mean value of Fst_1         = 0.0140
Mean value of Fst_2         = 0.0115
Mean value of Fst_3         = 0.0279
Mean value of Fst_4         = 0.0119
Mean value of Fst_5         = 0.0133
Mean value of Fst_6         = 0.0742


Inferred ancestry of individuals:
        Label (%Miss) Pop:  Inferred clusters
  1 OmyAC19ROGR    (0)    1 :  0.192 0.294 0.179 0.144 0.179 0.012 
  2 OmyAC19ROGR    (0)    1 :  0.143 0.402 0.137 0.168 0.097 0.052 
  3 OmyAC19ROGR    (0)    1 :  0.264 0.297 0.113 0.111 0.167 0.047 
  4 OmyAC19ROGR    (0)    1 :  0.199 0.164 0.098 0.259 0.260 0.020 
  5 OmyAC19ROGR    (1)    1 :  0.012 0.011 0.010 0.014 0.010 0.943 
  6 OmyAC19ROGR    (0)    1 :  0.377 0.200 0.038 0.072 0.172 0.141 
  7 OmyAC19ROGR    (0)    1 :  0.150 0.091 0.125 0.313 0.157 0.165 
  8 OmyAC19ROGR    (0)    1 :  0.067 0.400 0.096 0.112 0.311 0.015 
  9 OmyAC19ROGR    (0)    1 :  0.221 0.234 0.121 0.094 0.125 0.205 
 10 OmyAC19ROGR    (0)    1 :  0.079 0.156 0.114 0.146 0.052 0.453 
 11 OmyAC19ROGR    (0)    1 :  0.256 0.067 0.128 0.146 0.362 0.041 
 12 OmyAC19ROGR    (0)    1 :  0.623 0.081 0.042 0.101 0.063 0.090 
 13 OmyAC19ROGR    (0)    1 :  0.049 0.292 0.089 0.124 0.426 0.021 
 14 OmyAC19ROGR    (0)    1 :  0.104 0.126 0.032 0.208 0.117 0.414 
 15 OmyAC19ROGR    (0)    1 :  0.067 0.059 0.027 0.208 0.237 0.403 
 16 OmyAC19ROGR    (0)    1 :  0.200 0.144 0.119 0.151 0.318 0.068 
 17 OmyAC19ROGR    (0)    1 :  0.167 0.444 0.016 0.128 0.185 0.060 
 18 OmyAC19ROGR    (2)    1 :  0.065 0.358 0.189 0.166 0.203 0.019 
 19 OmyAC19ROGR    (1)    1 :  0.051 0.253 0.082 0.218 0.356 0.039 
 20 OmyAC19ROGR    (0)    1 :  0.254 0.123 0.022 0.322 0.087 0.192 
 21 OmyAC19ROGR    (1)    1 :  0.086 0.405 0.072 0.154 0.120 0.162 
 22 OmyAC19ROGR    (0)    1 :  0.174 0.172 0.215 0.154 0.232 0.052 
 23 OmyAC19ROGR    (0)    1 :  0.119 0.374 0.073 0.095 0.137 0.202 
 24 OmyAC19ROGR    (0)    1 :  0.076 0.024 0.808 0.031 0.049 0.013 
 25 OmyAC19ROGR    (0)    1 :  0.076 0.128 0.052 0.216 0.322 0.205 
 26 OmyAC19ROGR    (0)    1 :  0.110 0.259 0.183 0.218 0.161 0.069 
 27 OmyAC19ROGR    (1)    1 :  0.258 0.089 0.037 0.210 0.368 0.037 
 28 OmyAC19ROGR    (0)    1 :  0.032 0.041 0.853 0.028 0.027 0.019 
 29 OmyAC19ROGR    (0)    1 :  0.090 0.288 0.064 0.180 0.328 0.050 
 30 OmyAC19ROGR    (0)    1 :  0.050 0.074 0.039 0.077 0.067 0.693 
 31 OmyAC19ROGR    (0)    1 :  0.194 0.315 0.063 0.100 0.296 0.031 
 32 OmyAC19ROGR    (0)    1 :  0.049 0.415 0.164 0.108 0.165 0.100 
 33 OmyAC19ROGR    (1)    1 :  0.290 0.182 0.256 0.109 0.088 0.074 
 34 OmyAC19ROGR    (0)    1 :  0.062 0.061 0.059 0.142 0.207 0.469 
 35 OmyAC19ROGR    (0)    1 :  0.183 0.240 0.257 0.175 0.089 0.056 
 36 OmyAC19ROGR    (0)    1 :  0.090 0.276 0.085 0.124 0.314 0.111 
 37 OmyAC19ROGR    (0)    1 :  0.055 0.050 0.653 0.096 0.073 0.072 
 38 OmyAC19ROGR    (0)    1 :  0.042 0.047 0.373 0.064 0.069 0.405 
 39 OmyAC19ROGR    (0)    1 :  0.061 0.625 0.029 0.107 0.134 0.044 
 40 OmyAC19ROGR    (0)    1 :  0.355 0.096 0.028 0.152 0.075 0.294 
 41 OmyAC19ROGR    (1)    1 :  0.235 0.167 0.062 0.318 0.189 0.029 
 42 OmyAC19ROGR    (0)    1 :  0.039 0.047 0.016 0.031 0.043 0.824 
 43 OmyAC19ROGR    (0)    1 :  0.497 0.265 0.087 0.075 0.049 0.026 
 44 OmyAC19ROGR    (6)    1 :  0.300 0.441 0.073 0.047 0.120 0.019 
 45 OmyAC19ROGR    (1)    1 :  0.201 0.094 0.251 0.047 0.097 0.310 
 46 OmyAC19ROGR    (0)    1 :  0.098 0.147 0.346 0.252 0.105 0.052 
 47 OmyAC19ROGR    (0)    1 :  0.081 0.063 0.644 0.084 0.080 0.048 
 48 OmyAC19ROGR    (0)    1 :  0.252 0.296 0.100 0.160 0.159 0.033 
 49 OmyAC19ROGR    (0)    1 :  0.285 0.139 0.217 0.121 0.215 0.023 
 50 OmyAC19ROGR    (0)    1 :  0.258 0.229 0.017 0.375 0.104 0.017 
 51 OmyAC19ROGR    (2)    1 :  0.045 0.053 0.039 0.051 0.068 0.743 
 52 OmyAC19ROGR    (0)    1 :  0.030 0.023 0.021 0.032 0.038 0.857 
 53 OmyAC19ROGR    (1)    1 :  0.133 0.054 0.690 0.039 0.060 0.024 
 54 OmyAC19ROGR    (0)    1 :  0.106 0.135 0.506 0.124 0.081 0.048 
 55 OmyAC19ROGR    (3)    1 :  0.254 0.225 0.055 0.140 0.262 0.063 
 56 OmyAC19ROGR    (0)    1 :  0.053 0.069 0.582 0.103 0.141 0.053 
 57 OmyAC19ROGR    (0)    1 :  0.057 0.116 0.627 0.064 0.119 0.017 
 58 OmyAC19ROGR    (0)    1 :  0.048 0.088 0.051 0.046 0.081 0.687 
 59 OmyAC19ROGR    (0)    1 :  0.192 0.082 0.496 0.103 0.115 0.012 
 60 OmyAC19ROGR    (1)    1 :  0.093 0.188 0.066 0.180 0.396 0.077 
 61 OmyAC19ROGR    (0)    1 :  0.103 0.146 0.314 0.312 0.094 0.030 
 62 OmyAC19ROGR    (0)    1 :  0.307 0.319 0.046 0.161 0.140 0.028 
 63 OmyAC19ROGR    (0)    1 :  0.113 0.067 0.433 0.061 0.128 0.199 
 64 OmyAC19ROGR    (2)    1 :  0.372 0.155 0.083 0.184 0.148 0.058 
 65 OmyAC19ROGR    (0)    1 :  0.131 0.226 0.082 0.133 0.398 0.030 
 66 OmyAC19ROGR    (3)    1 :  0.108 0.099 0.028 0.354 0.198 0.214 
 67 OmyAC19ROGR    (0)    1 :  0.049 0.071 0.443 0.146 0.269 0.022 
 68 OmyAC19ROGR    (1)    1 :  0.103 0.327 0.217 0.217 0.096 0.039 
 69 OmyAC19ROGR    (2)    1 :  0.038 0.103 0.486 0.087 0.098 0.188 
 70 OmyAC19ROGR    (0)    1 :  0.282 0.341 0.135 0.139 0.082 0.022 
 71 OmyAC19ROGR    (0)    1 :  0.156 0.222 0.087 0.094 0.412 0.029 
 72 OmyAC19ROGR    (4)    1 :  0.235 0.177 0.086 0.140 0.345 0.016 
 73 OmyAC19ROGR    (0)    1 :  0.157 0.302 0.199 0.103 0.089 0.150 
 74 OmyAC19ROGR    (0)    1 :  0.643 0.076 0.025 0.148 0.089 0.020 
 75 OmyAC19ROGR    (0)    1 :  0.105 0.178 0.199 0.247 0.179 0.093 
 76 OmyAC19ROGR    (0)    1 :  0.062 0.105 0.689 0.058 0.050 0.036 
 77 OmyAC19ROGR    (1)    1 :  0.019 0.015 0.015 0.018 0.012 0.921 
 78 OmyAC19ROGR    (0)    1 :  0.225 0.410 0.065 0.147 0.118 0.034 
 79 OmyAC19ROGR    (2)    1 :  0.102 0.511 0.090 0.160 0.092 0.045 
 80 OmyAC19ROGR    (1)    1 :  0.080 0.036 0.057 0.065 0.067 0.695 
 81 OmyAC19ROGR    (2)    1 :  0.168 0.147 0.083 0.130 0.104 0.367 
 82 OmyAC19ROGR    (1)    1 :  0.107 0.090 0.641 0.049 0.098 0.016 
 83 OmyAC19ROGR    (0)    1 :  0.145 0.254 0.253 0.158 0.154 0.035 
 84 OmyAC19ROGR    (0)    1 :  0.166 0.292 0.047 0.285 0.108 0.103 
 85 OmyAC19ROGR    (5)    1 :  0.078 0.332 0.126 0.082 0.355 0.027 
 86 OmyAC19ROGR    (0)    1 :  0.221 0.107 0.019 0.335 0.220 0.098 
 87 OmyAC19ROGR    (1)    1 :  0.102 0.260 0.240 0.296 0.070 0.031 
 88 OmyJC19ROGR    (0)    2 :  0.030 0.047 0.023 0.044 0.031 0.825 
 89 OmyJC19ROGR    (0)    2 :  0.121 0.189 0.039 0.472 0.133 0.046 
 90 OmyJC19ROGR    (0)    2 :  0.022 0.021 0.013 0.021 0.025 0.898 
 91 OmyJC19ROGR    (1)    2 :  0.148 0.110 0.266 0.193 0.271 0.012 
 92 OmyJC19ROGR    (0)    2 :  0.064 0.112 0.590 0.092 0.095 0.047 
 93 OmyJC19ROGR    (0)    2 :  0.046 0.090 0.743 0.041 0.065 0.015 
 94 OmyJC19ROGR    (0)    2 :  0.332 0.266 0.028 0.115 0.134 0.125 
 95 OmyJC19ROGR    (0)    2 :  0.282 0.326 0.021 0.156 0.126 0.088 
 96 OmyJC19ROGR    (0)    2 :  0.131 0.097 0.042 0.170 0.512 0.048 
 97 OmyJC19ROGR    (0)    2 :  0.032 0.051 0.744 0.031 0.026 0.117 
 98 OmyJC19ROGR    (0)    2 :  0.145 0.209 0.133 0.137 0.350 0.026 
 99 OmyJC19ROGR    (0)    2 :  0.090 0.097 0.446 0.096 0.208 0.063 
100 OmyJC19ROGR    (1)    2 :  0.116 0.424 0.046 0.088 0.295 0.031 
101 OmyJC19ROGR    (0)    2 :  0.062 0.170 0.120 0.071 0.121 0.457 
102 OmyJC19ROGR    (0)    2 :  0.122 0.117 0.038 0.382 0.278 0.063 
103 OmyJC19ROGR    (0)    2 :  0.115 0.197 0.088 0.301 0.188 0.112 
104 OmyJC19ROGR    (0)    2 :  0.123 0.204 0.327 0.136 0.189 0.022 
105 OmyJC19ROGR    (0)    2 :  0.190 0.033 0.552 0.057 0.042 0.126 
106 OmyJC19ROGR    (0)    2 :  0.014 0.012 0.031 0.014 0.011 0.917 
107 OmyJC19ROGR    (1)    2 :  0.057 0.117 0.114 0.247 0.385 0.079 
108 OmyJC19ROGR    (0)    2 :  0.180 0.187 0.177 0.129 0.281 0.047 
109 OmyJC19ROGR    (0)    2 :  0.137 0.105 0.024 0.191 0.401 0.141 
110 OmyJC19ROGR    (0)    2 :  0.088 0.088 0.451 0.057 0.085 0.231 
111 OmyJC19ROGR    (1)    2 :  0.072 0.129 0.410 0.088 0.228 0.074 
112 OmyJC19ROGR    (2)    2 :  0.216 0.206 0.045 0.102 0.338 0.094 
113 OmyJC19ROGR    (0)    2 :  0.068 0.101 0.046 0.130 0.093 0.562 
114 OmyJC19ROGR    (3)    2 :  0.114 0.494 0.041 0.246 0.078 0.026 
115 OmyJC19ROGR    (1)    2 :  0.604 0.070 0.222 0.028 0.037 0.038 
116 OmyJC19ROGR    (0)    2 :  0.112 0.444 0.044 0.235 0.108 0.057 
117 OmyJC19ROGR    (0)    2 :  0.137 0.289 0.033 0.113 0.322 0.106 
118 OmyJC19ROGR    (0)    2 :  0.184 0.272 0.096 0.378 0.050 0.020 
119 OmyJC19ROGR    (2)    2 :  0.140 0.224 0.036 0.362 0.199 0.038 
120 OmyJC19ROGR    (0)    2 :  0.035 0.038 0.834 0.034 0.046 0.013 
121 OmyJC19ROGR    (0)    2 :  0.313 0.252 0.031 0.257 0.113 0.034 
122 OmyJC19ROGR    (0)    2 :  0.165 0.334 0.103 0.202 0.150 0.046 
123 OmyJC19ROGR    (0)    2 :  0.137 0.214 0.110 0.229 0.293 0.016 
124 OmyJC19ROGR    (0)    2 :  0.603 0.132 0.033 0.060 0.072 0.100 
125 OmyJC19ROGR    (0)    2 :  0.243 0.154 0.273 0.135 0.098 0.096 
126 OmyJC19ROGR    (1)    2 :  0.107 0.078 0.036 0.047 0.051 0.681 
127 OmyJC19ROGR    (0)    2 :  0.042 0.038 0.036 0.488 0.367 0.029 
128 OmyJC19ROGR    (1)    2 :  0.055 0.147 0.464 0.148 0.158 0.028 
129 OmyJC19ROGR    (0)    2 :  0.051 0.335 0.077 0.077 0.229 0.231 
130 OmyJC19ROGR    (2)    2 :  0.657 0.095 0.020 0.111 0.068 0.049 
131 OmyJC19ROGR    (0)    2 :  0.198 0.377 0.105 0.112 0.153 0.055 
132 OmyJC19ROGR    (1)    2 :  0.161 0.103 0.387 0.181 0.136 0.032 
133 OmyJC19ROGR    (0)    2 :  0.232 0.424 0.053 0.119 0.154 0.020 
134 OmyJC19ROGR    (0)    2 :  0.081 0.097 0.070 0.594 0.108 0.049 
135 OmyJC19ROGR    (1)    2 :  0.028 0.028 0.881 0.020 0.026 0.018 
136 OmyJC19ROGR    (3)    2 :  0.197 0.241 0.091 0.335 0.106 0.031 
137 OmyJC19ROGR    (0)    2 :  0.221 0.082 0.042 0.330 0.163 0.161 
138 OmyJC19ROGR    (0)    2 :  0.073 0.106 0.025 0.027 0.065 0.704 
139 OmyJC19ROGR    (2)    2 :  0.241 0.384 0.039 0.094 0.226 0.017 
140 OmyJC19ROGR    (2)    2 :  0.130 0.303 0.058 0.200 0.228 0.081 
141 OmyJC19ROGR    (0)    2 :  0.096 0.281 0.099 0.166 0.127 0.232 
142 OmyJC19ROGR    (0)    2 :  0.102 0.111 0.145 0.129 0.268 0.246 
143 OmyJC19ROGR    (0)    2 :  0.126 0.118 0.624 0.041 0.043 0.047 
144 OmyJC19ROGR    (0)    2 :  0.137 0.455 0.032 0.039 0.325 0.011 
145 OmyJC19ROGR    (0)    2 :  0.263 0.220 0.029 0.112 0.351 0.025 
146 OmyJC19ROGR    (1)    2 :  0.092 0.136 0.538 0.124 0.059 0.051 
147 OmyJC19ROGR    (0)    2 :  0.105 0.071 0.093 0.348 0.339 0.044 
148 OmyJC19ROGR    (0)    2 :  0.205 0.094 0.111 0.125 0.453 0.013 
149 OmyJC19ROGR    (1)    2 :  0.080 0.183 0.335 0.168 0.182 0.053 
150 OmyJC19ROGR    (1)    2 :  0.078 0.163 0.305 0.293 0.115 0.047 
151 OmyJC19ROGR    (0)    2 :  0.091 0.431 0.085 0.195 0.129 0.070 
152 OmyJC19ROGR    (0)    2 :  0.246 0.086 0.105 0.254 0.281 0.028 
153 OmyJC19ROGR    (0)    2 :  0.023 0.038 0.844 0.039 0.032 0.025 
154 OmyJC19ROGR    (1)    2 :  0.216 0.217 0.033 0.398 0.086 0.050 
155 OmyJC19ROGR    (0)    2 :  0.142 0.181 0.233 0.236 0.139 0.068 
156 OmyJC19ROGR    (1)    2 :  0.220 0.100 0.131 0.293 0.171 0.085 
157 OmyJC19ROGR    (0)    2 :  0.257 0.222 0.127 0.101 0.248 0.045 
158 OmyJC19ROGR    (0)    2 :  0.122 0.316 0.098 0.215 0.236 0.012 
159 OmyJC19ROGR    (0)    2 :  0.250 0.152 0.028 0.187 0.355 0.029 
160 OmyJC19ROGR    (0)    2 :  0.205 0.108 0.192 0.338 0.112 0.044 
161 OmyJC19ROGR    (0)    2 :  0.342 0.183 0.183 0.089 0.184 0.019 
162 OmyJC19ROGR    (0)    2 :  0.108 0.113 0.118 0.310 0.309 0.042 
163 OmyJC19ROGR    (0)    2 :  0.110 0.084 0.532 0.116 0.124 0.034 
164 OmyJC19ROGR    (0)    2 :  0.215 0.208 0.053 0.136 0.367 0.021 
165 OmyJC19ROGR    (0)    2 :  0.170 0.270 0.103 0.066 0.372 0.019 
166 OmyJC19ROGR    (0)    2 :  0.531 0.108 0.045 0.205 0.071 0.040 
167 OmyJC19ROGR    (1)    2 :  0.171 0.139 0.304 0.199 0.128 0.058 
168 OmyJC19ROGR    (0)    2 :  0.078 0.422 0.063 0.259 0.130 0.048 
169 OmyJC19ROGR    (0)    2 :  0.015 0.020 0.008 0.021 0.020 0.917 
170 OmyJC19ROGR    (0)    2 :  0.099 0.080 0.590 0.049 0.135 0.046 
171 OmyJC19ROGR    (0)    2 :  0.208 0.188 0.082 0.210 0.294 0.019 
172 OmyJC19ROGR    (0)    2 :  0.064 0.123 0.256 0.110 0.169 0.279 
173 OmyJC19ROGR    (0)    2 :  0.030 0.025 0.019 0.031 0.029 0.866 
174 OmyJC19ROGR    (0)    2 :  0.410 0.175 0.113 0.111 0.167 0.025 
175 OmyJC19ROGR    (0)    2 :  0.260 0.407 0.040 0.121 0.146 0.025 
176 OmyJC19ROGR    (0)    2 :  0.034 0.116 0.474 0.199 0.115 0.063 
177 OmyJC19ROGR    (0)    2 :  0.075 0.036 0.787 0.034 0.058 0.011 
178 OmyJC19ROGR    (0)    2 :  0.303 0.071 0.015 0.224 0.354 0.032 
179 OmyJC19ROGR    (0)    2 :  0.152 0.193 0.304 0.145 0.190 0.017 
180 OmyJC19ROGR    (0)    2 :  0.024 0.038 0.040 0.039 0.025 0.833 
181 OmyJC19ROGR    (0)    2 :  0.289 0.207 0.051 0.316 0.102 0.035 
182 OmyJC19ROGR    (0)    2 :  0.085 0.489 0.055 0.112 0.158 0.100 
183 OmyJC19ROGR    (0)    2 :  0.383 0.159 0.056 0.136 0.243 0.023 
184 OmyJC19ROGR    (0)    2 :  0.024 0.109 0.093 0.060 0.119 0.594 
185 OmyJC19ROGR    (1)    2 :  0.059 0.482 0.038 0.172 0.240 0.009 
186 OmyJC19ROGR    (0)    2 :  0.101 0.171 0.501 0.084 0.080 0.062 
187 OmyJC19ROGR    (0)    2 :  0.769 0.054 0.047 0.047 0.061 0.022 
188 OmyJC19ROGR    (0)    2 :  0.294 0.215 0.077 0.044 0.345 0.026 
189 OmyJC19ROGR    (0)    2 :  0.100 0.338 0.191 0.163 0.077 0.130 
190 OmyJC19ROGR    (0)    2 :  0.057 0.092 0.618 0.131 0.075 0.026 
191 OmyJC19ROGR    (0)    2 :  0.369 0.075 0.326 0.081 0.127 0.023 
192 OmyJC19ROGR    (0)    2 :  0.040 0.052 0.024 0.433 0.421 0.031 
193 OmyJC19ROGR    (1)    2 :  0.263 0.144 0.086 0.211 0.210 0.086 
194 OmyJC19ROGR    (0)    2 :  0.036 0.034 0.031 0.615 0.270 0.013 
195 OmyJC19ROGR    (0)    2 :  0.059 0.040 0.020 0.047 0.047 0.786 
196 OmyJC19ROGR    (0)    2 :  0.702 0.098 0.021 0.109 0.048 0.023 
197 OmyJC19ROGR    (0)    2 :  0.132 0.188 0.323 0.220 0.093 0.044 
198 OmyJC19ROGR    (0)    2 :  0.040 0.050 0.044 0.075 0.087 0.705 
199 OmyJC19ROGR    (0)    2 :  0.159 0.341 0.085 0.101 0.295 0.018 
200 OmyJC19ROGR    (0)    2 :  0.078 0.113 0.595 0.095 0.067 0.053 
201 OmyJC19ROGR    (0)    2 :  0.399 0.090 0.060 0.174 0.260 0.017 
202 OmyJC19ROGR    (0)    2 :  0.028 0.025 0.830 0.057 0.050 0.011 
203 OmyJC19ROGR    (0)    2 :  0.400 0.190 0.091 0.118 0.170 0.031 
204 OmyJC19ROGR    (0)    2 :  0.207 0.114 0.128 0.205 0.312 0.034 
205 OmyJC19ROGR    (0)    2 :  0.463 0.166 0.074 0.094 0.116 0.087 
206 OmyJC19ROGR    (0)    2 :  0.021 0.043 0.027 0.042 0.043 0.824 
207 OmyJC19ROGR    (0)    2 :  0.271 0.088 0.063 0.106 0.258 0.215 
208 OmyJC19ROGR    (0)    2 :  0.193 0.185 0.037 0.124 0.434 0.028 
209 OmyJC19ROGR    (0)    2 :  0.056 0.151 0.174 0.073 0.105 0.441 
210 OmyJC19ROGR    (0)    2 :  0.041 0.016 0.016 0.018 0.021 0.889 
211 OmyJC19ROGR    (0)    2 :  0.079 0.240 0.058 0.243 0.267 0.112 
212 OmyJC19ROGR    (1)    2 :  0.123 0.070 0.408 0.128 0.131 0.139 
213 OmyJC19ROGR    (1)    2 :  0.433 0.285 0.053 0.085 0.115 0.028 
214 OmyJC19ROGR    (0)    2 :  0.414 0.074 0.038 0.117 0.324 0.032 
215 OmyJC19ROGR    (0)    2 :  0.049 0.082 0.065 0.627 0.160 0.017 
216 OmyJC19ROGR    (0)    2 :  0.066 0.054 0.018 0.037 0.035 0.790 
217 OmyJC19ROGR    (0)    2 :  0.103 0.170 0.051 0.176 0.156 0.344 
218 OmyJC19ROGR    (0)    2 :  0.280 0.115 0.344 0.066 0.171 0.024 
219 OmyJC19ROGR    (0)    2 :  0.133 0.139 0.029 0.467 0.165 0.067 
220 OmyJC19ROGR    (0)    2 :  0.188 0.114 0.088 0.173 0.428 0.010 
221 OmyJC19ROGR    (0)    2 :  0.255 0.229 0.053 0.100 0.188 0.176 
222 OmyJC19ROGR    (0)    2 :  0.291 0.134 0.223 0.184 0.140 0.028 
223 OmyJC19ROGR    (0)    2 :  0.339 0.092 0.068 0.204 0.261 0.036 
224 OmyJC19ROGR    (0)    2 :  0.145 0.170 0.044 0.278 0.336 0.027 
225 OmyJC19ROGR    (0)    2 :  0.024 0.016 0.018 0.015 0.021 0.907 
226 OmyJC19ROGR    (0)    2 :  0.107 0.448 0.026 0.218 0.066 0.134 
227 OmyJC19ROGR    (1)    2 :  0.032 0.020 0.027 0.020 0.016 0.885 
228 OmyJC19ROGR    (0)    2 :  0.553 0.061 0.029 0.162 0.168 0.027 
229 OmyJC19ROGR    (1)    2 :  0.133 0.357 0.073 0.039 0.381 0.017 
230 OmyJC19ROGR    (0)    2 :  0.189 0.287 0.101 0.052 0.217 0.153 
231 OmyJC19ROGR    (0)    2 :  0.292 0.172 0.034 0.197 0.247 0.058 
232 OmyJC19ROGR    (1)    2 :  0.128 0.420 0.097 0.186 0.137 0.032 
233 OmyJC19ROGR    (0)    2 :  0.191 0.155 0.085 0.121 0.347 0.101 
234 OmyJC19ROGR    (0)    2 :  0.020 0.027 0.020 0.022 0.021 0.891 
235 OmyJC19ROGR    (0)    2 :  0.046 0.071 0.072 0.095 0.099 0.617 
236 OmyJC19ROGR    (1)    2 :  0.087 0.077 0.118 0.232 0.466 0.020 
237 OmyJC19ROGR    (0)    2 :  0.130 0.117 0.110 0.395 0.204 0.044 
238 OmyJC19ROGR    (0)    2 :  0.164 0.093 0.045 0.279 0.349 0.070 
239 OmyJC19ROGR    (0)    2 :  0.040 0.181 0.049 0.497 0.188 0.045 
240 OmyJC19ROGR    (0)    2 :  0.263 0.318 0.070 0.119 0.193 0.038 
241 OmyJC19ROGR    (0)    2 :  0.140 0.194 0.319 0.179 0.111 0.056 
242 OmyJC19ROGR    (0)    2 :  0.069 0.093 0.118 0.489 0.217 0.014 
243 OmyJC19ROGR    (0)    2 :  0.293 0.124 0.278 0.104 0.164 0.037 
244 OmyJC19ROGR    (0)    2 :  0.245 0.116 0.318 0.093 0.175 0.054 
245 OmyJC19ROGR    (0)    2 :  0.019 0.028 0.015 0.019 0.016 0.902 
246 OmyJC19ROGR    (0)    2 :  0.098 0.074 0.452 0.106 0.135 0.135 
247 OmyJC19ROGR    (0)    2 :  0.086 0.092 0.122 0.051 0.068 0.581 
248 OmyJC19ROGR    (0)    2 :  0.078 0.240 0.045 0.075 0.091 0.472 
249 OmyJC19ROGR    (0)    2 :  0.401 0.261 0.031 0.125 0.145 0.036 
250 OmyJC19ROGR    (0)    2 :  0.115 0.250 0.073 0.149 0.352 0.060 
251 OmyJC19ROGR    (0)    2 :  0.460 0.171 0.040 0.190 0.110 0.029 
252 OmyJC19ROGR    (0)    2 :  0.063 0.074 0.728 0.053 0.059 0.024 
253 OmyJC19ROGR    (0)    2 :  0.052 0.416 0.044 0.164 0.267 0.057 
254 OmyJC19ROGR    (0)    2 :  0.152 0.124 0.379 0.188 0.104 0.053 
255 OmyJC19ROGR    (0)    2 :  0.287 0.185 0.344 0.084 0.078 0.022 
256 OmyJC19ROGR    (0)    2 :  0.215 0.076 0.236 0.123 0.082 0.268 
257 OmyJC19ROGR    (0)    2 :  0.447 0.347 0.032 0.056 0.072 0.047 
258 OmyAC19ROGR    (0)    1 :  0.188 0.194 0.111 0.226 0.149 0.132 
259 OmyAC19ROGR    (1)    1 :  0.124 0.120 0.052 0.200 0.153 0.351 
260 OmyAC19ROGR    (0)    1 :  0.091 0.168 0.039 0.515 0.171 0.017 
261 OmyAC19ROGR    (0)    1 :  0.130 0.498 0.030 0.135 0.173 0.035 
262 OmyAC19ROGR    (0)    1 :  0.080 0.297 0.085 0.328 0.129 0.081 
263 OmyAC19ROGR    (0)    1 :  0.165 0.134 0.424 0.090 0.146 0.041 
264 OmyAC19ROGR    (0)    1 :  0.418 0.191 0.052 0.155 0.142 0.042 
265 OmyAC19ROGR    (0)    1 :  0.224 0.134 0.188 0.337 0.088 0.029 
266 OmyAC19ROGR    (0)    1 :  0.638 0.150 0.035 0.062 0.098 0.017 
267 OmyAC19ROGR    (0)    1 :  0.136 0.398 0.057 0.214 0.106 0.089 
268 OmyAC19ROGR    (1)    1 :  0.096 0.166 0.311 0.089 0.203 0.135 
269 OmyAC19ROGR    (1)    1 :  0.120 0.404 0.036 0.136 0.208 0.097 
270 OmyAC19ROGR    (0)    1 :  0.321 0.163 0.317 0.053 0.127 0.020 
271 OmyAC19ROGR    (0)    1 :  0.044 0.326 0.048 0.130 0.266 0.186 
272 OmyAC19ROGR    (0)    1 :  0.492 0.133 0.032 0.156 0.065 0.121 
273 OmyAC19ROGR    (0)    1 :  0.112 0.446 0.072 0.200 0.134 0.035 
274 OmyAC19ROGR    (0)    1 :  0.064 0.079 0.035 0.038 0.040 0.744 
275 OmyAC19ROGR    (0)    1 :  0.073 0.092 0.248 0.218 0.297 0.073 
276 OmyAC19ROGR    (0)    1 :  0.171 0.184 0.059 0.413 0.135 0.038 
277 OmyAC19ROGR    (0)    1 :  0.134 0.296 0.024 0.320 0.173 0.053 
278 OmyAC19ROGR    (0)    1 :  0.191 0.123 0.036 0.099 0.268 0.284 
279 OmyAC19ROGR    (0)    1 :  0.055 0.080 0.035 0.241 0.424 0.165 
280 OmyAC19ROGR    (0)    1 :  0.158 0.275 0.259 0.148 0.074 0.087 
281 OmyAC19ROGR    (0)    1 :  0.085 0.276 0.062 0.183 0.349 0.045 
282 OmyAC19ROGR    (0)    1 :  0.121 0.330 0.070 0.262 0.092 0.126 
283 OmyAC19ROGR    (0)    1 :  0.250 0.218 0.044 0.283 0.174 0.031 
284 OmyAC19ROGR    (0)    1 :  0.510 0.095 0.099 0.122 0.156 0.019 
285 OmyAC19ROGR    (0)    1 :  0.199 0.175 0.235 0.240 0.110 0.040 
286 OmyAC19ROGR    (0)    1 :  0.341 0.112 0.185 0.139 0.205 0.019 
287 OmyAC19ROGR    (0)    1 :  0.007 0.010 0.008 0.011 0.011 0.952 
288 OmyAC19ROGR    (0)    1 :  0.038 0.041 0.031 0.062 0.087 0.741 
289 OmyAC19ROGR    (0)    1 :  0.098 0.210 0.064 0.167 0.371 0.091 
290 OmyAC19ROGR    (1)    1 :  0.015 0.011 0.018 0.013 0.013 0.930 
291 OmyAC19ROGR    (0)    1 :  0.163 0.103 0.096 0.115 0.140 0.385 
292 OmyAC19ROGR    (1)    1 :  0.288 0.211 0.048 0.116 0.184 0.153 
293 OmyAC19ROGR    (0)    1 :  0.069 0.085 0.609 0.070 0.138 0.029 
294 OmyAC19ROGR    (0)    1 :  0.099 0.132 0.041 0.193 0.226 0.310 
295 OmyAC19ROGR    (0)    1 :  0.176 0.325 0.097 0.303 0.072 0.027 
296 OmyAC19ROGR    (0)    1 :  0.157 0.098 0.104 0.288 0.323 0.030 
297 OmyAC19ROGR    (0)    1 :  0.081 0.073 0.020 0.055 0.049 0.721 
298 OmyAC19ROGR    (0)    1 :  0.187 0.066 0.046 0.403 0.280 0.019 
299 OmyAC19ROGR    (0)    1 :  0.068 0.135 0.232 0.167 0.174 0.223 
300 OmyAC19ROGR    (0)    1 :  0.114 0.294 0.071 0.243 0.256 0.022 
301 OmyAC19ROGR    (0)    1 :  0.034 0.033 0.012 0.027 0.033 0.861 
302 OmyAC19ROGR    (0)    1 :  0.136 0.085 0.046 0.139 0.165 0.429 
303 OmyAC19ROGR    (0)    1 :  0.164 0.324 0.042 0.210 0.181 0.080 
304 OmyAC19ROGR    (0)    1 :  0.077 0.090 0.069 0.348 0.322 0.094 
305 OmyAC19ROGR    (0)    1 :  0.072 0.142 0.051 0.190 0.523 0.021 
306 OmyAC19ROGR    (0)    1 :  0.184 0.082 0.016 0.067 0.039 0.612 
307 OmyAC19ROGR    (1)    1 :  0.186 0.241 0.178 0.178 0.195 0.022 
308 OmyAC19ROGR    (0)    1 :  0.289 0.202 0.030 0.310 0.105 0.065 
309 OmyAC19ROGR    (1)    1 :  0.045 0.029 0.021 0.021 0.036 0.849 
310 OmyAC19ROGR    (0)    1 :  0.148 0.218 0.052 0.168 0.078 0.337 
311 OmyAC19ROGR    (0)    1 :  0.073 0.097 0.041 0.215 0.125 0.448 
312 OmyAC19ROGR    (0)    1 :  0.101 0.175 0.417 0.088 0.189 0.029 
313 OmyAC19ROGR    (0)    1 :  0.226 0.131 0.079 0.299 0.251 0.014 
314 OmyAC19ROGR    (0)    1 :  0.078 0.086 0.555 0.130 0.114 0.037 
315 OmyAC19ROGR    (0)    1 :  0.266 0.327 0.055 0.112 0.197 0.042 
316 OmyAC19ROGR    (0)    1 :  0.227 0.269 0.038 0.374 0.069 0.023 
317 OmyAC19ROGR    (0)    1 :  0.037 0.328 0.268 0.075 0.259 0.033 
318 OmyAC19ROGR    (0)    1 :  0.174 0.179 0.346 0.157 0.120 0.024 
319 OmyAC19ROGR    (1)    1 :  0.225 0.230 0.066 0.179 0.285 0.015 
320 OmyAC19ROGR    (0)    1 :  0.394 0.061 0.044 0.097 0.395 0.009 
321 OmyAC19ROGR    (0)    1 :  0.259 0.169 0.046 0.153 0.350 0.023 
322 OmyAC19ROGR    (0)    1 :  0.161 0.164 0.051 0.113 0.106 0.405 
323 OmyAC19ROGR    (0)    1 :  0.448 0.128 0.023 0.133 0.248 0.020 
324 OmyAC19ROGR    (0)    1 :  0.713 0.060 0.059 0.113 0.034 0.021 
325 OmyAC19ROGR    (0)    1 :  0.117 0.293 0.026 0.209 0.134 0.221 
326 OmyAC19ROGR    (0)    1 :  0.394 0.187 0.037 0.133 0.211 0.039 
327 OmyAC19ROGR    (0)    1 :  0.523 0.053 0.092 0.232 0.073 0.028 
328 OmyAC20ROGR    (1)    1 :  0.107 0.106 0.141 0.405 0.211 0.029 
329 OmyAC20ROGR    (0)    1 :  0.128 0.093 0.194 0.348 0.171 0.066 
330 OmyAC20ROGR    (0)    1 :  0.328 0.175 0.136 0.103 0.199 0.059 
331 OmyAC20ROGR    (0)    1 :  0.169 0.136 0.085 0.056 0.325 0.229 
332 OmyAC20ROGR    (0)    1 :  0.235 0.208 0.160 0.137 0.084 0.177 
333 OmyAC20ROGR    (0)    1 :  0.155 0.128 0.277 0.091 0.079 0.270 
334 OmyAC20ROGR    (0)    1 :  0.094 0.122 0.400 0.259 0.108 0.017 
335 OmyAC20ROGR    (0)    1 :  0.199 0.230 0.123 0.242 0.175 0.031 
336 OmyAC20ROGR    (0)    1 :  0.068 0.262 0.056 0.407 0.136 0.073 
337 OmyAC20ROGR    (0)    1 :  0.101 0.172 0.045 0.136 0.158 0.387 
338 OmyAC20ROGR    (0)    1 :  0.103 0.248 0.181 0.254 0.108 0.105 
339 OmyAC20ROGR    (0)    1 :  0.274 0.283 0.061 0.215 0.091 0.077 
340 OmyAC20ROGR    (0)    1 :  0.055 0.067 0.748 0.046 0.047 0.037 
341 OmyAC20ROGR    (0)    1 :  0.065 0.054 0.640 0.097 0.071 0.073 
342 OmyAC20ROGR    (0)    1 :  0.177 0.070 0.243 0.206 0.152 0.152 
343 OmyAC20ROGR    (0)    1 :  0.249 0.247 0.178 0.190 0.093 0.044 
344 OmyAC20ROGR    (0)    1 :  0.333 0.115 0.229 0.152 0.041 0.131 
345 OmyAC20ROGR    (1)    1 :  0.142 0.425 0.027 0.222 0.071 0.113 
346 OmyAC20ROGR    (0)    1 :  0.352 0.210 0.082 0.099 0.121 0.136 
347 OmyAC20ROGR    (0)    1 :  0.218 0.278 0.048 0.104 0.147 0.205 
348 OmyAC20ROGR    (0)    1 :  0.088 0.058 0.589 0.060 0.051 0.154 
349 OmyAC20ROGR    (0)    1 :  0.240 0.252 0.198 0.230 0.042 0.039 
350 OmyAC20ROGR    (0)    1 :  0.060 0.104 0.030 0.153 0.596 0.058 
351 OmyAC20ROGR    (0)    1 :  0.225 0.120 0.185 0.308 0.092 0.070 
352 OmyAC20ROGR    (0)    1 :  0.148 0.150 0.081 0.309 0.271 0.041 
353 OmyAC20ROGR    (0)    1 :  0.276 0.219 0.054 0.251 0.177 0.023 
354 OmyAC20ROGR    (0)    1 :  0.060 0.209 0.257 0.156 0.108 0.211 
355 OmyAC20ROGR    (0)    1 :  0.046 0.213 0.250 0.077 0.371 0.043 
356 OmyAC20ROGR    (0)    1 :  0.145 0.096 0.121 0.522 0.090 0.027 
357 OmyAC20ROGR    (0)    1 :  0.212 0.082 0.038 0.122 0.472 0.075 
358 OmyAC20ROGR    (0)    1 :  0.216 0.100 0.066 0.122 0.461 0.035 
359 OmyAC20ROGR    (0)    1 :  0.036 0.056 0.013 0.477 0.246 0.172 
360 OmyAC20ROGR    (0)    1 :  0.189 0.120 0.083 0.184 0.232 0.191 
361 OmyAC20ROGR    (0)    1 :  0.404 0.054 0.033 0.193 0.288 0.029 
362 OmyAC20ROGR    (0)    1 :  0.100 0.387 0.026 0.123 0.334 0.029 
363 OmyAC20ROGR    (0)    1 :  0.157 0.175 0.251 0.152 0.162 0.103 
364 OmyAC20ROGR    (1)    1 :  0.064 0.157 0.317 0.281 0.150 0.032 
365 OmyAC20ROGR    (0)    1 :  0.301 0.128 0.060 0.403 0.094 0.014 
366 OmyAC20ROGR    (0)    1 :  0.400 0.269 0.169 0.062 0.076 0.024 
367 OmyAC20ROGR    (0)    1 :  0.458 0.208 0.045 0.125 0.105 0.059 
368 OmyAC20ROGR    (1)    1 :  0.067 0.175 0.037 0.458 0.193 0.071 
369 OmyAC20ROGR    (0)    1 :  0.067 0.226 0.153 0.087 0.217 0.251 
370 OmyAC20ROGR    (0)    1 :  0.061 0.061 0.063 0.100 0.036 0.678 
371 OmyAC20ROGR    (0)    1 :  0.027 0.041 0.026 0.034 0.054 0.819 
372 OmyAC20ROGR    (2)    1 :  0.024 0.024 0.013 0.017 0.022 0.900 
373 OmyAC20ROGR    (0)    1 :  0.226 0.136 0.037 0.088 0.102 0.411 
374 OmyAC20ROGR    (0)    1 :  0.286 0.213 0.118 0.228 0.136 0.018 
375 OmyAC20ROGR    (0)    1 :  0.189 0.302 0.039 0.166 0.240 0.064 
376 OmyAC20ROGR    (0)    1 :  0.046 0.168 0.042 0.116 0.160 0.467 
377 OmyAC20ROGR    (0)    1 :  0.324 0.127 0.304 0.097 0.134 0.015 
378 OmyAC20ROGR    (0)    1 :  0.065 0.320 0.120 0.264 0.217 0.014 
379 OmyAC20ROGR    (0)    1 :  0.081 0.181 0.089 0.120 0.141 0.388 
380 OmyAC20ROGR    (1)    1 :  0.485 0.264 0.039 0.080 0.116 0.016 
381 OmyAC20ROGR    (0)    1 :  0.296 0.189 0.030 0.230 0.167 0.088 
382 OmyAC20ROGR    (0)    1 :  0.027 0.041 0.011 0.040 0.040 0.841 
383 OmyAC20ROGR    (0)    1 :  0.184 0.470 0.017 0.125 0.116 0.089 
384 OmyAC20ROGR    (0)    1 :  0.075 0.269 0.149 0.090 0.124 0.294 
385 OmyAC20ROGR    (0)    1 :  0.154 0.154 0.020 0.222 0.246 0.204 
386 OmyAC20ROGR    (0)    1 :  0.247 0.317 0.057 0.190 0.093 0.095 
387 OmyAC20ROGR    (0)    1 :  0.221 0.077 0.035 0.181 0.140 0.347 
388 OmyAC20ROGR    (0)    1 :  0.129 0.121 0.213 0.178 0.134 0.226 
389 OmyAC20ROGR    (0)    1 :  0.177 0.079 0.037 0.332 0.356 0.020 
390 OmyAC20ROGR    (0)    1 :  0.218 0.211 0.081 0.269 0.202 0.019 
391 OmyAC20ROGR    (0)    1 :  0.070 0.058 0.179 0.090 0.215 0.387 
392 OmyAC20ROGR    (0)    1 :  0.135 0.152 0.135 0.179 0.161 0.237 
393 OmyAC20ROGR    (0)    1 :  0.196 0.243 0.135 0.154 0.230 0.043 
394 OmyAC20ROGR    (1)    1 :  0.101 0.212 0.033 0.257 0.346 0.051 
395 OmyAC20ROGR    (0)    1 :  0.207 0.269 0.157 0.164 0.156 0.047 
396 OmyAC20ROGR    (0)    1 :  0.189 0.084 0.045 0.204 0.448 0.029 
397 OmyAC20ROGR    (0)    1 :  0.221 0.189 0.037 0.146 0.172 0.235 
398 OmyAC20ROGR    (0)    1 :  0.064 0.043 0.088 0.045 0.047 0.714 
399 OmyAC20ROGR    (0)    1 :  0.165 0.306 0.100 0.167 0.104 0.158 
400 OmyAC20ROGR    (0)    1 :  0.216 0.225 0.079 0.255 0.131 0.095 
401 OmyAC20ROGR    (1)    1 :  0.026 0.032 0.057 0.026 0.028 0.831 
402 OmyAC20ROGR    (0)    1 :  0.127 0.170 0.434 0.135 0.116 0.018 
403 OmyAC20ROGR    (0)    1 :  0.046 0.175 0.187 0.285 0.207 0.100 
404 OmyAC20ROGR    (0)    1 :  0.160 0.316 0.164 0.114 0.227 0.019 
405 OmyAC20ROGR    (0)    1 :  0.172 0.193 0.025 0.141 0.149 0.319 
406 OmyAC20ROGR    (0)    1 :  0.136 0.204 0.144 0.164 0.286 0.066 
407 OmyAC20ROGR    (0)    1 :  0.477 0.189 0.020 0.199 0.079 0.036 
408 OmyAC20ROGR    (0)    1 :  0.150 0.241 0.208 0.151 0.185 0.066 
409 OmyAC20ROGR    (0)    1 :  0.392 0.094 0.022 0.276 0.173 0.044 
410 OmyAC20ROGR    (0)    1 :  0.024 0.017 0.009 0.029 0.019 0.902 
411 OmyAC20ROGR    (0)    1 :  0.057 0.140 0.036 0.095 0.110 0.561 
412 OmyAC20ROGR    (0)    1 :  0.177 0.112 0.304 0.117 0.177 0.113 
413 OmyAC20ROGR    (0)    1 :  0.333 0.128 0.022 0.359 0.123 0.035 
414 OmyAC20ROGR    (0)    1 :  0.087 0.160 0.171 0.158 0.116 0.308 
415 OmyAC20ROGR    (0)    1 :  0.128 0.308 0.105 0.331 0.110 0.018 
416 OmyAC20ROGR    (0)    1 :  0.233 0.260 0.137 0.139 0.178 0.053 
417 OmyAC20ROGR    (0)    1 :  0.213 0.075 0.104 0.321 0.268 0.020 
418 OmyAC20ROGR    (0)    1 :  0.229 0.108 0.054 0.435 0.089 0.086 
419 OmyAC20ROGR    (0)    1 :  0.170 0.054 0.035 0.115 0.247 0.380 
420 OmyAC20ROGR    (0)    1 :  0.211 0.147 0.142 0.103 0.375 0.022 
421 OmyAC20ROGR    (0)    1 :  0.143 0.246 0.112 0.094 0.332 0.073 
422 OmyAC20ROGR    (0)    1 :  0.021 0.021 0.025 0.030 0.024 0.879 
423 OmyAC20ROGR    (0)    1 :  0.669 0.073 0.018 0.077 0.140 0.023 
424 OmyAC20ROGR    (0)    1 :  0.137 0.376 0.029 0.190 0.248 0.021 
425 OmyAC20ROGR    (0)    1 :  0.014 0.036 0.066 0.026 0.023 0.835 
426 OmyAC20ROGR    (0)    1 :  0.144 0.496 0.027 0.102 0.171 0.060 
427 OmyAC20ROGR    (0)    1 :  0.347 0.140 0.054 0.171 0.139 0.149 
428 OmyAC20ROGR    (0)    1 :  0.018 0.016 0.020 0.026 0.014 0.907 
429 OmyAC20ROGR    (0)    1 :  0.174 0.067 0.046 0.269 0.421 0.023 
430 OmyAC20ROGR    (0)    1 :  0.257 0.209 0.023 0.236 0.197 0.078 
431 OmyAC20ROGR    (0)    1 :  0.097 0.194 0.067 0.137 0.069 0.436 
432 OmyAC20ROGR    (0)    1 :  0.030 0.037 0.035 0.036 0.029 0.832 
433 OmyAC20ROGR    (0)    1 :  0.017 0.022 0.031 0.019 0.026 0.885 
434 OmyAC20ROGR    (0)    1 :  0.070 0.253 0.018 0.309 0.187 0.162 
435 OmyAC20ROGR    (0)    1 :  0.182 0.507 0.054 0.186 0.060 0.012 
436 OmyAC20ROGR    (0)    1 :  0.461 0.161 0.017 0.172 0.161 0.028 
437 OmyAC20ROGR    (0)    1 :  0.061 0.041 0.026 0.088 0.168 0.615 
438 OmyAC20ROGR    (0)    1 :  0.052 0.221 0.051 0.149 0.300 0.227 
439 OmyAC20ROGR    (0)    1 :  0.169 0.512 0.042 0.164 0.080 0.033 
440 OmyAC20ROGR    (0)    1 :  0.093 0.052 0.041 0.050 0.036 0.727 
441 OmyAC20ROGR    (0)    1 :  0.242 0.141 0.091 0.202 0.303 0.022 
442 OmyAC20ROGR    (0)    1 :  0.178 0.255 0.050 0.229 0.247 0.041 
443 OmyAC20ROGR    (0)    1 :  0.030 0.160 0.419 0.169 0.207 0.015 
444 OmyAC20ROGR    (0)    1 :  0.294 0.220 0.027 0.174 0.208 0.078 
445 OmyAC20ROGR    (0)    1 :  0.127 0.294 0.029 0.202 0.283 0.065 
446 OmyJC18ROGR    (0)    2 :  0.198 0.078 0.488 0.096 0.098 0.041 
447 OmyJC18ROGR    (0)    2 :  0.181 0.463 0.057 0.093 0.170 0.036 
448 OmyJC18ROGR    (0)    2 :  0.562 0.170 0.021 0.123 0.069 0.056 
449 OmyJC18ROGR    (0)    2 :  0.060 0.065 0.059 0.069 0.090 0.656 
450 OmyJC18ROGR    (0)    2 :  0.054 0.070 0.053 0.131 0.049 0.642 
451 OmyJC18ROGR    (0)    2 :  0.024 0.039 0.017 0.039 0.036 0.846 
452 OmyJC18ROGR    (0)    2 :  0.267 0.164 0.169 0.088 0.073 0.239 
453 OmyJC18ROGR    (0)    2 :  0.078 0.134 0.431 0.167 0.167 0.023 
454 OmyJC18ROGR    (0)    2 :  0.025 0.033 0.019 0.036 0.031 0.856 
455 OmyJC18ROGR    (0)    2 :  0.195 0.204 0.041 0.149 0.387 0.025 
456 OmyJC18ROGR    (0)    2 :  0.033 0.029 0.012 0.057 0.025 0.844 
457 OmyJC18ROGR    (0)    2 :  0.200 0.365 0.028 0.096 0.270 0.041 
458 OmyJC18ROGR    (0)    2 :  0.166 0.095 0.336 0.165 0.107 0.131 
459 OmyJC18ROGR    (0)    2 :  0.082 0.198 0.165 0.397 0.143 0.015 
460 OmyJC18ROGR    (2)    2 :  0.084 0.145 0.054 0.304 0.085 0.329 
461 OmyJC18ROGR    (1)    2 :  0.130 0.169 0.120 0.185 0.135 0.261 
462 OmyJC18ROGR    (3)    2 :  0.069 0.187 0.079 0.219 0.117 0.328 
463 OmyJC18ROGR    (1)    2 :  0.063 0.068 0.068 0.057 0.085 0.659 
464 OmyJC18ROGR    (3)    2 :  0.799 0.061 0.018 0.053 0.051 0.018 
465 OmyJC18ROGR    (3)    2 :  0.193 0.213 0.037 0.170 0.347 0.040 
466 OmyJC18ROGR    (0)    2 :  0.123 0.328 0.044 0.273 0.110 0.121 
467 OmyJC18ROGR    (1)    2 :  0.101 0.159 0.042 0.405 0.261 0.031 
468 OmyJC18ROGR    (0)    2 :  0.042 0.126 0.027 0.150 0.622 0.033 
469 OmyJC18ROGR    (0)    2 :  0.043 0.061 0.026 0.070 0.057 0.743 
470 OmyJC18ROGR    (3)    2 :  0.086 0.079 0.048 0.081 0.282 0.425 
471 OmyJC18ROGR    (1)    2 :  0.192 0.194 0.101 0.209 0.090 0.214 
472 OmyJC18ROGR    (1)    2 :  0.367 0.327 0.037 0.112 0.104 0.053 
473 OmyJC18ROGR    (2)    2 :  0.516 0.187 0.053 0.112 0.108 0.026 
474 OmyJC18ROGR    (0)    2 :  0.134 0.115 0.498 0.097 0.122 0.034 
475 OmyJC18ROGR    (1)    2 :  0.034 0.039 0.216 0.039 0.045 0.627 
476 OmyJC18ROGR    (2)    2 :  0.208 0.245 0.243 0.207 0.083 0.014 
477 OmyJC18ROGR    (3)    2 :  0.088 0.210 0.063 0.455 0.104 0.080 
478 OmyJC18ROGR    (0)    2 :  0.148 0.400 0.240 0.084 0.086 0.042 
479 OmyJC18ROGR    (0)    2 :  0.670 0.077 0.045 0.103 0.092 0.013 
480 OmyJC18ROGR    (0)    2 :  0.340 0.217 0.052 0.180 0.100 0.111 
481 OmyJC18ROGR    (2)    2 :  0.176 0.234 0.170 0.079 0.174 0.167 
482 OmyJC18ROGR    (3)    2 :  0.097 0.116 0.050 0.480 0.244 0.013 
483 OmyJC18ROGR    (3)    2 :  0.138 0.235 0.025 0.249 0.319 0.035 
484 OmyJC18ROGR    (3)    2 :  0.090 0.214 0.087 0.374 0.205 0.029 
485 OmyJC18ROGR    (2)    2 :  0.107 0.069 0.037 0.061 0.125 0.601 
486 OmyJC18ROGR    (2)    2 :  0.078 0.170 0.051 0.151 0.176 0.374 
487 OmyJC18ROGR    (1)    2 :  0.082 0.417 0.145 0.207 0.086 0.062 
488 OmyJC18ROGR    (3)    2 :  0.152 0.333 0.049 0.238 0.187 0.041 
489 OmyJC18ROGR    (0)    2 :  0.119 0.439 0.051 0.190 0.179 0.022 
490 OmyJC18ROGR    (2)    2 :  0.199 0.115 0.062 0.453 0.118 0.053 
491 OmyJC18ROGR    (4)    2 :  0.075 0.093 0.555 0.066 0.103 0.108 
492 OmyJC18ROGR    (4)    2 :  0.040 0.069 0.743 0.073 0.055 0.020 
493 OmyJC18ROGR    (3)    2 :  0.133 0.273 0.036 0.139 0.339 0.080 
494 OmyJC18ROGR    (3)    2 :  0.037 0.026 0.016 0.040 0.017 0.864 
495 OmyJC18ROGR    (3)    2 :  0.196 0.121 0.342 0.090 0.101 0.149 
496 OmyJC18ROGR    (0)    2 :  0.069 0.168 0.222 0.223 0.265 0.053 
497 OmyJC18ROGR    (5)    2 :  0.193 0.128 0.126 0.335 0.153 0.065 
498 OmyJC18ROGR    (3)    2 :  0.118 0.390 0.078 0.200 0.082 0.132 
499 OmyJC18ROGR    (1)    2 :  0.136 0.248 0.101 0.289 0.187 0.038 
500 OmyJC18ROGR    (1)    2 :  0.195 0.174 0.070 0.239 0.302 0.019 
501 OmyJC18ROGR    (3)    2 :  0.140 0.190 0.055 0.093 0.116 0.407 
502 OmyJC18ROGR    (1)    2 :  0.148 0.027 0.029 0.310 0.328 0.157 
503 OmyJC18ROGR    (4)    2 :  0.536 0.151 0.023 0.100 0.151 0.039 
504 OmyJC18ROGR    (1)    2 :  0.057 0.074 0.032 0.209 0.376 0.252 
505 OmyJC18ROGR    (0)    2 :  0.103 0.122 0.220 0.217 0.127 0.211 
506 OmyJC18ROGR    (6)    2 :  0.077 0.359 0.157 0.097 0.268 0.042 
507 OmyJC18ROGR    (0)    2 :  0.114 0.233 0.053 0.163 0.343 0.092 
508 OmyJC18ROGR    (0)    2 :  0.142 0.077 0.042 0.237 0.443 0.059 
509 OmyJC18ROGR    (2)    2 :  0.024 0.029 0.029 0.029 0.032 0.857 
510 OmyJC18ROGR    (1)    2 :  0.100 0.158 0.097 0.325 0.301 0.020 
511 OmyJC18ROGR    (3)    2 :  0.072 0.050 0.669 0.046 0.057 0.106 
512 OmyJC18ROGR    (2)    2 :  0.048 0.051 0.018 0.046 0.095 0.743 
513 OmyJC18ROGR    (7)    2 :  0.050 0.248 0.280 0.079 0.212 0.131 
514 OmyJC18ROGR    (3)    2 :  0.082 0.046 0.191 0.060 0.051 0.570 
515 OmyJC18ROGR    (0)    2 :  0.234 0.213 0.066 0.205 0.229 0.052 
516 OmyJC18ROGR    (2)    2 :  0.316 0.195 0.083 0.108 0.145 0.154 
517 OmyJC18ROGR    (2)    2 :  0.093 0.241 0.226 0.103 0.100 0.236 
518 OmyJC18ROGR    (0)    2 :  0.183 0.111 0.074 0.226 0.376 0.030 
519 OmyJC18ROGR    (7)    2 :  0.137 0.080 0.659 0.043 0.034 0.048 
520 OmyJC18ROGR    (4)    2 :  0.109 0.264 0.273 0.126 0.081 0.147 
521 OmyJC18ROGR    (1)    2 :  0.193 0.252 0.182 0.103 0.125 0.144 
522 OmyJC18ROGR    (1)    2 :  0.131 0.438 0.025 0.165 0.172 0.070 
523 OmyJC18ROGR    (3)    2 :  0.123 0.105 0.068 0.367 0.305 0.033 
524 OmyJC18ROGR    (1)    2 :  0.144 0.241 0.037 0.202 0.345 0.031 
525 OmyJC18ROGR    (2)    2 :  0.069 0.087 0.247 0.348 0.133 0.117 
526 OmyJC18ROGR    (1)    2 :  0.167 0.072 0.212 0.277 0.219 0.053 
527 OmyJC18ROGR    (0)    2 :  0.239 0.199 0.185 0.224 0.130 0.024 
528 OmyJC18ROGR    (0)    2 :  0.332 0.136 0.054 0.245 0.210 0.023 
529 OmyJC18ROGR    (1)    2 :  0.462 0.257 0.044 0.087 0.128 0.022 
530 OmyJC18ROGR    (0)    2 :  0.175 0.113 0.026 0.398 0.267 0.021 
531 OmyJC18ROGR    (0)    2 :  0.689 0.116 0.023 0.050 0.099 0.024 
532 OmyJC18ROGR    (1)    2 :  0.221 0.302 0.051 0.238 0.171 0.017 
533 OmyJC18ROGR    (2)    2 :  0.411 0.282 0.086 0.111 0.097 0.014 
534 OmyJC18ROGR    (2)    2 :  0.264 0.257 0.044 0.141 0.249 0.045 
535 OmyJC18ROGR    (0)    2 :  0.318 0.114 0.270 0.206 0.059 0.033 
536 OmyJC18ROGR    (0)    2 :  0.103 0.076 0.703 0.043 0.045 0.030 
537 OmyJC18ROGR    (0)    2 :  0.188 0.271 0.218 0.109 0.192 0.023 
538 OmyJC18ROGR    (0)    2 :  0.598 0.196 0.023 0.059 0.090 0.033 
539 OmyJC18ROGR    (1)    2 :  0.185 0.099 0.074 0.377 0.221 0.044 
540 OmyJC18ROGR    (6)    2 :  0.059 0.624 0.051 0.100 0.138 0.027 
541 OmyJC18ROGR    (1)    2 :  0.456 0.156 0.104 0.126 0.117 0.041 
542 OmyJC18ROGR    (1)    2 :  0.433 0.073 0.069 0.152 0.154 0.119 
543 OmyJC18ROGR    (0)    2 :  0.130 0.265 0.036 0.132 0.270 0.166 
544 OmyJC18ROGR    (2)    2 :  0.375 0.195 0.119 0.198 0.083 0.029 
545 OmyJC18ROGR    (1)    2 :  0.049 0.063 0.018 0.114 0.202 0.553 
546 OmyJC18ROGR    (6)    2 :  0.680 0.050 0.038 0.098 0.121 0.013 
547 OmyJC18ROGR    (0)    2 :  0.187 0.328 0.018 0.157 0.230 0.079 
548 OmyJC18ROGR    (1)    2 :  0.079 0.452 0.095 0.101 0.177 0.096 
549 OmyJC18ROGR    (0)    2 :  0.621 0.127 0.025 0.113 0.090 0.024 
550 OmyJC18ROGR    (1)    2 :  0.032 0.074 0.043 0.042 0.038 0.771 
