

----------------------------------------------------
STRUCTURE by Pritchard, Stephens and Donnelly (2000)
     and Falush, Stephens and Pritchard (2003)
       Code by Pritchard, Falush and Hubisz
             Version 2.3.4 (Jul 2012)
----------------------------------------------------



Command line arguments:   bin/structure -m "/Users/ddayan/FRA/premature_migration/Rogue_Half-Pounder/half-pounder/structure/halfpounder_2021/10k_20k_adm_corr/mainparams" -e "/Users/ddayan/FRA/premature_migration/Rogue_Half-Pounder/half-pounder/structure/halfpounder_2021/10k_20k_adm_corr/extraparams" 
Input File:    /Users/ddayan/FRA/premature_migration/Rogue_Half-Pounder/half-pounder/structure/halfpounder_2021/project_data

Run parameters:
   1000 individuals
   328 loci
   3 populations assumed
   10000 Burn-in period
   20000 Reps


--------------------------------------------
Proportion of membership of each pre-defined
 population in each of the 3 clusters

Given    Inferred Clusters       Number of
 Pop       1      2      3      Individuals

  1:     0.323  0.372  0.305      275
  2:     0.339  0.371  0.289      643
  3:     0.764  0.124  0.112       42
  4:     0.249  0.601  0.150       40
--------------------------------------------

Allele-freq. divergence among pops (Net nucleotide distance),
computed using point estimates of P.

      1       2       3      
 1      -    0.0030  0.0105  
 2   0.0030     -    0.0087  
 3   0.0105  0.0087     -    

Average distances (expected heterozygosity) between individuals in same cluster:
cluster  1  : 0.2899 
cluster  2  : 0.2953 
cluster  3  : 0.2634 

--------------------------------------------
Estimated Ln Prob of Data   = -285170.6
Mean value of ln likelihood = -284319.1
Variance of ln likelihood   = 1703.0
Mean value of alpha         = 0.5441

Mean value of Fst_1         = 0.0237
Mean value of Fst_2         = 0.0053
Mean value of Fst_3         = 0.0749


Inferred ancestry of individuals:
        Label (%Miss) Pop:  Inferred clusters
  1 OmyAC19ROGR    (0)    1 :  0.474 0.478 0.048 
  2 OmyAC19ROGR    (0)    1 :  0.593 0.194 0.213 
  3 OmyAC19ROGR    (0)    1 :  0.568 0.239 0.192 
  4 OmyAC19ROGR    (0)    1 :  0.405 0.522 0.072 
  5 OmyAC19ROGR    (1)    1 :  0.027 0.037 0.936 
  6 OmyAC19ROGR    (0)    1 :  0.208 0.438 0.354 
  7 OmyAC19ROGR    (0)    1 :  0.298 0.347 0.354 
  8 OmyAC19ROGR    (0)    1 :  0.520 0.423 0.057 
  9 OmyAC19ROGR    (0)    1 :  0.389 0.208 0.403 
 10 OmyAC19ROGR    (0)    1 :  0.297 0.152 0.551 
 11 OmyAC19ROGR    (0)    1 :  0.314 0.523 0.163 
 12 OmyAC19ROGR    (0)    1 :  0.171 0.587 0.243 
 13 OmyAC19ROGR    (0)    1 :  0.404 0.498 0.099 
 14 OmyAC19ROGR    (0)    1 :  0.070 0.373 0.558 
 15 OmyAC19ROGR    (0)    1 :  0.092 0.385 0.522 
 16 OmyAC19ROGR    (0)    1 :  0.367 0.403 0.229 
 17 OmyAC19ROGR    (0)    1 :  0.074 0.735 0.191 
 18 OmyAC19ROGR    (2)    1 :  0.679 0.245 0.077 
 19 OmyAC19ROGR    (1)    1 :  0.425 0.411 0.163 
 20 OmyAC19ROGR    (0)    1 :  0.138 0.494 0.368 
 21 OmyAC19ROGR    (1)    1 :  0.315 0.269 0.416 
 22 OmyAC19ROGR    (0)    1 :  0.634 0.187 0.179 
 23 OmyAC19ROGR    (0)    1 :  0.308 0.235 0.458 
 24 OmyAC19ROGR    (0)    1 :  0.837 0.114 0.049 
 25 OmyAC19ROGR    (0)    1 :  0.234 0.399 0.367 
 26 OmyAC19ROGR    (0)    1 :  0.537 0.213 0.251 
 27 OmyAC19ROGR    (1)    1 :  0.160 0.692 0.148 
 28 OmyAC19ROGR    (0)    1 :  0.842 0.068 0.090 
 29 OmyAC19ROGR    (0)    1 :  0.400 0.414 0.186 
 30 OmyAC19ROGR    (0)    1 :  0.128 0.112 0.759 
 31 OmyAC19ROGR    (0)    1 :  0.400 0.458 0.141 
 32 OmyAC19ROGR    (0)    1 :  0.474 0.230 0.296 
 33 OmyAC19ROGR    (1)    1 :  0.547 0.240 0.213 
 34 OmyAC19ROGR    (0)    1 :  0.157 0.239 0.604 
 35 OmyAC19ROGR    (0)    1 :  0.621 0.210 0.169 
 36 OmyAC19ROGR    (0)    1 :  0.260 0.403 0.336 
 37 OmyAC19ROGR    (0)    1 :  0.601 0.149 0.250 
 38 OmyAC19ROGR    (0)    1 :  0.368 0.114 0.518 
 39 OmyAC19ROGR    (0)    1 :  0.249 0.489 0.263 
 40 OmyAC19ROGR    (0)    1 :  0.122 0.423 0.455 
 41 OmyAC19ROGR    (1)    1 :  0.223 0.649 0.128 
 42 OmyAC19ROGR    (0)    1 :  0.052 0.099 0.849 
 43 OmyAC19ROGR    (0)    1 :  0.438 0.429 0.133 
 44 OmyAC19ROGR    (6)    1 :  0.428 0.449 0.122 
 45 OmyAC19ROGR    (1)    1 :  0.391 0.163 0.446 
 46 OmyAC19ROGR    (0)    1 :  0.624 0.194 0.182 
 47 OmyAC19ROGR    (0)    1 :  0.696 0.141 0.163 
 48 OmyAC19ROGR    (0)    1 :  0.350 0.527 0.123 
 49 OmyAC19ROGR    (0)    1 :  0.552 0.354 0.093 
 50 OmyAC19ROGR    (0)    1 :  0.129 0.796 0.074 
 51 OmyAC19ROGR    (2)    1 :  0.092 0.125 0.783 
 52 OmyAC19ROGR    (0)    1 :  0.069 0.061 0.869 
 53 OmyAC19ROGR    (1)    1 :  0.784 0.120 0.097 
 54 OmyAC19ROGR    (0)    1 :  0.619 0.208 0.173 
 55 OmyAC19ROGR    (3)    1 :  0.212 0.586 0.202 
 56 OmyAC19ROGR    (0)    1 :  0.660 0.149 0.191 
 57 OmyAC19ROGR    (0)    1 :  0.804 0.139 0.057 
 58 OmyAC19ROGR    (0)    1 :  0.117 0.147 0.736 
 59 OmyAC19ROGR    (0)    1 :  0.726 0.217 0.057 
 60 OmyAC19ROGR    (1)    1 :  0.238 0.476 0.286 
 61 OmyAC19ROGR    (0)    1 :  0.635 0.228 0.138 
 62 OmyAC19ROGR    (0)    1 :  0.361 0.529 0.110 
 63 OmyAC19ROGR    (0)    1 :  0.497 0.160 0.342 
 64 OmyAC19ROGR    (2)    1 :  0.233 0.585 0.183 
 65 OmyAC19ROGR    (0)    1 :  0.348 0.526 0.126 
 66 OmyAC19ROGR    (3)    1 :  0.141 0.386 0.473 
 67 OmyAC19ROGR    (0)    1 :  0.657 0.250 0.093 
 68 OmyAC19ROGR    (1)    1 :  0.611 0.213 0.177 
 69 OmyAC19ROGR    (2)    1 :  0.568 0.087 0.346 
 70 OmyAC19ROGR    (0)    1 :  0.535 0.365 0.100 
 71 OmyAC19ROGR    (0)    1 :  0.439 0.443 0.119 
 72 OmyAC19ROGR    (4)    1 :  0.310 0.610 0.080 
 73 OmyAC19ROGR    (0)    1 :  0.479 0.171 0.350 
 74 OmyAC19ROGR    (0)    1 :  0.093 0.825 0.082 
 75 OmyAC19ROGR    (0)    1 :  0.423 0.312 0.265 
 76 OmyAC19ROGR    (0)    1 :  0.766 0.098 0.136 
 77 OmyAC19ROGR    (1)    1 :  0.036 0.045 0.919 
 78 OmyAC19ROGR    (0)    1 :  0.275 0.594 0.131 
 79 OmyAC19ROGR    (2)    1 :  0.523 0.304 0.173 
 80 OmyAC19ROGR    (1)    1 :  0.124 0.141 0.734 
 81 OmyAC19ROGR    (2)    1 :  0.191 0.252 0.557 
 82 OmyAC19ROGR    (1)    1 :  0.797 0.144 0.058 
 83 OmyAC19ROGR    (0)    1 :  0.627 0.230 0.143 
 84 OmyAC19ROGR    (0)    1 :  0.237 0.399 0.364 
 85 OmyAC19ROGR    (5)    1 :  0.521 0.371 0.108 
 86 OmyAC19ROGR    (0)    1 :  0.089 0.644 0.268 
 87 OmyAC19ROGR    (1)    1 :  0.620 0.241 0.139 
 88 OmyJC19ROGR    (0)    2 :  0.062 0.069 0.869 
 89 OmyJC19ROGR    (0)    2 :  0.273 0.497 0.230 
 90 OmyJC19ROGR    (0)    2 :  0.039 0.053 0.908 
 91 OmyJC19ROGR    (1)    2 :  0.495 0.460 0.044 
 92 OmyJC19ROGR    (0)    2 :  0.712 0.142 0.146 
 93 OmyJC19ROGR    (0)    2 :  0.847 0.102 0.051 
 94 OmyJC19ROGR    (0)    2 :  0.136 0.544 0.320 
 95 OmyJC19ROGR    (0)    2 :  0.176 0.519 0.304 
 96 OmyJC19ROGR    (0)    2 :  0.182 0.627 0.191 
 97 OmyJC19ROGR    (0)    2 :  0.663 0.073 0.263 
 98 OmyJC19ROGR    (0)    2 :  0.337 0.555 0.108 
 99 OmyJC19ROGR    (0)    2 :  0.619 0.190 0.192 
100 OmyJC19ROGR    (1)    2 :  0.311 0.544 0.145 
101 OmyJC19ROGR    (0)    2 :  0.276 0.144 0.580 
102 OmyJC19ROGR    (0)    2 :  0.198 0.586 0.216 
103 OmyJC19ROGR    (0)    2 :  0.439 0.259 0.302 
104 OmyJC19ROGR    (0)    2 :  0.740 0.170 0.089 
105 OmyJC19ROGR    (0)    2 :  0.558 0.166 0.275 
106 OmyJC19ROGR    (0)    2 :  0.059 0.040 0.900 
107 OmyJC19ROGR    (1)    2 :  0.273 0.486 0.241 
108 OmyJC19ROGR    (0)    2 :  0.522 0.324 0.154 
109 OmyJC19ROGR    (0)    2 :  0.107 0.547 0.346 
110 OmyJC19ROGR    (0)    2 :  0.482 0.125 0.393 
111 OmyJC19ROGR    (1)    2 :  0.646 0.146 0.208 
112 OmyJC19ROGR    (2)    2 :  0.161 0.585 0.254 
113 OmyJC19ROGR    (0)    2 :  0.125 0.163 0.712 
114 OmyJC19ROGR    (3)    2 :  0.391 0.459 0.150 
115 OmyJC19ROGR    (1)    2 :  0.669 0.181 0.149 
116 OmyJC19ROGR    (0)    2 :  0.267 0.482 0.252 
117 OmyJC19ROGR    (0)    2 :  0.198 0.458 0.344 
118 OmyJC19ROGR    (0)    2 :  0.496 0.431 0.073 
119 OmyJC19ROGR    (2)    2 :  0.236 0.618 0.146 
120 OmyJC19ROGR    (0)    2 :  0.812 0.141 0.047 
121 OmyJC19ROGR    (0)    2 :  0.194 0.664 0.142 
122 OmyJC19ROGR    (0)    2 :  0.442 0.380 0.178 
123 OmyJC19ROGR    (0)    2 :  0.413 0.516 0.071 
124 OmyJC19ROGR    (0)    2 :  0.196 0.512 0.291 
125 OmyJC19ROGR    (0)    2 :  0.598 0.187 0.215 
126 OmyJC19ROGR    (1)    2 :  0.087 0.164 0.749 
127 OmyJC19ROGR    (0)    2 :  0.171 0.711 0.118 
128 OmyJC19ROGR    (1)    2 :  0.755 0.127 0.119 
129 OmyJC19ROGR    (0)    2 :  0.367 0.202 0.431 
130 OmyJC19ROGR    (2)    2 :  0.101 0.761 0.137 
131 OmyJC19ROGR    (0)    2 :  0.527 0.259 0.214 
132 OmyJC19ROGR    (1)    2 :  0.687 0.193 0.120 
133 OmyJC19ROGR    (0)    2 :  0.439 0.469 0.093 
134 OmyJC19ROGR    (0)    2 :  0.341 0.443 0.216 
135 OmyJC19ROGR    (1)    2 :  0.868 0.065 0.068 
136 OmyJC19ROGR    (3)    2 :  0.393 0.490 0.118 
137 OmyJC19ROGR    (0)    2 :  0.127 0.553 0.320 
138 OmyJC19ROGR    (0)    2 :  0.069 0.149 0.782 
139 OmyJC19ROGR    (2)    2 :  0.358 0.561 0.081 
140 OmyJC19ROGR    (2)    2 :  0.264 0.503 0.232 
141 OmyJC19ROGR    (0)    2 :  0.284 0.273 0.443 
142 OmyJC19ROGR    (0)    2 :  0.317 0.239 0.444 
143 OmyJC19ROGR    (0)    2 :  0.784 0.096 0.120 
144 OmyJC19ROGR    (0)    2 :  0.358 0.575 0.067 
145 OmyJC19ROGR    (0)    2 :  0.146 0.754 0.100 
146 OmyJC19ROGR    (1)    2 :  0.713 0.131 0.156 
147 OmyJC19ROGR    (0)    2 :  0.316 0.510 0.174 
148 OmyJC19ROGR    (0)    2 :  0.374 0.562 0.065 
149 OmyJC19ROGR    (1)    2 :  0.633 0.188 0.179 
150 OmyJC19ROGR    (1)    2 :  0.671 0.182 0.147 
151 OmyJC19ROGR    (0)    2 :  0.384 0.338 0.279 
152 OmyJC19ROGR    (0)    2 :  0.313 0.548 0.139 
153 OmyJC19ROGR    (0)    2 :  0.821 0.080 0.099 
154 OmyJC19ROGR    (1)    2 :  0.174 0.639 0.187 
155 OmyJC19ROGR    (0)    2 :  0.435 0.344 0.221 
156 OmyJC19ROGR    (1)    2 :  0.356 0.409 0.236 
157 OmyJC19ROGR    (0)    2 :  0.484 0.325 0.190 
158 OmyJC19ROGR    (0)    2 :  0.491 0.453 0.057 
159 OmyJC19ROGR    (0)    2 :  0.113 0.760 0.127 
160 OmyJC19ROGR    (0)    2 :  0.492 0.350 0.158 
161 OmyJC19ROGR    (0)    2 :  0.583 0.338 0.079 
162 OmyJC19ROGR    (0)    2 :  0.341 0.506 0.153 
163 OmyJC19ROGR    (0)    2 :  0.713 0.176 0.111 
164 OmyJC19ROGR    (0)    2 :  0.246 0.670 0.085 
165 OmyJC19ROGR    (0)    2 :  0.355 0.579 0.066 
166 OmyJC19ROGR    (0)    2 :  0.242 0.606 0.152 
167 OmyJC19ROGR    (1)    2 :  0.559 0.234 0.207 
168 OmyJC19ROGR    (0)    2 :  0.297 0.531 0.172 
169 OmyJC19ROGR    (0)    2 :  0.030 0.048 0.923 
170 OmyJC19ROGR    (0)    2 :  0.734 0.123 0.144 
171 OmyJC19ROGR    (0)    2 :  0.201 0.718 0.081 
172 OmyJC19ROGR    (0)    2 :  0.416 0.149 0.435 
173 OmyJC19ROGR    (0)    2 :  0.046 0.065 0.888 
174 OmyJC19ROGR    (0)    2 :  0.430 0.459 0.112 
175 OmyJC19ROGR    (0)    2 :  0.303 0.593 0.104 
176 OmyJC19ROGR    (0)    2 :  0.634 0.167 0.199 
177 OmyJC19ROGR    (0)    2 :  0.870 0.092 0.038 
178 OmyJC19ROGR    (0)    2 :  0.069 0.812 0.118 
179 OmyJC19ROGR    (0)    2 :  0.695 0.237 0.068 
180 OmyJC19ROGR    (0)    2 :  0.095 0.060 0.845 
181 OmyJC19ROGR    (0)    2 :  0.296 0.526 0.179 
182 OmyJC19ROGR    (0)    2 :  0.256 0.426 0.317 
183 OmyJC19ROGR    (0)    2 :  0.269 0.636 0.095 
184 OmyJC19ROGR    (0)    2 :  0.173 0.146 0.680 
185 OmyJC19ROGR    (1)    2 :  0.435 0.523 0.043 
186 OmyJC19ROGR    (0)    2 :  0.684 0.137 0.179 
187 OmyJC19ROGR    (0)    2 :  0.195 0.722 0.083 
188 OmyJC19ROGR    (0)    2 :  0.360 0.532 0.108 
189 OmyJC19ROGR    (0)    2 :  0.506 0.164 0.329 
190 OmyJC19ROGR    (0)    2 :  0.745 0.146 0.109 
191 OmyJC19ROGR    (0)    2 :  0.704 0.196 0.100 
192 OmyJC19ROGR    (0)    2 :  0.092 0.795 0.113 
193 OmyJC19ROGR    (1)    2 :  0.322 0.402 0.276 
194 OmyJC19ROGR    (0)    2 :  0.132 0.810 0.058 
195 OmyJC19ROGR    (0)    2 :  0.061 0.125 0.814 
196 OmyJC19ROGR    (0)    2 :  0.145 0.740 0.116 
197 OmyJC19ROGR    (0)    2 :  0.626 0.214 0.160 
198 OmyJC19ROGR    (0)    2 :  0.120 0.121 0.758 
199 OmyJC19ROGR    (0)    2 :  0.331 0.582 0.087 
200 OmyJC19ROGR    (0)    2 :  0.669 0.156 0.175 
201 OmyJC19ROGR    (0)    2 :  0.235 0.697 0.068 
202 OmyJC19ROGR    (0)    2 :  0.834 0.131 0.035 
203 OmyJC19ROGR    (0)    2 :  0.409 0.463 0.128 
204 OmyJC19ROGR    (0)    2 :  0.333 0.546 0.120 
205 OmyJC19ROGR    (0)    2 :  0.274 0.454 0.273 
206 OmyJC19ROGR    (0)    2 :  0.073 0.073 0.854 
207 OmyJC19ROGR    (0)    2 :  0.180 0.397 0.423 
208 OmyJC19ROGR    (0)    2 :  0.144 0.755 0.101 
209 OmyJC19ROGR    (0)    2 :  0.299 0.120 0.580 
210 OmyJC19ROGR    (0)    2 :  0.040 0.073 0.887 
211 OmyJC19ROGR    (0)    2 :  0.377 0.291 0.332 
212 OmyJC19ROGR    (1)    2 :  0.554 0.150 0.296 
213 OmyJC19ROGR    (1)    2 :  0.376 0.502 0.122 
214 OmyJC19ROGR    (0)    2 :  0.160 0.711 0.129 
215 OmyJC19ROGR    (0)    2 :  0.257 0.657 0.086 
216 OmyJC19ROGR    (0)    2 :  0.063 0.119 0.819 
217 OmyJC19ROGR    (0)    2 :  0.204 0.267 0.529 
218 OmyJC19ROGR    (0)    2 :  0.661 0.244 0.095 
219 OmyJC19ROGR    (0)    2 :  0.099 0.661 0.240 
220 OmyJC19ROGR    (0)    2 :  0.522 0.434 0.044 
221 OmyJC19ROGR    (0)    2 :  0.249 0.313 0.437 
222 OmyJC19ROGR    (0)    2 :  0.617 0.271 0.112 
223 OmyJC19ROGR    (0)    2 :  0.273 0.580 0.147 
224 OmyJC19ROGR    (0)    2 :  0.153 0.773 0.074 
225 OmyJC19ROGR    (0)    2 :  0.042 0.042 0.916 
226 OmyJC19ROGR    (0)    2 :  0.134 0.487 0.379 
227 OmyJC19ROGR    (1)    2 :  0.073 0.048 0.879 
228 OmyJC19ROGR    (0)    2 :  0.104 0.802 0.095 
229 OmyJC19ROGR    (1)    2 :  0.493 0.400 0.107 
230 OmyJC19ROGR    (0)    2 :  0.366 0.262 0.372 
231 OmyJC19ROGR    (0)    2 :  0.159 0.617 0.224 
232 OmyJC19ROGR    (1)    2 :  0.436 0.420 0.144 
233 OmyJC19ROGR    (0)    2 :  0.256 0.420 0.324 
234 OmyJC19ROGR    (0)    2 :  0.066 0.048 0.886 
235 OmyJC19ROGR    (0)    2 :  0.180 0.130 0.690 
236 OmyJC19ROGR    (1)    2 :  0.370 0.534 0.095 
237 OmyJC19ROGR    (0)    2 :  0.326 0.514 0.160 
238 OmyJC19ROGR    (0)    2 :  0.158 0.615 0.227 
239 OmyJC19ROGR    (0)    2 :  0.248 0.522 0.230 
240 OmyJC19ROGR    (0)    2 :  0.341 0.510 0.150 
241 OmyJC19ROGR    (0)    2 :  0.590 0.190 0.219 
242 OmyJC19ROGR    (0)    2 :  0.432 0.497 0.071 
243 OmyJC19ROGR    (0)    2 :  0.572 0.287 0.141 
244 OmyJC19ROGR    (0)    2 :  0.597 0.241 0.162 
245 OmyJC19ROGR    (0)    2 :  0.043 0.041 0.916 
246 OmyJC19ROGR    (0)    2 :  0.508 0.164 0.328 
247 OmyJC19ROGR    (0)    2 :  0.202 0.148 0.650 
248 OmyJC19ROGR    (0)    2 :  0.223 0.153 0.624 
249 OmyJC19ROGR    (0)    2 :  0.177 0.619 0.204 
250 OmyJC19ROGR    (0)    2 :  0.298 0.489 0.213 
251 OmyJC19ROGR    (0)    2 :  0.284 0.568 0.148 
252 OmyJC19ROGR    (0)    2 :  0.808 0.101 0.092 
253 OmyJC19ROGR    (0)    2 :  0.288 0.472 0.240 
254 OmyJC19ROGR    (0)    2 :  0.610 0.228 0.162 
255 OmyJC19ROGR    (0)    2 :  0.712 0.188 0.100 
256 OmyJC19ROGR    (0)    2 :  0.387 0.176 0.437 
257 OmyJC19ROGR    (0)    2 :  0.250 0.502 0.247 
258 OmyAC19ROGR    (0)    1 :  0.335 0.340 0.324 
259 OmyAC19ROGR    (1)    1 :  0.169 0.276 0.555 
260 OmyAC19ROGR    (0)    1 :  0.199 0.722 0.079 
261 OmyAC19ROGR    (0)    1 :  0.169 0.678 0.153 
262 OmyAC19ROGR    (0)    1 :  0.313 0.427 0.260 
263 OmyAC19ROGR    (0)    1 :  0.628 0.240 0.132 
264 OmyAC19ROGR    (0)    1 :  0.305 0.511 0.184 
265 OmyAC19ROGR    (0)    1 :  0.434 0.427 0.140 
266 OmyAC19ROGR    (0)    1 :  0.175 0.753 0.072 
267 OmyAC19ROGR    (0)    1 :  0.268 0.433 0.299 
268 OmyAC19ROGR    (1)    1 :  0.511 0.181 0.308 
269 OmyAC19ROGR    (1)    1 :  0.187 0.471 0.343 
270 OmyAC19ROGR    (0)    1 :  0.683 0.211 0.105 
271 OmyAC19ROGR    (0)    1 :  0.210 0.327 0.463 
272 OmyAC19ROGR    (0)    1 :  0.134 0.517 0.349 
273 OmyAC19ROGR    (0)    1 :  0.526 0.362 0.112 
274 OmyAC19ROGR    (0)    1 :  0.090 0.093 0.817 
275 OmyAC19ROGR    (0)    1 :  0.480 0.280 0.240 
276 OmyAC19ROGR    (0)    1 :  0.292 0.505 0.203 
277 OmyAC19ROGR    (0)    1 :  0.130 0.649 0.221 
278 OmyAC19ROGR    (0)    1 :  0.142 0.379 0.478 
279 OmyAC19ROGR    (0)    1 :  0.136 0.492 0.372 
280 OmyAC19ROGR    (0)    1 :  0.472 0.256 0.272 
281 OmyAC19ROGR    (0)    1 :  0.261 0.596 0.143 
282 OmyAC19ROGR    (0)    1 :  0.357 0.318 0.325 
283 OmyAC19ROGR    (0)    1 :  0.187 0.676 0.138 
284 OmyAC19ROGR    (0)    1 :  0.403 0.513 0.084 
285 OmyAC19ROGR    (0)    1 :  0.509 0.356 0.135 
286 OmyAC19ROGR    (0)    1 :  0.417 0.514 0.069 
287 OmyAC19ROGR    (0)    1 :  0.027 0.030 0.942 
288 OmyAC19ROGR    (0)    1 :  0.083 0.109 0.808 
289 OmyAC19ROGR    (0)    1 :  0.203 0.505 0.292 
290 OmyAC19ROGR    (1)    1 :  0.036 0.036 0.927 
291 OmyAC19ROGR    (0)    1 :  0.297 0.176 0.528 
292 OmyAC19ROGR    (1)    1 :  0.212 0.447 0.341 
293 OmyAC19ROGR    (0)    1 :  0.750 0.167 0.083 
294 OmyAC19ROGR    (0)    1 :  0.135 0.381 0.484 
295 OmyAC19ROGR    (0)    1 :  0.401 0.514 0.086 
296 OmyAC19ROGR    (0)    1 :  0.251 0.637 0.112 
297 OmyAC19ROGR    (0)    1 :  0.074 0.118 0.808 
298 OmyAC19ROGR    (0)    1 :  0.130 0.799 0.071 
299 OmyAC19ROGR    (0)    1 :  0.409 0.183 0.408 
300 OmyAC19ROGR    (0)    1 :  0.273 0.610 0.118 
301 OmyAC19ROGR    (0)    1 :  0.047 0.060 0.893 
302 OmyAC19ROGR    (0)    1 :  0.114 0.305 0.581 
303 OmyAC19ROGR    (0)    1 :  0.180 0.555 0.265 
304 OmyAC19ROGR    (0)    1 :  0.235 0.456 0.309 
305 OmyAC19ROGR    (0)    1 :  0.263 0.623 0.114 
306 OmyAC19ROGR    (0)    1 :  0.055 0.203 0.743 
307 OmyAC19ROGR    (1)    1 :  0.503 0.419 0.078 
308 OmyAC19ROGR    (0)    1 :  0.167 0.603 0.230 
309 OmyAC19ROGR    (1)    1 :  0.053 0.065 0.883 
310 OmyAC19ROGR    (0)    1 :  0.211 0.270 0.518 
311 OmyAC19ROGR    (0)    1 :  0.137 0.276 0.587 
312 OmyAC19ROGR    (0)    1 :  0.606 0.289 0.105 
313 OmyAC19ROGR    (0)    1 :  0.315 0.619 0.066 
314 OmyAC19ROGR    (0)    1 :  0.738 0.156 0.106 
315 OmyAC19ROGR    (0)    1 :  0.301 0.510 0.190 
316 OmyAC19ROGR    (0)    1 :  0.293 0.593 0.114 
317 OmyAC19ROGR    (0)    1 :  0.684 0.195 0.121 
318 OmyAC19ROGR    (0)    1 :  0.703 0.223 0.073 
319 OmyAC19ROGR    (1)    1 :  0.353 0.589 0.058 
320 OmyAC19ROGR    (0)    1 :  0.178 0.786 0.036 
321 OmyAC19ROGR    (0)    1 :  0.215 0.686 0.099 
322 OmyAC19ROGR    (0)    1 :  0.201 0.234 0.565 
323 OmyAC19ROGR    (0)    1 :  0.092 0.837 0.071 
324 OmyAC19ROGR    (0)    1 :  0.400 0.500 0.100 
325 OmyAC19ROGR    (0)    1 :  0.198 0.279 0.522 
326 OmyAC19ROGR    (0)    1 :  0.134 0.717 0.150 
327 OmyAC19ROGR    (0)    1 :  0.302 0.591 0.107 
328 OmyAC20ROGR    (1)    1 :  0.345 0.560 0.095 
329 OmyAC20ROGR    (0)    1 :  0.516 0.292 0.192 
330 OmyAC20ROGR    (0)    1 :  0.395 0.427 0.178 
331 OmyAC20ROGR    (0)    1 :  0.285 0.246 0.469 
332 OmyAC20ROGR    (0)    1 :  0.440 0.215 0.344 
333 OmyAC20ROGR    (0)    1 :  0.400 0.162 0.437 
334 OmyAC20ROGR    (0)    1 :  0.761 0.173 0.065 
335 OmyAC20ROGR    (0)    1 :  0.489 0.383 0.128 
336 OmyAC20ROGR    (0)    1 :  0.326 0.351 0.323 
337 OmyAC20ROGR    (0)    1 :  0.183 0.248 0.570 
338 OmyAC20ROGR    (0)    1 :  0.482 0.234 0.284 
339 OmyAC20ROGR    (0)    1 :  0.249 0.502 0.249 
340 OmyAC20ROGR    (0)    1 :  0.747 0.106 0.147 
341 OmyAC20ROGR    (0)    1 :  0.686 0.136 0.179 
342 OmyAC20ROGR    (0)    1 :  0.362 0.309 0.329 
343 OmyAC20ROGR    (0)    1 :  0.606 0.221 0.173 
344 OmyAC20ROGR    (0)    1 :  0.482 0.196 0.321 
345 OmyAC20ROGR    (1)    1 :  0.160 0.503 0.337 
346 OmyAC20ROGR    (0)    1 :  0.299 0.320 0.380 
347 OmyAC20ROGR    (0)    1 :  0.241 0.387 0.372 
348 OmyAC20ROGR    (0)    1 :  0.482 0.173 0.346 
349 OmyAC20ROGR    (0)    1 :  0.638 0.192 0.170 
350 OmyAC20ROGR    (0)    1 :  0.253 0.529 0.217 
351 OmyAC20ROGR    (0)    1 :  0.461 0.260 0.279 
352 OmyAC20ROGR    (0)    1 :  0.224 0.638 0.138 
353 OmyAC20ROGR    (0)    1 :  0.408 0.480 0.113 
354 OmyAC20ROGR    (0)    1 :  0.435 0.162 0.403 
355 OmyAC20ROGR    (0)    1 :  0.531 0.285 0.183 
356 OmyAC20ROGR    (0)    1 :  0.308 0.580 0.112 
357 OmyAC20ROGR    (0)    1 :  0.173 0.580 0.247 
358 OmyAC20ROGR    (0)    1 :  0.203 0.666 0.130 
359 OmyAC20ROGR    (0)    1 :  0.059 0.597 0.343 
360 OmyAC20ROGR    (0)    1 :  0.318 0.302 0.380 
361 OmyAC20ROGR    (0)    1 :  0.131 0.766 0.103 
362 OmyAC20ROGR    (0)    1 :  0.179 0.679 0.142 
363 OmyAC20ROGR    (0)    1 :  0.476 0.223 0.300 
364 OmyAC20ROGR    (1)    1 :  0.609 0.285 0.106 
365 OmyAC20ROGR    (0)    1 :  0.314 0.616 0.070 
366 OmyAC20ROGR    (0)    1 :  0.537 0.361 0.102 
367 OmyAC20ROGR    (0)    1 :  0.293 0.441 0.266 
368 OmyAC20ROGR    (1)    1 :  0.123 0.640 0.237 
369 OmyAC20ROGR    (0)    1 :  0.331 0.224 0.445 
370 OmyAC20ROGR    (0)    1 :  0.114 0.122 0.764 
371 OmyAC20ROGR    (0)    1 :  0.072 0.089 0.840 
372 OmyAC20ROGR    (2)    1 :  0.040 0.053 0.906 
373 OmyAC20ROGR    (0)    1 :  0.121 0.340 0.539 
374 OmyAC20ROGR    (0)    1 :  0.442 0.473 0.085 
375 OmyAC20ROGR    (0)    1 :  0.235 0.548 0.217 
376 OmyAC20ROGR    (0)    1 :  0.180 0.201 0.619 
377 OmyAC20ROGR    (0)    1 :  0.620 0.318 0.061 
378 OmyAC20ROGR    (0)    1 :  0.519 0.398 0.083 
379 OmyAC20ROGR    (0)    1 :  0.259 0.201 0.540 
380 OmyAC20ROGR    (1)    1 :  0.317 0.615 0.069 
381 OmyAC20ROGR    (0)    1 :  0.131 0.626 0.242 
382 OmyAC20ROGR    (0)    1 :  0.046 0.077 0.877 
383 OmyAC20ROGR    (0)    1 :  0.109 0.544 0.347 
384 OmyAC20ROGR    (0)    1 :  0.303 0.223 0.475 
385 OmyAC20ROGR    (0)    1 :  0.098 0.482 0.420 
386 OmyAC20ROGR    (0)    1 :  0.354 0.355 0.292 
387 OmyAC20ROGR    (0)    1 :  0.123 0.424 0.453 
388 OmyAC20ROGR    (0)    1 :  0.385 0.193 0.422 
389 OmyAC20ROGR    (0)    1 :  0.134 0.763 0.103 
390 OmyAC20ROGR    (0)    1 :  0.279 0.658 0.064 
391 OmyAC20ROGR    (0)    1 :  0.267 0.213 0.520 
392 OmyAC20ROGR    (0)    1 :  0.328 0.241 0.431 
393 OmyAC20ROGR    (0)    1 :  0.462 0.340 0.198 
394 OmyAC20ROGR    (1)    1 :  0.189 0.597 0.213 
395 OmyAC20ROGR    (0)    1 :  0.440 0.378 0.182 
396 OmyAC20ROGR    (0)    1 :  0.260 0.610 0.130 
397 OmyAC20ROGR    (0)    1 :  0.157 0.407 0.435 
398 OmyAC20ROGR    (0)    1 :  0.177 0.100 0.723 
399 OmyAC20ROGR    (0)    1 :  0.264 0.383 0.353 
400 OmyAC20ROGR    (0)    1 :  0.301 0.412 0.287 
401 OmyAC20ROGR    (1)    1 :  0.075 0.056 0.869 
402 OmyAC20ROGR    (0)    1 :  0.678 0.246 0.075 
403 OmyAC20ROGR    (0)    1 :  0.443 0.262 0.294 
404 OmyAC20ROGR    (0)    1 :  0.653 0.264 0.083 
405 OmyAC20ROGR    (0)    1 :  0.132 0.417 0.452 
406 OmyAC20ROGR    (0)    1 :  0.541 0.260 0.199 
407 OmyAC20ROGR    (0)    1 :  0.110 0.744 0.146 
408 OmyAC20ROGR    (0)    1 :  0.459 0.336 0.205 
409 OmyAC20ROGR    (0)    1 :  0.111 0.734 0.155 
410 OmyAC20ROGR    (0)    1 :  0.041 0.064 0.894 
411 OmyAC20ROGR    (0)    1 :  0.140 0.209 0.650 
412 OmyAC20ROGR    (0)    1 :  0.515 0.240 0.244 
413 OmyAC20ROGR    (0)    1 :  0.092 0.789 0.118 
414 OmyAC20ROGR    (0)    1 :  0.360 0.161 0.479 
415 OmyAC20ROGR    (0)    1 :  0.398 0.519 0.083 
416 OmyAC20ROGR    (0)    1 :  0.386 0.409 0.205 
417 OmyAC20ROGR    (0)    1 :  0.261 0.649 0.090 
418 OmyAC20ROGR    (0)    1 :  0.214 0.439 0.347 
419 OmyAC20ROGR    (0)    1 :  0.115 0.364 0.522 
420 OmyAC20ROGR    (0)    1 :  0.482 0.423 0.094 
421 OmyAC20ROGR    (0)    1 :  0.462 0.288 0.250 
422 OmyAC20ROGR    (0)    1 :  0.052 0.053 0.894 
423 OmyAC20ROGR    (0)    1 :  0.109 0.803 0.088 
424 OmyAC20ROGR    (0)    1 :  0.159 0.756 0.085 
425 OmyAC20ROGR    (0)    1 :  0.113 0.050 0.837 
426 OmyAC20ROGR    (0)    1 :  0.237 0.533 0.229 
427 OmyAC20ROGR    (0)    1 :  0.228 0.381 0.391 
428 OmyAC20ROGR    (0)    1 :  0.047 0.049 0.904 
429 OmyAC20ROGR    (0)    1 :  0.220 0.702 0.078 
430 OmyAC20ROGR    (0)    1 :  0.092 0.666 0.242 
431 OmyAC20ROGR    (0)    1 :  0.227 0.179 0.594 
432 OmyAC20ROGR    (0)    1 :  0.070 0.071 0.859 
433 OmyAC20ROGR    (0)    1 :  0.068 0.052 0.880 
434 OmyAC20ROGR    (0)    1 :  0.082 0.529 0.388 
435 OmyAC20ROGR    (0)    1 :  0.605 0.324 0.071 
436 OmyAC20ROGR    (0)    1 :  0.107 0.774 0.119 
437 OmyAC20ROGR    (0)    1 :  0.110 0.188 0.702 
438 OmyAC20ROGR    (0)    1 :  0.192 0.267 0.541 
439 OmyAC20ROGR    (0)    1 :  0.175 0.633 0.191 
440 OmyAC20ROGR    (0)    1 :  0.091 0.107 0.801 
441 OmyAC20ROGR    (0)    1 :  0.263 0.661 0.076 
442 OmyAC20ROGR    (0)    1 :  0.232 0.590 0.178 
443 OmyAC20ROGR    (0)    1 :  0.655 0.286 0.059 
444 OmyAC20ROGR    (0)    1 :  0.106 0.658 0.236 
445 OmyAC20ROGR    (0)    1 :  0.166 0.587 0.247 
446 OmyJC18ROGR    (0)    2 :  0.601 0.266 0.133 
447 OmyJC18ROGR    (0)    2 :  0.238 0.608 0.154 
448 OmyJC18ROGR    (0)    2 :  0.124 0.715 0.161 
449 OmyJC18ROGR    (0)    2 :  0.144 0.138 0.717 
450 OmyJC18ROGR    (0)    2 :  0.147 0.133 0.720 
451 OmyJC18ROGR    (0)    2 :  0.062 0.066 0.872 
452 OmyJC18ROGR    (0)    2 :  0.345 0.252 0.402 
453 OmyJC18ROGR    (0)    2 :  0.706 0.204 0.089 
454 OmyJC18ROGR    (0)    2 :  0.057 0.064 0.879 
455 OmyJC18ROGR    (0)    2 :  0.168 0.733 0.099 
456 OmyJC18ROGR    (0)    2 :  0.050 0.083 0.867 
457 OmyJC18ROGR    (0)    2 :  0.254 0.587 0.159 
458 OmyJC18ROGR    (0)    2 :  0.501 0.207 0.292 
459 OmyJC18ROGR    (0)    2 :  0.591 0.345 0.064 
460 OmyJC18ROGR    (2)    2 :  0.194 0.246 0.560 
461 OmyJC18ROGR    (1)    2 :  0.419 0.162 0.419 
462 OmyJC18ROGR    (3)    2 :  0.265 0.209 0.526 
463 OmyJC18ROGR    (1)    2 :  0.123 0.112 0.765 
464 OmyJC18ROGR    (3)    2 :  0.117 0.813 0.070 
465 OmyJC18ROGR    (3)    2 :  0.141 0.718 0.141 
466 OmyJC18ROGR    (0)    2 :  0.267 0.372 0.361 
467 OmyJC18ROGR    (1)    2 :  0.231 0.655 0.113 
468 OmyJC18ROGR    (0)    2 :  0.141 0.691 0.168 
469 OmyJC18ROGR    (0)    2 :  0.091 0.140 0.769 
470 OmyJC18ROGR    (3)    2 :  0.154 0.196 0.649 
471 OmyJC18ROGR    (1)    2 :  0.316 0.238 0.446 
472 OmyJC18ROGR    (1)    2 :  0.266 0.502 0.232 
473 OmyJC18ROGR    (2)    2 :  0.338 0.567 0.095 
474 OmyJC18ROGR    (0)    2 :  0.654 0.247 0.099 
475 OmyJC18ROGR    (1)    2 :  0.221 0.075 0.705 
476 OmyJC18ROGR    (2)    2 :  0.631 0.311 0.058 
477 OmyJC18ROGR    (3)    2 :  0.271 0.448 0.281 
478 OmyJC18ROGR    (0)    2 :  0.644 0.213 0.144 
479 OmyJC18ROGR    (0)    2 :  0.169 0.769 0.062 
480 OmyJC18ROGR    (0)    2 :  0.224 0.458 0.318 
481 OmyJC18ROGR    (2)    2 :  0.366 0.249 0.385 
482 OmyJC18ROGR    (3)    2 :  0.230 0.711 0.059 
483 OmyJC18ROGR    (3)    2 :  0.102 0.754 0.143 
484 OmyJC18ROGR    (3)    2 :  0.371 0.477 0.152 
485 OmyJC18ROGR    (2)    2 :  0.110 0.183 0.708 
486 OmyJC18ROGR    (2)    2 :  0.144 0.310 0.546 
487 OmyJC18ROGR    (1)    2 :  0.552 0.192 0.256 
488 OmyJC18ROGR    (3)    2 :  0.411 0.401 0.188 
489 OmyJC18ROGR    (0)    2 :  0.481 0.405 0.114 
490 OmyJC18ROGR    (2)    2 :  0.278 0.503 0.219 
491 OmyJC18ROGR    (4)    2 :  0.599 0.157 0.244 
492 OmyJC18ROGR    (4)    2 :  0.790 0.153 0.057 
493 OmyJC18ROGR    (3)    2 :  0.143 0.590 0.267 
494 OmyJC18ROGR    (3)    2 :  0.050 0.061 0.889 
495 OmyJC18ROGR    (3)    2 :  0.585 0.137 0.279 
496 OmyJC18ROGR    (0)    2 :  0.462 0.336 0.203 
497 OmyJC18ROGR    (5)    2 :  0.377 0.378 0.245 
498 OmyJC18ROGR    (3)    2 :  0.412 0.219 0.369 
499 OmyJC18ROGR    (1)    2 :  0.451 0.410 0.140 
500 OmyJC18ROGR    (1)    2 :  0.379 0.539 0.082 
501 OmyJC18ROGR    (3)    2 :  0.192 0.221 0.587 
502 OmyJC18ROGR    (1)    2 :  0.097 0.556 0.347 
503 OmyJC18ROGR    (4)    2 :  0.080 0.783 0.137 
504 OmyJC18ROGR    (1)    2 :  0.092 0.461 0.447 
505 OmyJC18ROGR    (0)    2 :  0.404 0.212 0.384 
506 OmyJC18ROGR    (6)    2 :  0.581 0.258 0.161 
507 OmyJC18ROGR    (0)    2 :  0.226 0.449 0.325 
508 OmyJC18ROGR    (0)    2 :  0.164 0.636 0.200 
509 OmyJC18ROGR    (2)    2 :  0.069 0.063 0.868 
510 OmyJC18ROGR    (1)    2 :  0.351 0.554 0.095 
511 OmyJC18ROGR    (3)    2 :  0.645 0.098 0.257 
512 OmyJC18ROGR    (2)    2 :  0.066 0.142 0.792 
513 OmyJC18ROGR    (7)    2 :  0.540 0.137 0.323 
514 OmyJC18ROGR    (3)    2 :  0.244 0.131 0.625 
515 OmyJC18ROGR    (0)    2 :  0.293 0.521 0.186 
516 OmyJC18ROGR    (2)    2 :  0.312 0.331 0.357 
517 OmyJC18ROGR    (2)    2 :  0.395 0.209 0.396 
518 OmyJC18ROGR    (0)    2 :  0.261 0.596 0.144 
519 OmyJC18ROGR    (7)    2 :  0.732 0.110 0.158 
520 OmyJC18ROGR    (4)    2 :  0.517 0.128 0.356 
521 OmyJC18ROGR    (1)    2 :  0.476 0.206 0.318 
522 OmyJC18ROGR    (1)    2 :  0.129 0.596 0.275 
523 OmyJC18ROGR    (3)    2 :  0.231 0.629 0.140 
524 OmyJC18ROGR    (1)    2 :  0.139 0.760 0.101 
525 OmyJC18ROGR    (2)    2 :  0.434 0.262 0.304 
526 OmyJC18ROGR    (1)    2 :  0.454 0.317 0.229 
527 OmyJC18ROGR    (0)    2 :  0.557 0.331 0.111 
528 OmyJC18ROGR    (0)    2 :  0.248 0.636 0.116 
529 OmyJC18ROGR    (1)    2 :  0.364 0.528 0.108 
530 OmyJC18ROGR    (0)    2 :  0.111 0.814 0.075 
531 OmyJC18ROGR    (0)    2 :  0.109 0.767 0.124 
532 OmyJC18ROGR    (1)    2 :  0.172 0.749 0.078 
533 OmyJC18ROGR    (2)    2 :  0.602 0.332 0.066 
534 OmyJC18ROGR    (2)    2 :  0.229 0.577 0.194 
535 OmyJC18ROGR    (0)    2 :  0.539 0.311 0.150 
536 OmyJC18ROGR    (0)    2 :  0.791 0.119 0.089 
537 OmyJC18ROGR    (0)    2 :  0.619 0.294 0.087 
538 OmyJC18ROGR    (0)    2 :  0.119 0.748 0.133 
539 OmyJC18ROGR    (1)    2 :  0.198 0.657 0.145 
540 OmyJC18ROGR    (6)    2 :  0.500 0.345 0.156 
541 OmyJC18ROGR    (1)    2 :  0.387 0.459 0.155 
542 OmyJC18ROGR    (1)    2 :  0.330 0.337 0.333 
543 OmyJC18ROGR    (0)    2 :  0.237 0.370 0.393 
544 OmyJC18ROGR    (2)    2 :  0.471 0.399 0.130 
545 OmyJC18ROGR    (1)    2 :  0.070 0.268 0.662 
546 OmyJC18ROGR    (6)    2 :  0.185 0.764 0.051 
547 OmyJC18ROGR    (0)    2 :  0.083 0.635 0.282 
548 OmyJC18ROGR    (1)    2 :  0.414 0.281 0.305 
549 OmyJC18ROGR    (0)    2 :  0.203 0.649 0.149 
550 OmyJC18ROGR    (1)    2 :  0.104 0.091 0.805 
551 OmyJC18ROGR    (1)    2 :  0.724 0.141 0.135 
552 OmyJC18ROGR    (2)    2 :  0.279 0.456 0.265 
553 OmyJC18ROGR    (7)    2 :  0.276 0.543 0.181 
554 OmyJC18ROGR    (2)    2 :  0.313 0.587 0.101 
555 OmyJC18ROGR    (3)    2 :  0.498 0.383 0.119 
556 OmyJC18ROGR    (0)    2 :  0.780 0.067 0.153 
557 OmyJC18ROGR    (1)    2 :  0.159 0.220 0.620 
558 OmyJC18ROGR    (0)    2 :  0.628 0.102 0.270 
559 OmyJC18ROGR    (0)    2 :  0.170 0.745 0.085 
560 OmyJC18ROGR    (5)    2 :  0.447 0.299 0.253 
561 OmyJC18ROGR    (0)    2 :  0.100 0.829 0.071 
562 OmyJC18ROGR    (6)    2 :  0.629 0.247 0.124 
563 OmyJC18ROGR    (2)    2 :  0.407 0.417 0.176 
564 OmyJC18ROGR    (3)    2 :  0.491 0.110 0.399 
565 OmyJC18ROGR    (3)    2 :  0.305 0.454 0.241 
566 OmyJC18ROGR    (1)    2 :  0.219 0.600 0.181 
567 OmyJC18ROGR    (0)    2 :  0.130 0.793 0.077 
568 OmyJC18ROGR    (3)    2 :  0.500 0.218 0.282 
569 OmyJC18ROGR    (2)    2 :  0.252 0.604 0.144 
570 OmyJC18ROGR    (0)    2 :  0.111 0.717 0.172 
571 OmyJC18ROGR    (1)    2 :  0.117 0.809 0.073 
572 OmyJC18ROGR    (4)    2 :  0.626 0.243 0.131 
573 OmyJC18ROGR    (3)    2 :  0.259 0.189 0.553 
574 OmyJC18ROGR    (5)    2 :  0.317 0.333 0.350 
575 OmyJC18ROGR    (3)    2 :  0.714 0.209 0.077 
576 OmyJC18ROGR    (0)    2 :  0.355 0.476 0.169 
577 OmyJC18ROGR    (0)    2 :  0.052 0.077 0.872 
578 OmyJC18ROGR    (1)    2 :  0.153 0.734 0.113 
579 OmyJC18ROGR    (0)    2 :  0.140 0.066 0.794 
580 OmyJC18ROGR    (0)    2 :  0.493 0.455 0.052 
581 OmyJC18ROGR    (3)    2 :  0.209 0.633 0.159 
582 OmyJC18ROGR    (6)    2 :  0.435 0.483 0.082 
583 OmyJC18ROGR    (3)    2 :  0.606 0.302 0.092 
584 OmyJC18ROGR    (3)    2 :  0.441 0.388 0.171 
585 OmyJC18ROGR    (1)    2 :  0.348 0.420 0.232 
586 OmyJC18ROGR    (1)    2 :  0.236 0.717 0.047 
587 OmyJC18ROGR    (0)    2 :  0.043 0.050 0.907 
588 OmyJC18ROGR    (0)    2 :  0.490 0.164 0.346 
589 OmyJC18ROGR    (1)    2 :  0.432 0.368 0.200 
590 OmyJC18ROGR    (2)    2 :  0.092 0.878 0.030 
591 OmyJC18ROGR    (0)    2 :  0.305 0.535 0.160 
592 OmyJC18ROGR    (3)    2 :  0.197 0.631 0.172 
593 OmyJC18ROGR    (0)    2 :  0.546 0.214 0.240 
594 OmyJC18ROGR    (1)    2 :  0.319 0.563 0.118 
595 OmyJC18ROGR    (0)    2 :  0.629 0.180 0.192 
596 OmyJC18ROGR    (1)    2 :  0.290 0.465 0.245 
597 OmyJC18ROGR    (0)    2 :  0.415 0.405 0.180 
598 OmyJC18ROGR    (1)    2 :  0.232 0.581 0.188 
599 OmyJC18ROGR    (0)    2 :  0.209 0.628 0.163 
600 OmyJC18ROGR    (0)    2 :  0.688 0.210 0.102 
601 OmyJC18ROGR    (0)    2 :  0.458 0.437 0.105 
602 OmyJC18ROGR    (0)    2 :  0.175 0.602 0.223 
603 OmyJC18ROGR    (0)    2 :  0.628 0.281 0.091 
604 OmyJC18ROGR    (0)    2 :  0.426 0.446 0.128 
605 OmyJC18ROGR    (0)    2 :  0.816 0.111 0.073 
606 OmyJC18ROGR    (0)    2 :  0.566 0.257 0.178 
607 OmyJC18ROGR    (0)    2 :  0.198 0.635 0.167 
608 OmyJC18ROGR    (0)    2 :  0.111 0.814 0.075 
609 OmyJC18ROGR    (0)    2 :  0.676 0.198 0.125 
610 OmyJC18ROGR    (4)    2 :  0.129 0.057 0.813 
611 OmyJC18ROGR    (0)    2 :  0.431 0.152 0.417 
612 OmyJC18ROGR    (2)    2 :  0.351 0.524 0.125 
613 OmyJC18ROGR    (0)    2 :  0.508 0.293 0.199 
614 OmyJC18ROGR    (0)    2 :  0.123 0.571 0.306 
615 OmyJC18ROGR    (0)    2 :  0.515 0.425 0.059 
616 OmyJC18ROGR    (0)    2 :  0.397 0.336 0.267 
617 OmyJC18ROGR    (0)    2 :  0.413 0.466 0.121 
618 OmyJC18ROGR    (0)    2 :  0.109 0.667 0.225 
619 OmyJC18ROGR    (0)    2 :  0.668 0.244 0.088 
620 OmyJC18ROGR    (0)    2 :  0.583 0.121 0.295 
621 OmyJC18ROGR    (1)    2 :  0.432 0.345 0.222 
622 OmyJC18ROGR    (2)    2 :  0.682 0.172 0.146 
623 OmyJC18ROGR    (1)    2 :  0.164 0.667 0.169 
624 OmyJC18ROGR    (2)    2 :  0.270 0.567 0.163 
625 OmyJC18ROGR    (0)    2 :  0.156 0.572 0.273 
626 OmyJC18ROGR    (6)    2 :  0.371 0.521 0.108 
627 OmyJC18ROGR    (0)    2 :  0.456 0.264 0.280 
628 OmyJC18ROGR    (0)    2 :  0.036 0.036 0.928 
629 OmyJC18ROGR    (1)    2 :  0.567 0.158 0.275 
630 OmyJC18ROGR    (1)    2 :  0.730 0.193 0.077 
631 OmyJC18ROGR    (3)    2 :  0.279 0.623 0.099 
632 OmyJC18ROGR    (0)    2 :  0.810 0.113 0.077 
633 OmyJC18ROGR    (4)    2 :  0.364 0.501 0.134 
634 OmyJC18ROGR    (2)    2 :  0.450 0.093 0.457 
635 OmyJC18ROGR    (0)    2 :  0.516 0.425 0.059 
636 OmyJC18ROGR    (0)    2 :  0.191 0.207 0.602 
637 OmyJC18ROGR    (0)    2 :  0.494 0.277 0.228 
638 OmyJC18ROGR    (0)    2 :  0.367 0.501 0.132 
639 OmyJC18ROGR    (1)    2 :  0.384 0.337 0.279 
640 OmyJC18ROGR    (1)    2 :  0.174 0.293 0.533 
641 OmyJC18ROGR    (0)    2 :  0.424 0.149 0.427 
642 OmyJC18ROGR    (3)    2 :  0.284 0.450 0.266 
643 OmyJC18ROGR    (1)    2 :  0.588 0.283 0.129 
644 OmyJC18ROGR    (7)    2 :  0.169 0.777 0.054 
645 OmyJC18ROGR    (4)    2 :  0.196 0.586 0.218 
646 OmyJC18ROGR    (0)    2 :  0.347 0.577 0.076 
647 OmyJC18ROGR    (1)    2 :  0.107 0.811 0.083 
648 OmyJC18ROGR    (1)    2 :  0.588 0.209 0.203 
649 OmyJC18ROGR    (0)    2 :  0.260 0.630 0.110 
650 OmyJC18ROGR    (1)    2 :  0.273 0.676 0.051 
651 OmyJC18ROGR    (5)    2 :  0.094 0.048 0.858 
652 OmyJC18ROGR    (1)    2 :  0.401 0.332 0.268 
653 OmyJC18ROGR    (3)    2 :  0.554 0.271 0.175 
654 OmyJC18ROGR    (1)    2 :  0.192 0.584 0.224 
655 OmyJC18ROGR    (2)    2 :  0.236 0.335 0.429 
656 OmyJC18ROGR    (0)    2 :  0.298 0.616 0.086 
657 OmyJC18ROGR    (0)    2 :  0.497 0.374 0.128 
658 OmyJC18ROGR    (0)    2 :  0.292 0.568 0.140 
659 OmyJC18ROGR    (5)    2 :  0.579 0.379 0.041 
660 OmyJC18ROGR    (3)    2 :  0.356 0.370 0.274 
661 OmyJC18ROGR    (2)    2 :  0.621 0.324 0.055 
662 OmyJC18ROGR    (1)    2 :  0.657 0.158 0.185 
663 OmyJC18ROGR    (2)    2 :  0.334 0.223 0.443 
664 OmyJC18ROGR    (0)    2 :  0.577 0.300 0.124 
665 OmyJC18ROGR    (0)    2 :  0.597 0.202 0.201 
666 OmyJC18ROGR    (0)    2 :  0.083 0.098 0.819 
667 OmyJC18ROGR    (0)    2 :  0.330 0.203 0.467 
668 OmyJC18ROGR    (2)    2 :  0.211 0.391 0.398 
669 OmyJC18ROGR    (4)    2 :  0.160 0.595 0.245 
670 OmyJC18ROGR    (6)    2 :  0.079 0.823 0.097 
671 OmyJC18ROGR    (3)    2 :  0.855 0.071 0.074 
672 OmyJC18ROGR    (0)    2 :  0.785 0.154 0.062 
673 OmyJC18ROGR    (4)    2 :  0.545 0.381 0.074 
674 OmyJC18ROGR    (0)    2 :  0.417 0.352 0.231 
675 OmyJC18ROGR    (0)    2 :  0.493 0.393 0.113 
676 OmyJC18ROGR    (1)    2 :  0.530 0.358 0.112 
677 OmyJC18ROGR    (3)    2 :  0.187 0.420 0.393 
678 OmyJC18ROGR    (6)    2 :  0.628 0.287 0.085 
679 OmyJC18ROGR    (1)    2 :  0.100 0.571 0.330 
680 OmyJC18ROGR    (1)    2 :  0.658 0.227 0.115 
681 OmyJC18ROGR    (1)    2 :  0.385 0.186 0.429 
682 OmyJC18ROGR    (1)    2 :  0.275 0.213 0.512 
683 OmyJC18ROGR    (0)    2 :  0.140 0.673 0.186 
684 OmyJC18ROGR    (0)    2 :  0.234 0.674 0.092 
685 OmyJC18ROGR    (0)    2 :  0.124 0.763 0.112 
686 OmyJC18ROGR    (0)    2 :  0.171 0.766 0.063 
687 OmyJC18ROGR    (3)    2 :  0.270 0.619 0.111 
688 OmyJC18ROGR    (1)    2 :  0.440 0.155 0.406 
689 OmyJC18ROGR    (1)    2 :  0.204 0.175 0.622 
690 OmyJC18ROGR    (5)    2 :  0.698 0.103 0.199 
691 OmyJC18ROGR    (5)    2 :  0.344 0.279 0.376 
692 OmyJC18ROGR    (0)    2 :  0.175 0.420 0.405 
693 OmyJC18ROGR    (2)    2 :  0.551 0.367 0.081 
694 OmyJC18ROGR    (0)    2 :  0.791 0.140 0.069 
695 OmyJC18ROGR    (0)    2 :  0.166 0.380 0.453 
696 OmyJC18ROGR    (0)    2 :  0.079 0.861 0.060 
697 OmyJC18ROGR    (2)    2 :  0.652 0.170 0.179 
698 OmyJC18ROGR    (0)    2 :  0.655 0.297 0.048 
699 OmyJC18ROGR    (1)    2 :  0.693 0.114 0.194 
700 OmyJC18ROGR    (0)    2 :  0.141 0.637 0.222 
701 OmyJC18ROGR    (0)    2 :  0.535 0.283 0.182 
702 OmyJC18ROGR    (1)    2 :  0.297 0.237 0.466 
703 OmyJC18ROGR    (1)    2 :  0.071 0.575 0.354 
704 OmyJC18ROGR    (0)    2 :  0.170 0.197 0.633 
705 OmyJC18ROGR    (0)    2 :  0.448 0.453 0.099 
706 OmyJC18ROGR    (0)    2 :  0.292 0.200 0.508 
707 OmyJC18ROGR    (1)    2 :  0.836 0.079 0.085 
708 OmyJC18ROGR    (1)    2 :  0.431 0.263 0.305 
709 OmyJC18ROGR    (0)    2 :  0.253 0.252 0.494 
710 OmyJC18ROGR    (0)    2 :  0.444 0.368 0.188 
711 OmyJC18ROGR    (0)    2 :  0.109 0.556 0.335 
712 OmyJC18ROGR    (1)    2 :  0.293 0.565 0.141 
713 OmyJC18ROGR    (0)    2 :  0.221 0.579 0.200 
714 OmyJC18ROGR    (0)    2 :  0.182 0.617 0.201 
715 OmyJC18ROGR    (0)    2 :  0.140 0.625 0.235 
716 OmyJC18ROGR    (0)    2 :  0.186 0.192 0.622 
717 OmyJC18ROGR    (1)    2 :  0.665 0.166 0.168 
718 OmyJC18ROGR    (1)    2 :  0.707 0.180 0.113 
719 OmyJC18ROGR    (7)    2 :  0.781 0.178 0.041 
720 OmyJC18ROGR    (2)    2 :  0.165 0.662 0.173 
721 OmyJC18ROGR    (1)    2 :  0.553 0.322 0.125 
722 OmyJC18ROGR    (0)    2 :  0.404 0.462 0.134 
723 OmyJC18ROGR    (1)    2 :  0.598 0.293 0.109 
724 OmyJC18ROGR    (0)    2 :  0.112 0.315 0.573 
725 OmyJC18ROGR    (0)    2 :  0.439 0.422 0.139 
726 OmyJC18ROGR    (0)    2 :  0.440 0.446 0.114 
727 OmyJC18ROGR    (1)    2 :  0.750 0.108 0.143 
728 OmyJC18ROGR    (0)    2 :  0.391 0.239 0.370 
729 OmyJC18ROGR    (1)    2 :  0.544 0.311 0.145 
730 OmyJC18ROGR    (0)    2 :  0.211 0.529 0.259 
731 OmyJC18ROGR    (2)    2 :  0.141 0.125 0.734 
732 OmyJC18ROGR    (1)    2 :  0.534 0.088 0.378 
733 OmyJC18ROGR    (0)    2 :  0.259 0.636 0.104 
734 OmyJC18ROGR    (0)    2 :  0.224 0.669 0.107 
735 OmyJC18ROGR    (0)    2 :  0.573 0.346 0.081 
736 OmyJC18ROGR    (0)    2 :  0.129 0.592 0.279 
737 OmyJC18ROGR    (0)    2 :  0.154 0.626 0.219 
738 OmyJC18ROGR    (0)    2 :  0.261 0.337 0.403 
739 OmyJC18ROGR    (0)    2 :  0.519 0.245 0.236 
740 OmyJC18ROGR    (0)    2 :  0.628 0.329 0.042 
741 OmyJC18ROGR    (0)    2 :  0.170 0.427 0.403 
742 OmyJC18ROGR    (0)    2 :  0.461 0.337 0.202 
743 OmyJC18ROGR    (0)    2 :  0.079 0.805 0.116 
744 OmyJC18ROGR    (0)    2 :  0.267 0.658 0.074 
745 OmyJC18ROGR    (0)    2 :  0.253 0.661 0.086 
746 OmyJC18ROGR    (0)    2 :  0.117 0.315 0.568 
747 OmyJC18ROGR    (0)    2 :  0.044 0.059 0.897 
748 OmyJC18ROGR    (2)    2 :  0.075 0.709 0.216 
749 OmyJC18ROGR    (5)    2 :  0.504 0.121 0.374 
750 OmyJC18ROGR    (1)    2 :  0.267 0.530 0.203 
751 OmyJC18ROGR    (0)    2 :  0.082 0.505 0.413 
752 OmyJC18ROGR    (3)    2 :  0.306 0.634 0.061 
753 OmyJC18ROGR    (0)    2 :  0.068 0.879 0.052 
754 OmyJC18ROGR    (0)    2 :  0.315 0.549 0.135 
755 OmyJC18ROGR    (0)    2 :  0.852 0.074 0.074 
756 OmyJC18ROGR    (0)    2 :  0.112 0.581 0.307 
757 OmyJC18ROGR    (0)    2 :  0.630 0.228 0.142 
758 OmyJC18ROGR    (1)    2 :  0.282 0.435 0.283 
759 OmyJC18ROGR    (0)    2 :  0.291 0.509 0.201 
