

----------------------------------------------------
STRUCTURE by Pritchard, Stephens and Donnelly (2000)
     and Falush, Stephens and Pritchard (2003)
       Code by Pritchard, Falush and Hubisz
             Version 2.3.4 (Jul 2012)
----------------------------------------------------



Command line arguments:   bin/structure -m "/Users/ddayan/FRA/premature_migration/Rogue_Half-Pounder/half-pounder/structure/halfpounder_2021/10k_20k_adm_corr/mainparams" -e "/Users/ddayan/FRA/premature_migration/Rogue_Half-Pounder/half-pounder/structure/halfpounder_2021/10k_20k_adm_corr/extraparams" 
Input File:    /Users/ddayan/FRA/premature_migration/Rogue_Half-Pounder/half-pounder/structure/halfpounder_2021/project_data

Run parameters:
   1000 individuals
   328 loci
   3 populations assumed
   10000 Burn-in period
   20000 Reps


--------------------------------------------
Proportion of membership of each pre-defined
 population in each of the 3 clusters

Given    Inferred Clusters       Number of
 Pop       1      2      3      Individuals

  1:     0.323  0.304  0.373      275
  2:     0.339  0.289  0.373      643
  3:     0.766  0.111  0.124       42
  4:     0.254  0.148  0.598       40
--------------------------------------------

Allele-freq. divergence among pops (Net nucleotide distance),
computed using point estimates of P.

      1       2       3      
 1      -    0.0103  0.0030  
 2   0.0103     -    0.0086  
 3   0.0030  0.0086     -    

Average distances (expected heterozygosity) between individuals in same cluster:
cluster  1  : 0.2900 
cluster  2  : 0.2638 
cluster  3  : 0.2949 

--------------------------------------------
Estimated Ln Prob of Data   = -285255.4
Mean value of ln likelihood = -284311.9
Variance of ln likelihood   = 1886.8
Mean value of alpha         = 0.5239

Mean value of Fst_1         = 0.0225
Mean value of Fst_2         = 0.0728
Mean value of Fst_3         = 0.0063


Inferred ancestry of individuals:
        Label (%Miss) Pop:  Inferred clusters
  1 OmyAC19ROGR    (0)    1 :  0.544 0.046 0.409 
  2 OmyAC19ROGR    (0)    1 :  0.609 0.200 0.190 
  3 OmyAC19ROGR    (0)    1 :  0.598 0.183 0.220 
  4 OmyAC19ROGR    (0)    1 :  0.392 0.070 0.538 
  5 OmyAC19ROGR    (1)    1 :  0.028 0.941 0.031 
  6 OmyAC19ROGR    (0)    1 :  0.225 0.371 0.404 
  7 OmyAC19ROGR    (0)    1 :  0.290 0.356 0.354 
  8 OmyAC19ROGR    (0)    1 :  0.501 0.051 0.447 
  9 OmyAC19ROGR    (0)    1 :  0.385 0.415 0.200 
 10 OmyAC19ROGR    (0)    1 :  0.292 0.552 0.156 
 11 OmyAC19ROGR    (0)    1 :  0.305 0.161 0.535 
 12 OmyAC19ROGR    (0)    1 :  0.155 0.237 0.608 
 13 OmyAC19ROGR    (0)    1 :  0.445 0.097 0.458 
 14 OmyAC19ROGR    (0)    1 :  0.076 0.569 0.355 
 15 OmyAC19ROGR    (0)    1 :  0.095 0.535 0.370 
 16 OmyAC19ROGR    (0)    1 :  0.342 0.221 0.437 
 17 OmyAC19ROGR    (0)    1 :  0.091 0.208 0.701 
 18 OmyAC19ROGR    (2)    1 :  0.685 0.081 0.234 
 19 OmyAC19ROGR    (1)    1 :  0.447 0.149 0.404 
 20 OmyAC19ROGR    (0)    1 :  0.130 0.378 0.493 
 21 OmyAC19ROGR    (1)    1 :  0.316 0.408 0.276 
 22 OmyAC19ROGR    (0)    1 :  0.653 0.180 0.167 
 23 OmyAC19ROGR    (0)    1 :  0.311 0.460 0.229 
 24 OmyAC19ROGR    (0)    1 :  0.823 0.052 0.125 
 25 OmyAC19ROGR    (0)    1 :  0.235 0.393 0.372 
 26 OmyAC19ROGR    (0)    1 :  0.569 0.238 0.193 
 27 OmyAC19ROGR    (1)    1 :  0.145 0.149 0.706 
 28 OmyAC19ROGR    (0)    1 :  0.842 0.090 0.068 
 29 OmyAC19ROGR    (0)    1 :  0.385 0.173 0.442 
 30 OmyAC19ROGR    (0)    1 :  0.133 0.761 0.106 
 31 OmyAC19ROGR    (0)    1 :  0.381 0.130 0.489 
 32 OmyAC19ROGR    (0)    1 :  0.467 0.284 0.249 
 33 OmyAC19ROGR    (1)    1 :  0.533 0.204 0.263 
 34 OmyAC19ROGR    (0)    1 :  0.166 0.607 0.227 
 35 OmyAC19ROGR    (0)    1 :  0.597 0.173 0.230 
 36 OmyAC19ROGR    (0)    1 :  0.246 0.341 0.413 
 37 OmyAC19ROGR    (0)    1 :  0.621 0.248 0.131 
 38 OmyAC19ROGR    (0)    1 :  0.377 0.525 0.098 
 39 OmyAC19ROGR    (0)    1 :  0.245 0.255 0.500 
 40 OmyAC19ROGR    (0)    1 :  0.119 0.458 0.422 
 41 OmyAC19ROGR    (1)    1 :  0.182 0.119 0.699 
 42 OmyAC19ROGR    (0)    1 :  0.051 0.855 0.094 
 43 OmyAC19ROGR    (0)    1 :  0.403 0.127 0.471 
 44 OmyAC19ROGR    (6)    1 :  0.403 0.120 0.477 
 45 OmyAC19ROGR    (1)    1 :  0.373 0.459 0.167 
 46 OmyAC19ROGR    (0)    1 :  0.638 0.190 0.172 
 47 OmyAC19ROGR    (0)    1 :  0.705 0.148 0.146 
 48 OmyAC19ROGR    (0)    1 :  0.361 0.129 0.510 
 49 OmyAC19ROGR    (0)    1 :  0.569 0.093 0.339 
 50 OmyAC19ROGR    (0)    1 :  0.117 0.068 0.816 
 51 OmyAC19ROGR    (2)    1 :  0.080 0.787 0.132 
 52 OmyAC19ROGR    (0)    1 :  0.066 0.874 0.060 
 53 OmyAC19ROGR    (1)    1 :  0.803 0.085 0.112 
 54 OmyAC19ROGR    (0)    1 :  0.646 0.166 0.188 
 55 OmyAC19ROGR    (3)    1 :  0.185 0.202 0.613 
 56 OmyAC19ROGR    (0)    1 :  0.669 0.195 0.136 
 57 OmyAC19ROGR    (0)    1 :  0.795 0.049 0.156 
 58 OmyAC19ROGR    (0)    1 :  0.113 0.745 0.142 
 59 OmyAC19ROGR    (0)    1 :  0.712 0.060 0.228 
 60 OmyAC19ROGR    (1)    1 :  0.251 0.287 0.461 
 61 OmyAC19ROGR    (0)    1 :  0.662 0.139 0.200 
 62 OmyAC19ROGR    (0)    1 :  0.361 0.111 0.528 
 63 OmyAC19ROGR    (0)    1 :  0.489 0.361 0.150 
 64 OmyAC19ROGR    (2)    1 :  0.252 0.202 0.546 
 65 OmyAC19ROGR    (0)    1 :  0.357 0.121 0.522 
 66 OmyAC19ROGR    (3)    1 :  0.135 0.468 0.397 
 67 OmyAC19ROGR    (0)    1 :  0.713 0.101 0.186 
 68 OmyAC19ROGR    (1)    1 :  0.599 0.170 0.231 
 69 OmyAC19ROGR    (2)    1 :  0.555 0.362 0.083 
 70 OmyAC19ROGR    (0)    1 :  0.520 0.104 0.376 
 71 OmyAC19ROGR    (0)    1 :  0.396 0.117 0.487 
 72 OmyAC19ROGR    (4)    1 :  0.292 0.088 0.620 
 73 OmyAC19ROGR    (0)    1 :  0.497 0.341 0.162 
 74 OmyAC19ROGR    (0)    1 :  0.091 0.075 0.834 
 75 OmyAC19ROGR    (0)    1 :  0.415 0.249 0.335 
 76 OmyAC19ROGR    (0)    1 :  0.777 0.126 0.098 
 77 OmyAC19ROGR    (1)    1 :  0.032 0.923 0.044 
 78 OmyAC19ROGR    (0)    1 :  0.283 0.133 0.584 
 79 OmyAC19ROGR    (2)    1 :  0.503 0.174 0.323 
 80 OmyAC19ROGR    (1)    1 :  0.124 0.731 0.145 
 81 OmyAC19ROGR    (2)    1 :  0.194 0.572 0.234 
 82 OmyAC19ROGR    (1)    1 :  0.802 0.048 0.150 
 83 OmyAC19ROGR    (0)    1 :  0.631 0.140 0.229 
 84 OmyAC19ROGR    (0)    1 :  0.247 0.363 0.390 
 85 OmyAC19ROGR    (5)    1 :  0.514 0.103 0.383 
 86 OmyAC19ROGR    (0)    1 :  0.076 0.245 0.679 
 87 OmyAC19ROGR    (1)    1 :  0.667 0.130 0.204 
 88 OmyJC19ROGR    (0)    2 :  0.055 0.858 0.087 
 89 OmyJC19ROGR    (0)    2 :  0.296 0.227 0.476 
 90 OmyJC19ROGR    (0)    2 :  0.045 0.897 0.059 
 91 OmyJC19ROGR    (1)    2 :  0.513 0.044 0.443 
 92 OmyJC19ROGR    (0)    2 :  0.723 0.146 0.132 
 93 OmyJC19ROGR    (0)    2 :  0.852 0.047 0.101 
 94 OmyJC19ROGR    (0)    2 :  0.127 0.330 0.543 
 95 OmyJC19ROGR    (0)    2 :  0.164 0.302 0.534 
 96 OmyJC19ROGR    (0)    2 :  0.172 0.187 0.641 
 97 OmyJC19ROGR    (0)    2 :  0.699 0.240 0.061 
 98 OmyJC19ROGR    (0)    2 :  0.349 0.102 0.550 
 99 OmyJC19ROGR    (0)    2 :  0.649 0.185 0.166 
100 OmyJC19ROGR    (1)    2 :  0.347 0.146 0.507 
101 OmyJC19ROGR    (0)    2 :  0.291 0.585 0.124 
102 OmyJC19ROGR    (0)    2 :  0.206 0.214 0.580 
103 OmyJC19ROGR    (0)    2 :  0.437 0.312 0.251 
104 OmyJC19ROGR    (0)    2 :  0.746 0.082 0.172 
105 OmyJC19ROGR    (0)    2 :  0.562 0.276 0.162 
106 OmyJC19ROGR    (0)    2 :  0.058 0.909 0.033 
107 OmyJC19ROGR    (1)    2 :  0.286 0.241 0.473 
108 OmyJC19ROGR    (0)    2 :  0.485 0.166 0.349 
109 OmyJC19ROGR    (0)    2 :  0.091 0.345 0.564 
110 OmyJC19ROGR    (0)    2 :  0.480 0.415 0.105 
111 OmyJC19ROGR    (1)    2 :  0.680 0.185 0.134 
112 OmyJC19ROGR    (2)    2 :  0.169 0.244 0.587 
113 OmyJC19ROGR    (0)    2 :  0.130 0.719 0.151 
114 OmyJC19ROGR    (3)    2 :  0.409 0.147 0.443 
115 OmyJC19ROGR    (1)    2 :  0.657 0.150 0.193 
116 OmyJC19ROGR    (0)    2 :  0.257 0.249 0.493 
117 OmyJC19ROGR    (0)    2 :  0.226 0.338 0.435 
118 OmyJC19ROGR    (0)    2 :  0.484 0.076 0.440 
119 OmyJC19ROGR    (2)    2 :  0.214 0.137 0.649 
120 OmyJC19ROGR    (0)    2 :  0.813 0.047 0.140 
121 OmyJC19ROGR    (0)    2 :  0.170 0.123 0.708 
122 OmyJC19ROGR    (0)    2 :  0.420 0.169 0.411 
123 OmyJC19ROGR    (0)    2 :  0.406 0.064 0.530 
124 OmyJC19ROGR    (0)    2 :  0.203 0.286 0.511 
125 OmyJC19ROGR    (0)    2 :  0.612 0.209 0.179 
126 OmyJC19ROGR    (1)    2 :  0.093 0.757 0.150 
127 OmyJC19ROGR    (0)    2 :  0.179 0.118 0.704 
128 OmyJC19ROGR    (1)    2 :  0.750 0.125 0.124 
129 OmyJC19ROGR    (0)    2 :  0.382 0.453 0.166 
130 OmyJC19ROGR    (2)    2 :  0.100 0.153 0.747 
131 OmyJC19ROGR    (0)    2 :  0.536 0.214 0.251 
132 OmyJC19ROGR    (1)    2 :  0.693 0.112 0.195 
133 OmyJC19ROGR    (0)    2 :  0.435 0.083 0.482 
134 OmyJC19ROGR    (0)    2 :  0.325 0.222 0.453 
135 OmyJC19ROGR    (1)    2 :  0.853 0.070 0.077 
136 OmyJC19ROGR    (3)    2 :  0.375 0.109 0.516 
137 OmyJC19ROGR    (0)    2 :  0.122 0.327 0.552 
138 OmyJC19ROGR    (0)    2 :  0.073 0.787 0.140 
139 OmyJC19ROGR    (2)    2 :  0.332 0.078 0.590 
140 OmyJC19ROGR    (2)    2 :  0.239 0.227 0.535 
141 OmyJC19ROGR    (0)    2 :  0.273 0.462 0.266 
142 OmyJC19ROGR    (0)    2 :  0.310 0.446 0.243 
143 OmyJC19ROGR    (0)    2 :  0.754 0.134 0.111 
144 OmyJC19ROGR    (0)    2 :  0.295 0.056 0.649 
145 OmyJC19ROGR    (0)    2 :  0.153 0.104 0.742 
146 OmyJC19ROGR    (1)    2 :  0.700 0.165 0.135 
147 OmyJC19ROGR    (0)    2 :  0.332 0.193 0.475 
148 OmyJC19ROGR    (0)    2 :  0.358 0.067 0.576 
149 OmyJC19ROGR    (1)    2 :  0.640 0.178 0.183 
150 OmyJC19ROGR    (1)    2 :  0.692 0.139 0.170 
151 OmyJC19ROGR    (0)    2 :  0.365 0.274 0.361 
152 OmyJC19ROGR    (0)    2 :  0.303 0.135 0.562 
153 OmyJC19ROGR    (0)    2 :  0.834 0.094 0.072 
154 OmyJC19ROGR    (1)    2 :  0.172 0.179 0.649 
155 OmyJC19ROGR    (0)    2 :  0.469 0.213 0.318 
156 OmyJC19ROGR    (1)    2 :  0.333 0.230 0.436 
157 OmyJC19ROGR    (0)    2 :  0.487 0.187 0.325 
158 OmyJC19ROGR    (0)    2 :  0.518 0.057 0.425 
159 OmyJC19ROGR    (0)    2 :  0.130 0.113 0.758 
160 OmyJC19ROGR    (0)    2 :  0.493 0.161 0.346 
161 OmyJC19ROGR    (0)    2 :  0.605 0.074 0.321 
162 OmyJC19ROGR    (0)    2 :  0.327 0.155 0.518 
163 OmyJC19ROGR    (0)    2 :  0.735 0.100 0.165 
164 OmyJC19ROGR    (0)    2 :  0.206 0.086 0.708 
165 OmyJC19ROGR    (0)    2 :  0.348 0.064 0.588 
166 OmyJC19ROGR    (0)    2 :  0.226 0.146 0.628 
167 OmyJC19ROGR    (1)    2 :  0.533 0.214 0.253 
168 OmyJC19ROGR    (0)    2 :  0.302 0.172 0.525 
169 OmyJC19ROGR    (0)    2 :  0.027 0.927 0.045 
170 OmyJC19ROGR    (0)    2 :  0.747 0.137 0.116 
171 OmyJC19ROGR    (0)    2 :  0.196 0.077 0.727 
172 OmyJC19ROGR    (0)    2 :  0.403 0.445 0.152 
173 OmyJC19ROGR    (0)    2 :  0.057 0.879 0.064 
174 OmyJC19ROGR    (0)    2 :  0.449 0.110 0.441 
175 OmyJC19ROGR    (0)    2 :  0.263 0.093 0.643 
176 OmyJC19ROGR    (0)    2 :  0.652 0.183 0.165 
177 OmyJC19ROGR    (0)    2 :  0.854 0.039 0.108 
178 OmyJC19ROGR    (0)    2 :  0.057 0.103 0.840 
179 OmyJC19ROGR    (0)    2 :  0.689 0.063 0.248 
180 OmyJC19ROGR    (0)    2 :  0.094 0.848 0.058 
181 OmyJC19ROGR    (0)    2 :  0.289 0.157 0.554 
182 OmyJC19ROGR    (0)    2 :  0.257 0.319 0.424 
183 OmyJC19ROGR    (0)    2 :  0.253 0.096 0.651 
184 OmyJC19ROGR    (0)    2 :  0.189 0.678 0.133 
185 OmyJC19ROGR    (1)    2 :  0.439 0.044 0.517 
186 OmyJC19ROGR    (0)    2 :  0.679 0.189 0.131 
187 OmyJC19ROGR    (0)    2 :  0.200 0.085 0.714 
188 OmyJC19ROGR    (0)    2 :  0.374 0.107 0.518 
189 OmyJC19ROGR    (0)    2 :  0.514 0.304 0.183 
190 OmyJC19ROGR    (0)    2 :  0.760 0.104 0.135 
191 OmyJC19ROGR    (0)    2 :  0.720 0.097 0.184 
192 OmyJC19ROGR    (0)    2 :  0.086 0.122 0.791 
193 OmyJC19ROGR    (1)    2 :  0.300 0.274 0.426 
194 OmyJC19ROGR    (0)    2 :  0.143 0.054 0.803 
195 OmyJC19ROGR    (0)    2 :  0.059 0.813 0.129 
196 OmyJC19ROGR    (0)    2 :  0.151 0.113 0.736 
197 OmyJC19ROGR    (0)    2 :  0.589 0.150 0.261 
198 OmyJC19ROGR    (0)    2 :  0.104 0.774 0.122 
199 OmyJC19ROGR    (0)    2 :  0.324 0.073 0.604 
200 OmyJC19ROGR    (0)    2 :  0.667 0.183 0.150 
201 OmyJC19ROGR    (0)    2 :  0.239 0.075 0.686 
202 OmyJC19ROGR    (0)    2 :  0.843 0.037 0.120 
203 OmyJC19ROGR    (0)    2 :  0.404 0.121 0.475 
204 OmyJC19ROGR    (0)    2 :  0.336 0.127 0.537 
205 OmyJC19ROGR    (0)    2 :  0.266 0.270 0.464 
206 OmyJC19ROGR    (0)    2 :  0.066 0.857 0.078 
207 OmyJC19ROGR    (0)    2 :  0.201 0.419 0.380 
208 OmyJC19ROGR    (0)    2 :  0.131 0.100 0.769 
209 OmyJC19ROGR    (0)    2 :  0.310 0.581 0.110 
210 OmyJC19ROGR    (0)    2 :  0.045 0.896 0.060 
211 OmyJC19ROGR    (0)    2 :  0.375 0.333 0.292 
212 OmyJC19ROGR    (1)    2 :  0.574 0.286 0.140 
213 OmyJC19ROGR    (1)    2 :  0.326 0.118 0.557 
214 OmyJC19ROGR    (0)    2 :  0.168 0.135 0.698 
215 OmyJC19ROGR    (0)    2 :  0.257 0.089 0.654 
216 OmyJC19ROGR    (0)    2 :  0.060 0.821 0.120 
217 OmyJC19ROGR    (0)    2 :  0.188 0.540 0.273 
218 OmyJC19ROGR    (0)    2 :  0.644 0.097 0.259 
219 OmyJC19ROGR    (0)    2 :  0.109 0.245 0.646 
220 OmyJC19ROGR    (0)    2 :  0.510 0.041 0.449 
221 OmyJC19ROGR    (0)    2 :  0.232 0.423 0.344 
222 OmyJC19ROGR    (0)    2 :  0.626 0.094 0.280 
223 OmyJC19ROGR    (0)    2 :  0.261 0.134 0.605 
224 OmyJC19ROGR    (0)    2 :  0.132 0.083 0.785 
225 OmyJC19ROGR    (0)    2 :  0.036 0.915 0.048 
226 OmyJC19ROGR    (0)    2 :  0.127 0.376 0.497 
227 OmyJC19ROGR    (1)    2 :  0.073 0.885 0.042 
228 OmyJC19ROGR    (0)    2 :  0.097 0.089 0.813 
229 OmyJC19ROGR    (1)    2 :  0.531 0.093 0.376 
230 OmyJC19ROGR    (0)    2 :  0.399 0.366 0.235 
231 OmyJC19ROGR    (0)    2 :  0.159 0.218 0.623 
232 OmyJC19ROGR    (1)    2 :  0.407 0.145 0.448 
233 OmyJC19ROGR    (0)    2 :  0.273 0.314 0.413 
234 OmyJC19ROGR    (0)    2 :  0.058 0.897 0.046 
235 OmyJC19ROGR    (0)    2 :  0.185 0.699 0.116 
236 OmyJC19ROGR    (1)    2 :  0.343 0.095 0.562 
237 OmyJC19ROGR    (0)    2 :  0.328 0.157 0.515 
238 OmyJC19ROGR    (0)    2 :  0.147 0.213 0.640 
239 OmyJC19ROGR    (0)    2 :  0.271 0.244 0.485 
240 OmyJC19ROGR    (0)    2 :  0.352 0.146 0.502 
241 OmyJC19ROGR    (0)    2 :  0.597 0.209 0.194 
242 OmyJC19ROGR    (0)    2 :  0.441 0.065 0.494 
243 OmyJC19ROGR    (0)    2 :  0.587 0.126 0.286 
244 OmyJC19ROGR    (0)    2 :  0.580 0.169 0.251 
245 OmyJC19ROGR    (0)    2 :  0.041 0.916 0.043 
246 OmyJC19ROGR    (0)    2 :  0.518 0.326 0.157 
247 OmyJC19ROGR    (0)    2 :  0.194 0.662 0.144 
248 OmyJC19ROGR    (0)    2 :  0.214 0.628 0.158 
249 OmyJC19ROGR    (0)    2 :  0.187 0.199 0.614 
250 OmyJC19ROGR    (0)    2 :  0.302 0.210 0.489 
251 OmyJC19ROGR    (0)    2 :  0.275 0.147 0.578 
252 OmyJC19ROGR    (0)    2 :  0.827 0.090 0.083 
253 OmyJC19ROGR    (0)    2 :  0.291 0.247 0.462 
254 OmyJC19ROGR    (0)    2 :  0.611 0.162 0.227 
255 OmyJC19ROGR    (0)    2 :  0.706 0.101 0.193 
256 OmyJC19ROGR    (0)    2 :  0.396 0.437 0.166 
257 OmyJC19ROGR    (0)    2 :  0.247 0.227 0.526 
258 OmyAC19ROGR    (0)    1 :  0.327 0.309 0.364 
259 OmyAC19ROGR    (1)    1 :  0.161 0.553 0.286 
260 OmyAC19ROGR    (0)    1 :  0.181 0.076 0.744 
261 OmyAC19ROGR    (0)    1 :  0.179 0.172 0.649 
262 OmyAC19ROGR    (0)    1 :  0.303 0.264 0.433 
263 OmyAC19ROGR    (0)    1 :  0.628 0.127 0.245 
264 OmyAC19ROGR    (0)    1 :  0.308 0.181 0.511 
265 OmyAC19ROGR    (0)    1 :  0.433 0.125 0.442 
266 OmyAC19ROGR    (0)    1 :  0.199 0.066 0.735 
267 OmyAC19ROGR    (0)    1 :  0.290 0.303 0.407 
268 OmyAC19ROGR    (1)    1 :  0.537 0.295 0.168 
269 OmyAC19ROGR    (1)    1 :  0.181 0.333 0.486 
270 OmyAC19ROGR    (0)    1 :  0.656 0.099 0.244 
271 OmyAC19ROGR    (0)    1 :  0.179 0.471 0.350 
272 OmyAC19ROGR    (0)    1 :  0.145 0.345 0.510 
273 OmyAC19ROGR    (0)    1 :  0.499 0.116 0.385 
274 OmyAC19ROGR    (0)    1 :  0.099 0.812 0.089 
275 OmyAC19ROGR    (0)    1 :  0.491 0.248 0.261 
276 OmyAC19ROGR    (0)    1 :  0.290 0.196 0.514 
277 OmyAC19ROGR    (0)    1 :  0.131 0.214 0.655 
278 OmyAC19ROGR    (0)    1 :  0.146 0.487 0.366 
279 OmyAC19ROGR    (0)    1 :  0.125 0.361 0.514 
280 OmyAC19ROGR    (0)    1 :  0.509 0.265 0.226 
281 OmyAC19ROGR    (0)    1 :  0.277 0.151 0.572 
282 OmyAC19ROGR    (0)    1 :  0.375 0.319 0.306 
283 OmyAC19ROGR    (0)    1 :  0.159 0.128 0.713 
284 OmyAC19ROGR    (0)    1 :  0.351 0.077 0.573 
285 OmyAC19ROGR    (0)    1 :  0.493 0.137 0.370 
286 OmyAC19ROGR    (0)    1 :  0.400 0.067 0.533 
287 OmyAC19ROGR    (0)    1 :  0.026 0.945 0.029 
288 OmyAC19ROGR    (0)    1 :  0.075 0.817 0.107 
289 OmyAC19ROGR    (0)    1 :  0.218 0.308 0.474 
290 OmyAC19ROGR    (1)    1 :  0.037 0.928 0.036 
291 OmyAC19ROGR    (0)    1 :  0.302 0.515 0.183 
292 OmyAC19ROGR    (1)    1 :  0.187 0.338 0.475 
293 OmyAC19ROGR    (0)    1 :  0.767 0.075 0.158 
294 OmyAC19ROGR    (0)    1 :  0.152 0.487 0.362 
295 OmyAC19ROGR    (0)    1 :  0.384 0.085 0.532 
296 OmyAC19ROGR    (0)    1 :  0.268 0.114 0.618 
297 OmyAC19ROGR    (0)    1 :  0.064 0.821 0.114 
298 OmyAC19ROGR    (0)    1 :  0.134 0.073 0.793 
299 OmyAC19ROGR    (0)    1 :  0.409 0.395 0.196 
300 OmyAC19ROGR    (0)    1 :  0.296 0.106 0.598 
301 OmyAC19ROGR    (0)    1 :  0.044 0.899 0.057 
302 OmyAC19ROGR    (0)    1 :  0.122 0.575 0.303 
303 OmyAC19ROGR    (0)    1 :  0.181 0.254 0.565 
304 OmyAC19ROGR    (0)    1 :  0.241 0.293 0.465 
305 OmyAC19ROGR    (0)    1 :  0.268 0.104 0.627 
306 OmyAC19ROGR    (0)    1 :  0.056 0.745 0.199 
307 OmyAC19ROGR    (1)    1 :  0.506 0.076 0.417 
308 OmyAC19ROGR    (0)    1 :  0.163 0.226 0.611 
309 OmyAC19ROGR    (1)    1 :  0.058 0.885 0.057 
310 OmyAC19ROGR    (0)    1 :  0.219 0.501 0.280 
311 OmyAC19ROGR    (0)    1 :  0.131 0.595 0.275 
312 OmyAC19ROGR    (0)    1 :  0.597 0.111 0.291 
313 OmyAC19ROGR    (0)    1 :  0.309 0.061 0.629 
314 OmyAC19ROGR    (0)    1 :  0.729 0.116 0.155 
315 OmyAC19ROGR    (0)    1 :  0.291 0.185 0.524 
316 OmyAC19ROGR    (0)    1 :  0.265 0.108 0.626 
317 OmyAC19ROGR    (0)    1 :  0.692 0.122 0.186 
318 OmyAC19ROGR    (0)    1 :  0.696 0.073 0.231 
319 OmyAC19ROGR    (1)    1 :  0.361 0.054 0.585 
320 OmyAC19ROGR    (0)    1 :  0.177 0.039 0.785 
321 OmyAC19ROGR    (0)    1 :  0.204 0.089 0.707 
322 OmyAC19ROGR    (0)    1 :  0.189 0.590 0.220 
323 OmyAC19ROGR    (0)    1 :  0.088 0.085 0.827 
324 OmyAC19ROGR    (0)    1 :  0.362 0.098 0.540 
325 OmyAC19ROGR    (0)    1 :  0.184 0.529 0.287 
326 OmyAC19ROGR    (0)    1 :  0.136 0.128 0.736 
327 OmyAC19ROGR    (0)    1 :  0.323 0.099 0.578 
328 OmyAC20ROGR    (1)    1 :  0.349 0.085 0.566 
329 OmyAC20ROGR    (0)    1 :  0.540 0.190 0.270 
330 OmyAC20ROGR    (0)    1 :  0.379 0.181 0.440 
331 OmyAC20ROGR    (0)    1 :  0.278 0.476 0.246 
332 OmyAC20ROGR    (0)    1 :  0.426 0.354 0.220 
333 OmyAC20ROGR    (0)    1 :  0.393 0.439 0.168 
334 OmyAC20ROGR    (0)    1 :  0.742 0.076 0.182 
335 OmyAC20ROGR    (0)    1 :  0.459 0.126 0.415 
336 OmyAC20ROGR    (0)    1 :  0.341 0.309 0.350 
337 OmyAC20ROGR    (0)    1 :  0.186 0.588 0.226 
338 OmyAC20ROGR    (0)    1 :  0.480 0.269 0.250 
339 OmyAC20ROGR    (0)    1 :  0.243 0.250 0.507 
340 OmyAC20ROGR    (0)    1 :  0.767 0.128 0.105 
341 OmyAC20ROGR    (0)    1 :  0.680 0.183 0.137 
342 OmyAC20ROGR    (0)    1 :  0.364 0.324 0.311 
343 OmyAC20ROGR    (0)    1 :  0.623 0.156 0.221 
344 OmyAC20ROGR    (0)    1 :  0.472 0.318 0.210 
345 OmyAC20ROGR    (1)    1 :  0.155 0.328 0.517 
346 OmyAC20ROGR    (0)    1 :  0.285 0.386 0.329 
347 OmyAC20ROGR    (0)    1 :  0.245 0.381 0.374 
348 OmyAC20ROGR    (0)    1 :  0.490 0.334 0.176 
349 OmyAC20ROGR    (0)    1 :  0.625 0.158 0.216 
350 OmyAC20ROGR    (0)    1 :  0.253 0.217 0.530 
351 OmyAC20ROGR    (0)    1 :  0.451 0.275 0.274 
352 OmyAC20ROGR    (0)    1 :  0.258 0.140 0.602 
353 OmyAC20ROGR    (0)    1 :  0.424 0.098 0.478 
354 OmyAC20ROGR    (0)    1 :  0.466 0.428 0.105 
355 OmyAC20ROGR    (0)    1 :  0.553 0.184 0.264 
356 OmyAC20ROGR    (0)    1 :  0.293 0.105 0.602 
357 OmyAC20ROGR    (0)    1 :  0.174 0.251 0.574 
358 OmyAC20ROGR    (0)    1 :  0.184 0.111 0.704 
359 OmyAC20ROGR    (0)    1 :  0.058 0.368 0.574 
360 OmyAC20ROGR    (0)    1 :  0.311 0.387 0.302 
361 OmyAC20ROGR    (0)    1 :  0.129 0.110 0.761 
362 OmyAC20ROGR    (0)    1 :  0.159 0.136 0.705 
363 OmyAC20ROGR    (0)    1 :  0.481 0.293 0.226 
364 OmyAC20ROGR    (1)    1 :  0.614 0.107 0.279 
365 OmyAC20ROGR    (0)    1 :  0.278 0.061 0.661 
366 OmyAC20ROGR    (0)    1 :  0.513 0.100 0.387 
367 OmyAC20ROGR    (0)    1 :  0.289 0.271 0.440 
368 OmyAC20ROGR    (1)    1 :  0.144 0.232 0.624 
369 OmyAC20ROGR    (0)    1 :  0.347 0.454 0.199 
370 OmyAC20ROGR    (0)    1 :  0.117 0.765 0.118 
371 OmyAC20ROGR    (0)    1 :  0.073 0.841 0.086 
372 OmyAC20ROGR    (2)    1 :  0.043 0.898 0.059 
373 OmyAC20ROGR    (0)    1 :  0.101 0.555 0.344 
374 OmyAC20ROGR    (0)    1 :  0.426 0.085 0.489 
375 OmyAC20ROGR    (0)    1 :  0.252 0.202 0.546 
376 OmyAC20ROGR    (0)    1 :  0.186 0.631 0.183 
377 OmyAC20ROGR    (0)    1 :  0.632 0.066 0.302 
378 OmyAC20ROGR    (0)    1 :  0.528 0.077 0.395 
379 OmyAC20ROGR    (0)    1 :  0.273 0.538 0.189 
380 OmyAC20ROGR    (1)    1 :  0.316 0.067 0.616 
381 OmyAC20ROGR    (0)    1 :  0.156 0.235 0.609 
382 OmyAC20ROGR    (0)    1 :  0.051 0.873 0.077 
383 OmyAC20ROGR    (0)    1 :  0.102 0.352 0.545 
384 OmyAC20ROGR    (0)    1 :  0.303 0.489 0.208 
385 OmyAC20ROGR    (0)    1 :  0.078 0.422 0.500 
386 OmyAC20ROGR    (0)    1 :  0.327 0.308 0.365 
387 OmyAC20ROGR    (0)    1 :  0.110 0.465 0.425 
388 OmyAC20ROGR    (0)    1 :  0.418 0.427 0.155 
389 OmyAC20ROGR    (0)    1 :  0.136 0.097 0.766 
390 OmyAC20ROGR    (0)    1 :  0.260 0.065 0.676 
391 OmyAC20ROGR    (0)    1 :  0.277 0.512 0.211 
392 OmyAC20ROGR    (0)    1 :  0.328 0.421 0.251 
393 OmyAC20ROGR    (0)    1 :  0.490 0.188 0.321 
394 OmyAC20ROGR    (1)    1 :  0.188 0.215 0.597 
395 OmyAC20ROGR    (0)    1 :  0.414 0.173 0.413 
396 OmyAC20ROGR    (0)    1 :  0.219 0.127 0.654 
397 OmyAC20ROGR    (0)    1 :  0.146 0.436 0.418 
398 OmyAC20ROGR    (0)    1 :  0.194 0.716 0.090 
399 OmyAC20ROGR    (0)    1 :  0.277 0.353 0.370 
400 OmyAC20ROGR    (0)    1 :  0.306 0.266 0.428 
401 OmyAC20ROGR    (1)    1 :  0.074 0.872 0.054 
402 OmyAC20ROGR    (0)    1 :  0.689 0.072 0.239 
403 OmyAC20ROGR    (0)    1 :  0.458 0.298 0.244 
404 OmyAC20ROGR    (0)    1 :  0.631 0.075 0.294 
405 OmyAC20ROGR    (0)    1 :  0.116 0.449 0.435 
406 OmyAC20ROGR    (0)    1 :  0.524 0.193 0.282 
407 OmyAC20ROGR    (0)    1 :  0.097 0.138 0.765 
408 OmyAC20ROGR    (0)    1 :  0.453 0.190 0.357 
409 OmyAC20ROGR    (0)    1 :  0.094 0.153 0.753 
410 OmyAC20ROGR    (0)    1 :  0.038 0.900 0.062 
411 OmyAC20ROGR    (0)    1 :  0.153 0.659 0.188 
412 OmyAC20ROGR    (0)    1 :  0.510 0.246 0.244 
413 OmyAC20ROGR    (0)    1 :  0.101 0.116 0.783 
414 OmyAC20ROGR    (0)    1 :  0.353 0.484 0.163 
415 OmyAC20ROGR    (0)    1 :  0.404 0.085 0.512 
416 OmyAC20ROGR    (0)    1 :  0.418 0.182 0.401 
417 OmyAC20ROGR    (0)    1 :  0.280 0.086 0.634 
418 OmyAC20ROGR    (0)    1 :  0.201 0.321 0.478 
419 OmyAC20ROGR    (0)    1 :  0.102 0.528 0.370 
420 OmyAC20ROGR    (0)    1 :  0.530 0.095 0.376 
421 OmyAC20ROGR    (0)    1 :  0.490 0.249 0.260 
422 OmyAC20ROGR    (0)    1 :  0.047 0.904 0.049 
423 OmyAC20ROGR    (0)    1 :  0.076 0.082 0.842 
424 OmyAC20ROGR    (0)    1 :  0.176 0.075 0.750 
425 OmyAC20ROGR    (0)    1 :  0.112 0.843 0.045 
426 OmyAC20ROGR    (0)    1 :  0.240 0.214 0.546 
427 OmyAC20ROGR    (0)    1 :  0.243 0.395 0.362 
428 OmyAC20ROGR    (0)    1 :  0.041 0.919 0.040 
429 OmyAC20ROGR    (0)    1 :  0.215 0.081 0.705 
430 OmyAC20ROGR    (0)    1 :  0.101 0.226 0.674 
431 OmyAC20ROGR    (0)    1 :  0.233 0.610 0.158 
432 OmyAC20ROGR    (0)    1 :  0.075 0.859 0.065 
433 OmyAC20ROGR    (0)    1 :  0.066 0.878 0.056 
434 OmyAC20ROGR    (0)    1 :  0.074 0.376 0.550 
435 OmyAC20ROGR    (0)    1 :  0.620 0.069 0.311 
436 OmyAC20ROGR    (0)    1 :  0.102 0.111 0.787 
437 OmyAC20ROGR    (0)    1 :  0.118 0.707 0.175 
438 OmyAC20ROGR    (0)    1 :  0.171 0.558 0.271 
439 OmyAC20ROGR    (0)    1 :  0.158 0.197 0.644 
440 OmyAC20ROGR    (0)    1 :  0.080 0.808 0.111 
441 OmyAC20ROGR    (0)    1 :  0.257 0.067 0.676 
442 OmyAC20ROGR    (0)    1 :  0.210 0.179 0.611 
443 OmyAC20ROGR    (0)    1 :  0.694 0.058 0.248 
444 OmyAC20ROGR    (0)    1 :  0.108 0.245 0.646 
445 OmyAC20ROGR    (0)    1 :  0.148 0.246 0.606 
446 OmyJC18ROGR    (0)    2 :  0.586 0.128 0.286 
447 OmyJC18ROGR    (0)    2 :  0.236 0.161 0.603 
448 OmyJC18ROGR    (0)    2 :  0.129 0.171 0.700 
449 OmyJC18ROGR    (0)    2 :  0.127 0.730 0.143 
450 OmyJC18ROGR    (0)    2 :  0.163 0.711 0.126 
451 OmyJC18ROGR    (0)    2 :  0.066 0.872 0.062 
452 OmyJC18ROGR    (0)    2 :  0.376 0.386 0.238 
453 OmyJC18ROGR    (0)    2 :  0.727 0.082 0.191 
454 OmyJC18ROGR    (0)    2 :  0.060 0.877 0.064 
455 OmyJC18ROGR    (0)    2 :  0.167 0.104 0.729 
456 OmyJC18ROGR    (0)    2 :  0.047 0.875 0.079 
457 OmyJC18ROGR    (0)    2 :  0.206 0.153 0.640 
458 OmyJC18ROGR    (0)    2 :  0.508 0.280 0.212 
459 OmyJC18ROGR    (0)    2 :  0.593 0.061 0.346 
460 OmyJC18ROGR    (2)    2 :  0.201 0.549 0.250 
461 OmyJC18ROGR    (1)    2 :  0.401 0.431 0.168 
462 OmyJC18ROGR    (3)    2 :  0.260 0.546 0.194 
463 OmyJC18ROGR    (1)    2 :  0.128 0.763 0.109 
464 OmyJC18ROGR    (3)    2 :  0.104 0.068 0.828 
465 OmyJC18ROGR    (3)    2 :  0.140 0.150 0.710 
466 OmyJC18ROGR    (0)    2 :  0.272 0.371 0.358 
467 OmyJC18ROGR    (1)    2 :  0.232 0.118 0.650 
468 OmyJC18ROGR    (0)    2 :  0.138 0.166 0.696 
469 OmyJC18ROGR    (0)    2 :  0.083 0.784 0.133 
470 OmyJC18ROGR    (3)    2 :  0.164 0.652 0.184 
471 OmyJC18ROGR    (1)    2 :  0.289 0.451 0.260 
472 OmyJC18ROGR    (1)    2 :  0.218 0.239 0.543 
473 OmyJC18ROGR    (2)    2 :  0.316 0.094 0.590 
474 OmyJC18ROGR    (0)    2 :  0.599 0.119 0.283 
475 OmyJC18ROGR    (1)    2 :  0.210 0.717 0.073 
476 OmyJC18ROGR    (2)    2 :  0.617 0.058 0.325 
477 OmyJC18ROGR    (3)    2 :  0.285 0.262 0.454 
478 OmyJC18ROGR    (0)    2 :  0.650 0.141 0.209 
479 OmyJC18ROGR    (0)    2 :  0.167 0.061 0.773 
480 OmyJC18ROGR    (0)    2 :  0.220 0.312 0.468 
481 OmyJC18ROGR    (2)    2 :  0.349 0.383 0.268 
482 OmyJC18ROGR    (3)    2 :  0.253 0.060 0.687 
483 OmyJC18ROGR    (3)    2 :  0.085 0.124 0.790 
484 OmyJC18ROGR    (3)    2 :  0.389 0.152 0.458 
485 OmyJC18ROGR    (2)    2 :  0.116 0.717 0.167 
486 OmyJC18ROGR    (2)    2 :  0.145 0.548 0.307 
487 OmyJC18ROGR    (1)    2 :  0.563 0.246 0.191 
488 OmyJC18ROGR    (3)    2 :  0.421 0.191 0.388 
489 OmyJC18ROGR    (0)    2 :  0.511 0.106 0.383 
490 OmyJC18ROGR    (2)    2 :  0.293 0.228 0.479 
491 OmyJC18ROGR    (4)    2 :  0.611 0.244 0.145 
492 OmyJC18ROGR    (4)    2 :  0.812 0.057 0.132 
493 OmyJC18ROGR    (3)    2 :  0.156 0.258 0.586 
494 OmyJC18ROGR    (3)    2 :  0.046 0.894 0.060 
495 OmyJC18ROGR    (3)    2 :  0.580 0.279 0.141 
496 OmyJC18ROGR    (0)    2 :  0.499 0.188 0.313 
497 OmyJC18ROGR    (5)    2 :  0.395 0.236 0.369 
498 OmyJC18ROGR    (3)    2 :  0.390 0.391 0.219 
499 OmyJC18ROGR    (1)    2 :  0.436 0.138 0.426 
500 OmyJC18ROGR    (1)    2 :  0.316 0.082 0.602 
501 OmyJC18ROGR    (3)    2 :  0.209 0.582 0.209 
502 OmyJC18ROGR    (1)    2 :  0.087 0.361 0.552 
503 OmyJC18ROGR    (4)    2 :  0.075 0.133 0.791 
504 OmyJC18ROGR    (1)    2 :  0.096 0.463 0.441 
505 OmyJC18ROGR    (0)    2 :  0.389 0.383 0.228 
506 OmyJC18ROGR    (6)    2 :  0.605 0.160 0.235 
507 OmyJC18ROGR    (0)    2 :  0.222 0.315 0.463 
508 OmyJC18ROGR    (0)    2 :  0.168 0.194 0.638 
509 OmyJC18ROGR    (2)    2 :  0.078 0.872 0.051 
510 OmyJC18ROGR    (1)    2 :  0.303 0.077 0.620 
511 OmyJC18ROGR    (3)    2 :  0.638 0.264 0.098 
512 OmyJC18ROGR    (2)    2 :  0.058 0.797 0.145 
513 OmyJC18ROGR    (7)    2 :  0.541 0.332 0.128 
514 OmyJC18ROGR    (3)    2 :  0.244 0.618 0.138 
515 OmyJC18ROGR    (0)    2 :  0.277 0.194 0.529 
516 OmyJC18ROGR    (2)    2 :  0.290 0.358 0.352 
517 OmyJC18ROGR    (2)    2 :  0.380 0.415 0.205 
518 OmyJC18ROGR    (0)    2 :  0.237 0.131 0.632 
519 OmyJC18ROGR    (7)    2 :  0.745 0.146 0.109 
520 OmyJC18ROGR    (4)    2 :  0.531 0.340 0.129 
521 OmyJC18ROGR    (1)    2 :  0.479 0.343 0.178 
522 OmyJC18ROGR    (1)    2 :  0.128 0.302 0.570 
523 OmyJC18ROGR    (3)    2 :  0.243 0.137 0.621 
524 OmyJC18ROGR    (1)    2 :  0.142 0.092 0.766 
525 OmyJC18ROGR    (2)    2 :  0.462 0.305 0.232 
526 OmyJC18ROGR    (1)    2 :  0.487 0.198 0.315 
527 OmyJC18ROGR    (0)    2 :  0.579 0.108 0.313 
528 OmyJC18ROGR    (0)    2 :  0.222 0.114 0.664 
529 OmyJC18ROGR    (1)    2 :  0.350 0.104 0.546 
530 OmyJC18ROGR    (0)    2 :  0.085 0.075 0.840 
531 OmyJC18ROGR    (0)    2 :  0.098 0.120 0.783 
532 OmyJC18ROGR    (1)    2 :  0.147 0.070 0.783 
533 OmyJC18ROGR    (2)    2 :  0.566 0.062 0.372 
534 OmyJC18ROGR    (2)    2 :  0.234 0.172 0.594 
535 OmyJC18ROGR    (0)    2 :  0.528 0.143 0.329 
536 OmyJC18ROGR    (0)    2 :  0.799 0.084 0.117 
537 OmyJC18ROGR    (0)    2 :  0.625 0.083 0.292 
538 OmyJC18ROGR    (0)    2 :  0.124 0.117 0.759 
539 OmyJC18ROGR    (1)    2 :  0.178 0.152 0.670 
540 OmyJC18ROGR    (6)    2 :  0.505 0.171 0.324 
541 OmyJC18ROGR    (1)    2 :  0.394 0.136 0.470 
542 OmyJC18ROGR    (1)    2 :  0.300 0.335 0.365 
543 OmyJC18ROGR    (0)    2 :  0.234 0.421 0.345 
544 OmyJC18ROGR    (2)    2 :  0.457 0.129 0.414 
545 OmyJC18ROGR    (1)    2 :  0.069 0.672 0.260 
546 OmyJC18ROGR    (6)    2 :  0.185 0.048 0.767 
547 OmyJC18ROGR    (0)    2 :  0.092 0.257 0.650 
548 OmyJC18ROGR    (1)    2 :  0.478 0.307 0.215 
549 OmyJC18ROGR    (0)    2 :  0.183 0.136 0.682 
550 OmyJC18ROGR    (1)    2 :  0.125 0.805 0.070 
551 OmyJC18ROGR    (1)    2 :  0.718 0.142 0.140 
552 OmyJC18ROGR    (2)    2 :  0.243 0.260 0.497 
553 OmyJC18ROGR    (7)    2 :  0.272 0.178 0.550 
554 OmyJC18ROGR    (2)    2 :  0.290 0.099 0.611 
555 OmyJC18ROGR    (3)    2 :  0.484 0.111 0.405 
556 OmyJC18ROGR    (0)    2 :  0.767 0.152 0.080 
557 OmyJC18ROGR    (1)    2 :  0.162 0.627 0.211 
558 OmyJC18ROGR    (0)    2 :  0.660 0.265 0.075 
559 OmyJC18ROGR    (0)    2 :  0.167 0.077 0.756 
560 OmyJC18ROGR    (5)    2 :  0.480 0.251 0.269 
561 OmyJC18ROGR    (0)    2 :  0.091 0.076 0.833 
562 OmyJC18ROGR    (6)    2 :  0.605 0.110 0.285 
563 OmyJC18ROGR    (2)    2 :  0.457 0.173 0.370 
564 OmyJC18ROGR    (3)    2 :  0.464 0.403 0.132 
565 OmyJC18ROGR    (3)    2 :  0.323 0.232 0.445 
566 OmyJC18ROGR    (1)    2 :  0.228 0.190 0.582 
567 OmyJC18ROGR    (0)    2 :  0.158 0.080 0.762 
568 OmyJC18ROGR    (3)    2 :  0.522 0.258 0.220 
569 OmyJC18ROGR    (2)    2 :  0.257 0.148 0.594 
570 OmyJC18ROGR    (0)    2 :  0.094 0.175 0.731 
571 OmyJC18ROGR    (1)    2 :  0.090 0.070 0.840 
572 OmyJC18ROGR    (4)    2 :  0.634 0.120 0.246 
573 OmyJC18ROGR    (3)    2 :  0.255 0.560 0.186 
574 OmyJC18ROGR    (5)    2 :  0.290 0.350 0.360 
575 OmyJC18ROGR    (3)    2 :  0.731 0.081 0.189 
576 OmyJC18ROGR    (0)    2 :  0.372 0.159 0.469 
577 OmyJC18ROGR    (0)    2 :  0.046 0.874 0.080 
578 OmyJC18ROGR    (1)    2 :  0.158 0.100 0.741 
579 OmyJC18ROGR    (0)    2 :  0.124 0.794 0.082 
580 OmyJC18ROGR    (0)    2 :  0.481 0.048 0.470 
581 OmyJC18ROGR    (3)    2 :  0.200 0.159 0.641 
582 OmyJC18ROGR    (6)    2 :  0.465 0.083 0.452 
583 OmyJC18ROGR    (3)    2 :  0.612 0.084 0.304 
584 OmyJC18ROGR    (3)    2 :  0.436 0.170 0.394 
585 OmyJC18ROGR    (1)    2 :  0.353 0.238 0.409 
586 OmyJC18ROGR    (1)    2 :  0.235 0.049 0.716 
587 OmyJC18ROGR    (0)    2 :  0.043 0.912 0.045 
588 OmyJC18ROGR    (0)    2 :  0.500 0.343 0.157 
589 OmyJC18ROGR    (1)    2 :  0.476 0.204 0.321 
590 OmyJC18ROGR    (2)    2 :  0.095 0.029 0.876 
591 OmyJC18ROGR    (0)    2 :  0.313 0.158 0.529 
592 OmyJC18ROGR    (3)    2 :  0.199 0.166 0.636 
593 OmyJC18ROGR    (0)    2 :  0.499 0.258 0.243 
594 OmyJC18ROGR    (1)    2 :  0.297 0.111 0.591 
595 OmyJC18ROGR    (0)    2 :  0.630 0.198 0.172 
596 OmyJC18ROGR    (1)    2 :  0.315 0.240 0.445 
597 OmyJC18ROGR    (0)    2 :  0.433 0.171 0.396 
598 OmyJC18ROGR    (1)    2 :  0.205 0.178 0.617 
599 OmyJC18ROGR    (0)    2 :  0.198 0.165 0.636 
600 OmyJC18ROGR    (0)    2 :  0.721 0.111 0.169 
601 OmyJC18ROGR    (0)    2 :  0.467 0.105 0.428 
602 OmyJC18ROGR    (0)    2 :  0.186 0.208 0.606 
603 OmyJC18ROGR    (0)    2 :  0.633 0.087 0.280 
604 OmyJC18ROGR    (0)    2 :  0.419 0.128 0.453 
605 OmyJC18ROGR    (0)    2 :  0.808 0.077 0.116 
606 OmyJC18ROGR    (0)    2 :  0.564 0.174 0.262 
607 OmyJC18ROGR    (0)    2 :  0.203 0.154 0.644 
608 OmyJC18ROGR    (0)    2 :  0.098 0.071 0.831 
609 OmyJC18ROGR    (0)    2 :  0.716 0.125 0.159 
610 OmyJC18ROGR    (4)    2 :  0.120 0.814 0.066 
611 OmyJC18ROGR    (0)    2 :  0.429 0.397 0.174 
612 OmyJC18ROGR    (2)    2 :  0.334 0.129 0.537 
613 OmyJC18ROGR    (0)    2 :  0.516 0.201 0.283 
614 OmyJC18ROGR    (0)    2 :  0.127 0.298 0.575 
615 OmyJC18ROGR    (0)    2 :  0.538 0.055 0.407 
616 OmyJC18ROGR    (0)    2 :  0.406 0.271 0.323 
617 OmyJC18ROGR    (0)    2 :  0.447 0.119 0.434 
618 OmyJC18ROGR    (0)    2 :  0.097 0.226 0.677 
619 OmyJC18ROGR    (0)    2 :  0.691 0.089 0.220 
620 OmyJC18ROGR    (0)    2 :  0.586 0.281 0.133 
621 OmyJC18ROGR    (1)    2 :  0.441 0.213 0.346 
622 OmyJC18ROGR    (2)    2 :  0.666 0.146 0.188 
623 OmyJC18ROGR    (1)    2 :  0.157 0.165 0.678 
624 OmyJC18ROGR    (2)    2 :  0.266 0.151 0.583 
625 OmyJC18ROGR    (0)    2 :  0.145 0.259 0.596 
626 OmyJC18ROGR    (6)    2 :  0.414 0.118 0.468 
627 OmyJC18ROGR    (0)    2 :  0.444 0.289 0.267 
628 OmyJC18ROGR    (0)    2 :  0.033 0.935 0.032 
629 OmyJC18ROGR    (1)    2 :  0.551 0.265 0.184 
630 OmyJC18ROGR    (1)    2 :  0.741 0.078 0.181 
631 OmyJC18ROGR    (3)    2 :  0.293 0.102 0.605 
632 OmyJC18ROGR    (0)    2 :  0.819 0.073 0.108 
633 OmyJC18ROGR    (4)    2 :  0.366 0.118 0.516 
634 OmyJC18ROGR    (2)    2 :  0.434 0.456 0.110 
635 OmyJC18ROGR    (0)    2 :  0.515 0.062 0.423 
636 OmyJC18ROGR    (0)    2 :  0.226 0.598 0.175 
637 OmyJC18ROGR    (0)    2 :  0.488 0.234 0.278 
638 OmyJC18ROGR    (0)    2 :  0.377 0.135 0.488 
639 OmyJC18ROGR    (1)    2 :  0.395 0.283 0.322 
640 OmyJC18ROGR    (1)    2 :  0.172 0.532 0.296 
641 OmyJC18ROGR    (0)    2 :  0.428 0.435 0.137 
642 OmyJC18ROGR    (3)    2 :  0.281 0.259 0.460 
643 OmyJC18ROGR    (1)    2 :  0.629 0.130 0.241 
644 OmyJC18ROGR    (7)    2 :  0.169 0.056 0.776 
645 OmyJC18ROGR    (4)    2 :  0.189 0.213 0.598 
646 OmyJC18ROGR    (0)    2 :  0.353 0.076 0.572 
647 OmyJC18ROGR    (1)    2 :  0.132 0.091 0.778 
648 OmyJC18ROGR    (1)    2 :  0.596 0.198 0.206 
649 OmyJC18ROGR    (0)    2 :  0.255 0.107 0.638 
650 OmyJC18ROGR    (1)    2 :  0.286 0.048 0.666 
651 OmyJC18ROGR    (5)    2 :  0.087 0.853 0.061 
652 OmyJC18ROGR    (1)    2 :  0.385 0.268 0.346 
653 OmyJC18ROGR    (3)    2 :  0.578 0.173 0.249 
654 OmyJC18ROGR    (1)    2 :  0.187 0.218 0.594 
655 OmyJC18ROGR    (2)    2 :  0.216 0.427 0.357 
656 OmyJC18ROGR    (0)    2 :  0.263 0.079 0.657 
657 OmyJC18ROGR    (0)    2 :  0.520 0.117 0.363 
658 OmyJC18ROGR    (0)    2 :  0.268 0.134 0.598 
659 OmyJC18ROGR    (5)    2 :  0.505 0.042 0.453 
660 OmyJC18ROGR    (3)    2 :  0.333 0.274 0.392 
661 OmyJC18ROGR    (2)    2 :  0.611 0.061 0.328 
662 OmyJC18ROGR    (1)    2 :  0.647 0.192 0.162 
663 OmyJC18ROGR    (2)    2 :  0.335 0.443 0.221 
664 OmyJC18ROGR    (0)    2 :  0.626 0.114 0.260 
665 OmyJC18ROGR    (0)    2 :  0.609 0.199 0.192 
666 OmyJC18ROGR    (0)    2 :  0.079 0.833 0.088 
667 OmyJC18ROGR    (0)    2 :  0.312 0.481 0.206 
668 OmyJC18ROGR    (2)    2 :  0.203 0.387 0.411 
669 OmyJC18ROGR    (4)    2 :  0.151 0.244 0.605 
670 OmyJC18ROGR    (6)    2 :  0.091 0.103 0.806 
671 OmyJC18ROGR    (3)    2 :  0.865 0.073 0.063 
672 OmyJC18ROGR    (0)    2 :  0.742 0.058 0.200 
673 OmyJC18ROGR    (4)    2 :  0.544 0.075 0.381 
674 OmyJC18ROGR    (0)    2 :  0.446 0.237 0.317 
675 OmyJC18ROGR    (0)    2 :  0.532 0.110 0.358 
676 OmyJC18ROGR    (1)    2 :  0.497 0.132 0.372 
677 OmyJC18ROGR    (3)    2 :  0.166 0.403 0.431 
678 OmyJC18ROGR    (6)    2 :  0.632 0.092 0.276 
679 OmyJC18ROGR    (1)    2 :  0.097 0.334 0.568 
680 OmyJC18ROGR    (1)    2 :  0.632 0.122 0.247 
681 OmyJC18ROGR    (1)    2 :  0.394 0.435 0.171 
682 OmyJC18ROGR    (1)    2 :  0.278 0.515 0.208 
683 OmyJC18ROGR    (0)    2 :  0.122 0.188 0.690 
684 OmyJC18ROGR    (0)    2 :  0.222 0.088 0.690 
685 OmyJC18ROGR    (0)    2 :  0.120 0.096 0.784 
686 OmyJC18ROGR    (0)    2 :  0.160 0.070 0.770 
687 OmyJC18ROGR    (3)    2 :  0.295 0.105 0.601 
688 OmyJC18ROGR    (1)    2 :  0.417 0.407 0.177 
689 OmyJC18ROGR    (1)    2 :  0.205 0.600 0.195 
690 OmyJC18ROGR    (5)    2 :  0.693 0.205 0.102 
691 OmyJC18ROGR    (5)    2 :  0.366 0.374 0.259 
692 OmyJC18ROGR    (0)    2 :  0.159 0.400 0.441 
693 OmyJC18ROGR    (2)    2 :  0.526 0.085 0.389 
694 OmyJC18ROGR    (0)    2 :  0.798 0.058 0.144 
695 OmyJC18ROGR    (0)    2 :  0.174 0.461 0.365 
696 OmyJC18ROGR    (0)    2 :  0.058 0.061 0.882 
697 OmyJC18ROGR    (2)    2 :  0.671 0.168 0.161 
698 OmyJC18ROGR    (0)    2 :  0.670 0.050 0.280 
699 OmyJC18ROGR    (1)    2 :  0.696 0.185 0.119 
700 OmyJC18ROGR    (0)    2 :  0.116 0.218 0.666 
701 OmyJC18ROGR    (0)    2 :  0.545 0.184 0.271 
702 OmyJC18ROGR    (1)    2 :  0.297 0.462 0.242 
703 OmyJC18ROGR    (1)    2 :  0.073 0.345 0.582 
704 OmyJC18ROGR    (0)    2 :  0.170 0.645 0.185 
705 OmyJC18ROGR    (0)    2 :  0.433 0.090 0.477 
706 OmyJC18ROGR    (0)    2 :  0.306 0.512 0.182 
707 OmyJC18ROGR    (1)    2 :  0.814 0.092 0.094 
708 OmyJC18ROGR    (1)    2 :  0.429 0.321 0.250 
709 OmyJC18ROGR    (0)    2 :  0.251 0.506 0.243 
710 OmyJC18ROGR    (0)    2 :  0.435 0.182 0.382 
711 OmyJC18ROGR    (0)    2 :  0.107 0.339 0.554 
712 OmyJC18ROGR    (1)    2 :  0.285 0.134 0.582 
713 OmyJC18ROGR    (0)    2 :  0.212 0.204 0.584 
714 OmyJC18ROGR    (0)    2 :  0.172 0.199 0.629 
715 OmyJC18ROGR    (0)    2 :  0.127 0.241 0.632 
716 OmyJC18ROGR    (0)    2 :  0.176 0.623 0.201 
717 OmyJC18ROGR    (1)    2 :  0.669 0.161 0.170 
718 OmyJC18ROGR    (1)    2 :  0.715 0.100 0.185 
719 OmyJC18ROGR    (7)    2 :  0.757 0.050 0.193 
720 OmyJC18ROGR    (2)    2 :  0.148 0.159 0.693 
721 OmyJC18ROGR    (1)    2 :  0.561 0.124 0.315 
722 OmyJC18ROGR    (0)    2 :  0.420 0.123 0.457 
723 OmyJC18ROGR    (1)    2 :  0.651 0.107 0.243 
724 OmyJC18ROGR    (0)    2 :  0.098 0.584 0.318 
725 OmyJC18ROGR    (0)    2 :  0.377 0.144 0.479 
726 OmyJC18ROGR    (0)    2 :  0.454 0.114 0.432 
727 OmyJC18ROGR    (1)    2 :  0.772 0.138 0.090 
728 OmyJC18ROGR    (0)    2 :  0.419 0.355 0.225 
729 OmyJC18ROGR    (1)    2 :  0.556 0.136 0.308 
730 OmyJC18ROGR    (0)    2 :  0.198 0.266 0.536 
731 OmyJC18ROGR    (2)    2 :  0.141 0.731 0.129 
732 OmyJC18ROGR    (1)    2 :  0.561 0.356 0.083 
733 OmyJC18ROGR    (0)    2 :  0.294 0.098 0.608 
734 OmyJC18ROGR    (0)    2 :  0.225 0.095 0.681 
735 OmyJC18ROGR    (0)    2 :  0.506 0.084 0.410 
736 OmyJC18ROGR    (0)    2 :  0.131 0.270 0.600 
737 OmyJC18ROGR    (0)    2 :  0.175 0.222 0.603 
738 OmyJC18ROGR    (0)    2 :  0.249 0.400 0.351 
739 OmyJC18ROGR    (0)    2 :  0.509 0.240 0.251 
740 OmyJC18ROGR    (0)    2 :  0.626 0.034 0.340 
741 OmyJC18ROGR    (0)    2 :  0.179 0.394 0.427 
742 OmyJC18ROGR    (0)    2 :  0.480 0.197 0.324 
743 OmyJC18ROGR    (0)    2 :  0.077 0.120 0.802 
744 OmyJC18ROGR    (0)    2 :  0.279 0.070 0.650 
745 OmyJC18ROGR    (0)    2 :  0.250 0.094 0.655 
746 OmyJC18ROGR    (0)    2 :  0.109 0.586 0.305 
747 OmyJC18ROGR    (0)    2 :  0.036 0.898 0.066 
748 OmyJC18ROGR    (2)    2 :  0.072 0.231 0.697 
749 OmyJC18ROGR    (5)    2 :  0.502 0.379 0.119 
750 OmyJC18ROGR    (1)    2 :  0.286 0.204 0.510 
751 OmyJC18ROGR    (0)    2 :  0.080 0.422 0.498 
752 OmyJC18ROGR    (3)    2 :  0.307 0.049 0.644 
753 OmyJC18ROGR    (0)    2 :  0.061 0.047 0.892 
754 OmyJC18ROGR    (0)    2 :  0.325 0.121 0.555 
755 OmyJC18ROGR    (0)    2 :  0.855 0.069 0.076 
756 OmyJC18ROGR    (0)    2 :  0.114 0.324 0.561 
757 OmyJC18ROGR    (0)    2 :  0.635 0.144 0.221 
758 OmyJC18ROGR    (1)    2 :  0.256 0.293 0.451 
759 OmyJC18ROGR    (0)    2 :  0.322 0.210 0.468 
