

----------------------------------------------------
STRUCTURE by Pritchard, Stephens and Donnelly (2000)
     and Falush, Stephens and Pritchard (2003)
       Code by Pritchard, Falush and Hubisz
             Version 2.3.4 (Jul 2012)
----------------------------------------------------



Command line arguments:   bin/structure -m "/Users/ddayan/FRA/premature_migration/Rogue_Half-Pounder/half-pounder/structure/halfpounder_2021/10k_20k_adm_corr/mainparams" -e "/Users/ddayan/FRA/premature_migration/Rogue_Half-Pounder/half-pounder/structure/halfpounder_2021/10k_20k_adm_corr/extraparams" 
Input File:    /Users/ddayan/FRA/premature_migration/Rogue_Half-Pounder/half-pounder/structure/halfpounder_2021/project_data

Run parameters:
   1000 individuals
   328 loci
   6 populations assumed
   10000 Burn-in period
   20000 Reps


--------------------------------------------
Proportion of membership of each pre-defined
 population in each of the 6 clusters

Given    Inferred Clusters                            Number of
 Pop       1      2      3      4      5      6      Individuals

  1:     0.173  0.181  0.175  0.162  0.133  0.177      275
  2:     0.164  0.172  0.170  0.171  0.156  0.168      643
  3:     0.103  0.034  0.056  0.048  0.681  0.078       42
  4:     0.169  0.036  0.229  0.276  0.060  0.230       40
--------------------------------------------

Allele-freq. divergence among pops (Net nucleotide distance),
computed using point estimates of P.

      1       2       3       4       5       6      
 1      -    0.0082  0.0011  0.0014  0.0030  0.0005  
 2   0.0082     -    0.0086  0.0085  0.0111  0.0078  
 3   0.0011  0.0086     -    0.0014  0.0037  0.0005  
 4   0.0014  0.0085  0.0014     -    0.0042  0.0009  
 5   0.0030  0.0111  0.0037  0.0042     -    0.0028  
 6   0.0005  0.0078  0.0005  0.0009  0.0028     -    

Average distances (expected heterozygosity) between individuals in same cluster:
cluster  1  : 0.2918 
cluster  2  : 0.2599 
cluster  3  : 0.2910 
cluster  4  : 0.2914 
cluster  5  : 0.2865 
cluster  6  : 0.2924 

--------------------------------------------
Estimated Ln Prob of Data   = -287452.6
Mean value of ln likelihood = -283385.2
Variance of ln likelihood   = 8134.8
Mean value of alpha         = 0.1378

Mean value of Fst_1         = 0.0124
Mean value of Fst_2         = 0.0712
Mean value of Fst_3         = 0.0128
Mean value of Fst_4         = 0.0157
Mean value of Fst_5         = 0.0253
Mean value of Fst_6         = 0.0076


Inferred ancestry of individuals:
        Label (%Miss) Pop:  Inferred clusters
  1 OmyAC19ROGR    (0)    1 :  0.127 0.011 0.231 0.081 0.183 0.368 
  2 OmyAC19ROGR    (0)    1 :  0.545 0.051 0.138 0.031 0.087 0.149 
  3 OmyAC19ROGR    (0)    1 :  0.342 0.042 0.243 0.036 0.088 0.249 
  4 OmyAC19ROGR    (0)    1 :  0.147 0.020 0.277 0.307 0.104 0.145 
  5 OmyAC19ROGR    (1)    1 :  0.009 0.957 0.008 0.007 0.009 0.010 
  6 OmyAC19ROGR    (0)    1 :  0.120 0.126 0.391 0.060 0.036 0.267 
  7 OmyAC19ROGR    (0)    1 :  0.135 0.136 0.102 0.302 0.106 0.219 
  8 OmyAC19ROGR    (0)    1 :  0.453 0.010 0.080 0.204 0.121 0.132 
  9 OmyAC19ROGR    (0)    1 :  0.131 0.200 0.181 0.056 0.108 0.324 
 10 OmyAC19ROGR    (0)    1 :  0.193 0.426 0.070 0.057 0.094 0.160 
 11 OmyAC19ROGR    (0)    1 :  0.039 0.037 0.251 0.433 0.128 0.113 
 12 OmyAC19ROGR    (0)    1 :  0.079 0.062 0.548 0.076 0.032 0.203 
 13 OmyAC19ROGR    (0)    1 :  0.304 0.016 0.048 0.451 0.094 0.087 
 14 OmyAC19ROGR    (0)    1 :  0.054 0.417 0.116 0.329 0.019 0.065 
 15 OmyAC19ROGR    (0)    1 :  0.036 0.376 0.053 0.444 0.024 0.067 
 16 OmyAC19ROGR    (0)    1 :  0.092 0.067 0.162 0.297 0.126 0.256 
 17 OmyAC19ROGR    (0)    1 :  0.429 0.049 0.266 0.139 0.012 0.105 
 18 OmyAC19ROGR    (2)    1 :  0.387 0.013 0.064 0.147 0.179 0.209 
 19 OmyAC19ROGR    (1)    1 :  0.357 0.034 0.051 0.302 0.091 0.165 
 20 OmyAC19ROGR    (0)    1 :  0.077 0.204 0.382 0.076 0.019 0.241 
 21 OmyAC19ROGR    (1)    1 :  0.290 0.201 0.122 0.170 0.081 0.136 
 22 OmyAC19ROGR    (0)    1 :  0.225 0.054 0.127 0.129 0.248 0.217 
 23 OmyAC19ROGR    (0)    1 :  0.249 0.206 0.135 0.061 0.085 0.263 
 24 OmyAC19ROGR    (0)    1 :  0.034 0.014 0.096 0.026 0.782 0.048 
 25 OmyAC19ROGR    (0)    1 :  0.231 0.194 0.072 0.297 0.063 0.143 
 26 OmyAC19ROGR    (0)    1 :  0.406 0.062 0.094 0.044 0.173 0.221 
 27 OmyAC19ROGR    (1)    1 :  0.049 0.035 0.108 0.675 0.032 0.101 
 28 OmyAC19ROGR    (0)    1 :  0.031 0.022 0.030 0.019 0.858 0.039 
 29 OmyAC19ROGR    (0)    1 :  0.294 0.033 0.112 0.132 0.060 0.369 
 30 OmyAC19ROGR    (0)    1 :  0.113 0.701 0.042 0.031 0.038 0.075 
 31 OmyAC19ROGR    (0)    1 :  0.259 0.028 0.320 0.105 0.073 0.215 
 32 OmyAC19ROGR    (0)    1 :  0.277 0.097 0.099 0.196 0.165 0.166 
 33 OmyAC19ROGR    (1)    1 :  0.139 0.072 0.276 0.068 0.291 0.154 
 34 OmyAC19ROGR    (0)    1 :  0.091 0.508 0.054 0.205 0.057 0.086 
 35 OmyAC19ROGR    (0)    1 :  0.358 0.046 0.156 0.082 0.260 0.098 
 36 OmyAC19ROGR    (0)    1 :  0.295 0.121 0.136 0.179 0.080 0.189 
 37 OmyAC19ROGR    (0)    1 :  0.071 0.085 0.091 0.095 0.577 0.082 
 38 OmyAC19ROGR    (0)    1 :  0.062 0.444 0.053 0.050 0.346 0.045 
 39 OmyAC19ROGR    (0)    1 :  0.699 0.048 0.052 0.069 0.028 0.105 
 40 OmyAC19ROGR    (0)    1 :  0.088 0.296 0.269 0.171 0.037 0.140 
 41 OmyAC19ROGR    (1)    1 :  0.074 0.027 0.156 0.505 0.070 0.169 
 42 OmyAC19ROGR    (0)    1 :  0.032 0.840 0.055 0.032 0.015 0.027 
 43 OmyAC19ROGR    (0)    1 :  0.247 0.025 0.406 0.054 0.100 0.168 
 44 OmyAC19ROGR    (6)    1 :  0.261 0.025 0.434 0.068 0.065 0.147 
 45 OmyAC19ROGR    (1)    1 :  0.073 0.338 0.177 0.048 0.210 0.155 
 46 OmyAC19ROGR    (0)    1 :  0.188 0.060 0.123 0.057 0.323 0.250 
 47 OmyAC19ROGR    (0)    1 :  0.061 0.042 0.075 0.056 0.659 0.106 
 48 OmyAC19ROGR    (0)    1 :  0.163 0.028 0.187 0.079 0.085 0.458 
 49 OmyAC19ROGR    (0)    1 :  0.141 0.027 0.208 0.188 0.301 0.136 
 50 OmyAC19ROGR    (0)    1 :  0.224 0.017 0.321 0.277 0.019 0.141 
 51 OmyAC19ROGR    (2)    1 :  0.040 0.750 0.051 0.068 0.041 0.049 
 52 OmyAC19ROGR    (0)    1 :  0.021 0.872 0.025 0.034 0.021 0.027 
 53 OmyAC19ROGR    (1)    1 :  0.061 0.024 0.109 0.030 0.688 0.087 
 54 OmyAC19ROGR    (0)    1 :  0.157 0.051 0.151 0.092 0.398 0.151 
 55 OmyAC19ROGR    (3)    1 :  0.355 0.056 0.230 0.200 0.034 0.125 
 56 OmyAC19ROGR    (0)    1 :  0.096 0.044 0.048 0.085 0.645 0.082 
 57 OmyAC19ROGR    (0)    1 :  0.157 0.013 0.068 0.068 0.612 0.082 
 58 OmyAC19ROGR    (0)    1 :  0.074 0.714 0.041 0.041 0.041 0.089 
 59 OmyAC19ROGR    (0)    1 :  0.088 0.015 0.245 0.092 0.461 0.100 
 60 OmyAC19ROGR    (1)    1 :  0.087 0.081 0.147 0.415 0.061 0.208 
 61 OmyAC19ROGR    (0)    1 :  0.166 0.032 0.142 0.063 0.267 0.330 
 62 OmyAC19ROGR    (0)    1 :  0.259 0.024 0.182 0.052 0.043 0.440 
 63 OmyAC19ROGR    (0)    1 :  0.079 0.201 0.124 0.069 0.420 0.108 
 64 OmyAC19ROGR    (2)    1 :  0.096 0.060 0.439 0.153 0.076 0.175 
 65 OmyAC19ROGR    (0)    1 :  0.305 0.036 0.168 0.253 0.091 0.147 
 66 OmyAC19ROGR    (3)    1 :  0.119 0.225 0.083 0.442 0.029 0.102 
 67 OmyAC19ROGR    (0)    1 :  0.112 0.025 0.057 0.114 0.480 0.212 
 68 OmyAC19ROGR    (1)    1 :  0.261 0.035 0.093 0.043 0.206 0.361 
 69 OmyAC19ROGR    (2)    1 :  0.179 0.162 0.038 0.048 0.492 0.080 
 70 OmyAC19ROGR    (0)    1 :  0.392 0.022 0.253 0.092 0.154 0.087 
 71 OmyAC19ROGR    (0)    1 :  0.348 0.027 0.181 0.195 0.097 0.152 
 72 OmyAC19ROGR    (4)    1 :  0.132 0.018 0.317 0.122 0.075 0.336 
 73 OmyAC19ROGR    (0)    1 :  0.437 0.129 0.141 0.033 0.117 0.143 
 74 OmyAC19ROGR    (0)    1 :  0.077 0.023 0.582 0.193 0.029 0.097 
 75 OmyAC19ROGR    (0)    1 :  0.226 0.085 0.116 0.227 0.229 0.117 
 76 OmyAC19ROGR    (0)    1 :  0.157 0.035 0.065 0.029 0.616 0.099 
 77 OmyAC19ROGR    (1)    1 :  0.013 0.928 0.018 0.017 0.012 0.013 
 78 OmyAC19ROGR    (0)    1 :  0.457 0.029 0.149 0.100 0.054 0.212 
 79 OmyAC19ROGR    (2)    1 :  0.359 0.028 0.175 0.058 0.101 0.279 
 80 OmyAC19ROGR    (1)    1 :  0.034 0.707 0.058 0.097 0.053 0.050 
 81 OmyAC19ROGR    (2)    1 :  0.114 0.398 0.135 0.067 0.067 0.220 
 82 OmyAC19ROGR    (1)    1 :  0.093 0.015 0.141 0.047 0.643 0.061 
 83 OmyAC19ROGR    (0)    1 :  0.242 0.034 0.146 0.143 0.313 0.121 
 84 OmyAC19ROGR    (0)    1 :  0.223 0.092 0.074 0.085 0.036 0.490 
 85 OmyAC19ROGR    (5)    1 :  0.440 0.022 0.094 0.213 0.132 0.099 
 86 OmyAC19ROGR    (0)    1 :  0.085 0.072 0.148 0.533 0.018 0.143 
 87 OmyAC19ROGR    (1)    1 :  0.177 0.032 0.120 0.124 0.200 0.346 
 88 OmyJC19ROGR    (0)    2 :  0.046 0.846 0.034 0.032 0.016 0.026 
 89 OmyJC19ROGR    (0)    2 :  0.518 0.049 0.105 0.089 0.042 0.197 
 90 OmyJC19ROGR    (0)    2 :  0.019 0.918 0.016 0.016 0.013 0.018 
 91 OmyJC19ROGR    (1)    2 :  0.101 0.010 0.120 0.244 0.350 0.174 
 92 OmyJC19ROGR    (0)    2 :  0.091 0.045 0.067 0.061 0.651 0.084 
 93 OmyJC19ROGR    (0)    2 :  0.071 0.012 0.030 0.030 0.812 0.044 
 94 OmyJC19ROGR    (0)    2 :  0.284 0.115 0.359 0.088 0.024 0.129 
 95 OmyJC19ROGR    (0)    2 :  0.499 0.075 0.206 0.059 0.019 0.142 
 96 OmyJC19ROGR    (0)    2 :  0.127 0.054 0.158 0.549 0.038 0.074 
 97 OmyJC19ROGR    (0)    2 :  0.043 0.105 0.030 0.016 0.752 0.053 
 98 OmyJC19ROGR    (0)    2 :  0.191 0.023 0.227 0.207 0.082 0.271 
 99 OmyJC19ROGR    (0)    2 :  0.053 0.056 0.129 0.141 0.468 0.153 
100 OmyJC19ROGR    (1)    2 :  0.485 0.028 0.137 0.151 0.053 0.147 
101 OmyJC19ROGR    (0)    2 :  0.147 0.466 0.069 0.067 0.164 0.087 
102 OmyJC19ROGR    (0)    2 :  0.174 0.056 0.138 0.252 0.035 0.345 
103 OmyJC19ROGR    (0)    2 :  0.388 0.097 0.117 0.088 0.078 0.232 
104 OmyJC19ROGR    (0)    2 :  0.311 0.025 0.081 0.048 0.298 0.237 
105 OmyJC19ROGR    (0)    2 :  0.022 0.092 0.249 0.051 0.533 0.053 
106 OmyJC19ROGR    (0)    2 :  0.013 0.925 0.015 0.010 0.021 0.016 
107 OmyJC19ROGR    (1)    2 :  0.045 0.070 0.085 0.485 0.143 0.172 
108 OmyJC19ROGR    (0)    2 :  0.175 0.045 0.248 0.202 0.211 0.118 
109 OmyJC19ROGR    (0)    2 :  0.123 0.129 0.092 0.539 0.024 0.093 
110 OmyJC19ROGR    (0)    2 :  0.069 0.240 0.053 0.045 0.468 0.124 
111 OmyJC19ROGR    (1)    2 :  0.172 0.067 0.080 0.111 0.392 0.177 
112 OmyJC19ROGR    (2)    2 :  0.103 0.086 0.240 0.194 0.039 0.338 
113 OmyJC19ROGR    (0)    2 :  0.072 0.608 0.098 0.110 0.048 0.065 
114 OmyJC19ROGR    (3)    2 :  0.492 0.030 0.100 0.105 0.045 0.229 
115 OmyJC19ROGR    (1)    2 :  0.056 0.035 0.608 0.020 0.217 0.064 
116 OmyJC19ROGR    (0)    2 :  0.461 0.066 0.106 0.082 0.048 0.236 
117 OmyJC19ROGR    (0)    2 :  0.368 0.115 0.197 0.093 0.034 0.193 
118 OmyJC19ROGR    (0)    2 :  0.445 0.018 0.137 0.070 0.077 0.253 
119 OmyJC19ROGR    (2)    2 :  0.126 0.030 0.186 0.409 0.045 0.204 
120 OmyJC19ROGR    (0)    2 :  0.034 0.010 0.033 0.027 0.857 0.039 
121 OmyJC19ROGR    (0)    2 :  0.306 0.031 0.257 0.193 0.022 0.190 
122 OmyJC19ROGR    (0)    2 :  0.352 0.041 0.144 0.172 0.117 0.173 
123 OmyJC19ROGR    (0)    2 :  0.124 0.014 0.143 0.438 0.129 0.152 
124 OmyJC19ROGR    (0)    2 :  0.105 0.098 0.550 0.079 0.039 0.130 
125 OmyJC19ROGR    (0)    2 :  0.204 0.085 0.161 0.035 0.265 0.250 
126 OmyJC19ROGR    (1)    2 :  0.039 0.710 0.128 0.047 0.034 0.042 
127 OmyJC19ROGR    (0)    2 :  0.037 0.022 0.043 0.797 0.034 0.068 
128 OmyJC19ROGR    (1)    2 :  0.211 0.028 0.053 0.130 0.442 0.136 
129 OmyJC19ROGR    (0)    2 :  0.361 0.230 0.092 0.046 0.084 0.186 
130 OmyJC19ROGR    (2)    2 :  0.148 0.034 0.476 0.041 0.022 0.278 
131 OmyJC19ROGR    (0)    2 :  0.343 0.045 0.294 0.078 0.108 0.132 
132 OmyJC19ROGR    (1)    2 :  0.154 0.034 0.102 0.098 0.433 0.180 
133 OmyJC19ROGR    (0)    2 :  0.492 0.017 0.213 0.060 0.043 0.175 
134 OmyJC19ROGR    (0)    2 :  0.164 0.047 0.086 0.333 0.091 0.278 
135 OmyJC19ROGR    (1)    2 :  0.016 0.015 0.020 0.017 0.878 0.054 
136 OmyJC19ROGR    (3)    2 :  0.375 0.030 0.121 0.105 0.088 0.282 
137 OmyJC19ROGR    (0)    2 :  0.044 0.139 0.268 0.474 0.026 0.049 
138 OmyJC19ROGR    (0)    2 :  0.077 0.712 0.072 0.050 0.027 0.061 
139 OmyJC19ROGR    (2)    2 :  0.422 0.017 0.218 0.055 0.036 0.253 
140 OmyJC19ROGR    (2)    2 :  0.321 0.071 0.096 0.328 0.053 0.131 
141 OmyJC19ROGR    (0)    2 :  0.305 0.221 0.077 0.210 0.093 0.094 
142 OmyJC19ROGR    (0)    2 :  0.161 0.241 0.100 0.174 0.167 0.158 
143 OmyJC19ROGR    (0)    2 :  0.074 0.031 0.102 0.026 0.694 0.072 
144 OmyJC19ROGR    (0)    2 :  0.591 0.012 0.079 0.072 0.034 0.212 
145 OmyJC19ROGR    (0)    2 :  0.052 0.021 0.390 0.221 0.027 0.290 
146 OmyJC19ROGR    (1)    2 :  0.263 0.045 0.073 0.055 0.438 0.126 
147 OmyJC19ROGR    (0)    2 :  0.071 0.034 0.080 0.594 0.102 0.119 
148 OmyJC19ROGR    (0)    2 :  0.075 0.015 0.179 0.308 0.125 0.298 
149 OmyJC19ROGR    (1)    2 :  0.189 0.050 0.101 0.096 0.357 0.206 
150 OmyJC19ROGR    (1)    2 :  0.180 0.045 0.079 0.143 0.373 0.180 
151 OmyJC19ROGR    (0)    2 :  0.486 0.082 0.072 0.134 0.089 0.138 
152 OmyJC19ROGR    (0)    2 :  0.051 0.033 0.371 0.240 0.089 0.216 
153 OmyJC19ROGR    (0)    2 :  0.016 0.023 0.024 0.022 0.887 0.028 
154 OmyJC19ROGR    (1)    2 :  0.106 0.040 0.182 0.166 0.028 0.478 
155 OmyJC19ROGR    (0)    2 :  0.168 0.053 0.131 0.167 0.179 0.302 
156 OmyJC19ROGR    (1)    2 :  0.090 0.083 0.313 0.227 0.145 0.141 
157 OmyJC19ROGR    (0)    2 :  0.223 0.040 0.219 0.098 0.155 0.264 
158 OmyJC19ROGR    (0)    2 :  0.266 0.014 0.130 0.132 0.140 0.319 
159 OmyJC19ROGR    (0)    2 :  0.173 0.022 0.313 0.354 0.021 0.116 
160 OmyJC19ROGR    (0)    2 :  0.059 0.037 0.297 0.244 0.221 0.142 
161 OmyJC19ROGR    (0)    2 :  0.137 0.018 0.319 0.141 0.223 0.162 
162 OmyJC19ROGR    (0)    2 :  0.109 0.038 0.140 0.423 0.121 0.169 
163 OmyJC19ROGR    (0)    2 :  0.057 0.028 0.067 0.096 0.505 0.248 
164 OmyJC19ROGR    (0)    2 :  0.163 0.016 0.343 0.285 0.046 0.147 
165 OmyJC19ROGR    (0)    2 :  0.186 0.016 0.299 0.143 0.144 0.212 
166 OmyJC19ROGR    (0)    2 :  0.189 0.030 0.350 0.094 0.055 0.282 
167 OmyJC19ROGR    (1)    2 :  0.140 0.056 0.107 0.113 0.300 0.284 
168 OmyJC19ROGR    (0)    2 :  0.442 0.039 0.067 0.100 0.047 0.304 
169 OmyJC19ROGR    (0)    2 :  0.012 0.921 0.015 0.025 0.011 0.016 
170 OmyJC19ROGR    (0)    2 :  0.062 0.040 0.081 0.073 0.646 0.099 
171 OmyJC19ROGR    (0)    2 :  0.222 0.021 0.291 0.191 0.092 0.183 
172 OmyJC19ROGR    (0)    2 :  0.156 0.231 0.053 0.079 0.344 0.136 
173 OmyJC19ROGR    (0)    2 :  0.019 0.888 0.023 0.021 0.019 0.029 
174 OmyJC19ROGR    (0)    2 :  0.160 0.023 0.374 0.066 0.115 0.262 
175 OmyJC19ROGR    (0)    2 :  0.389 0.022 0.295 0.097 0.038 0.158 
176 OmyJC19ROGR    (0)    2 :  0.191 0.047 0.047 0.087 0.461 0.167 
177 OmyJC19ROGR    (0)    2 :  0.022 0.012 0.072 0.029 0.806 0.058 
178 OmyJC19ROGR    (0)    2 :  0.043 0.028 0.200 0.659 0.012 0.059 
179 OmyJC19ROGR    (0)    2 :  0.140 0.013 0.145 0.155 0.334 0.213 
180 OmyJC19ROGR    (0)    2 :  0.032 0.851 0.031 0.018 0.042 0.026 
181 OmyJC19ROGR    (0)    2 :  0.145 0.030 0.233 0.090 0.054 0.448 
182 OmyJC19ROGR    (0)    2 :  0.404 0.094 0.131 0.105 0.050 0.217 
183 OmyJC19ROGR    (0)    2 :  0.145 0.019 0.144 0.283 0.050 0.359 
184 OmyJC19ROGR    (0)    2 :  0.122 0.600 0.035 0.074 0.091 0.078 
185 OmyJC19ROGR    (1)    2 :  0.895 0.008 0.022 0.015 0.025 0.035 
186 OmyJC19ROGR    (0)    2 :  0.243 0.065 0.062 0.040 0.480 0.111 
187 OmyJC19ROGR    (0)    2 :  0.029 0.017 0.656 0.047 0.033 0.217 
188 OmyJC19ROGR    (0)    2 :  0.345 0.026 0.285 0.066 0.115 0.164 
189 OmyJC19ROGR    (0)    2 :  0.257 0.111 0.086 0.066 0.186 0.293 
190 OmyJC19ROGR    (0)    2 :  0.062 0.019 0.064 0.056 0.688 0.110 
191 OmyJC19ROGR    (0)    2 :  0.084 0.028 0.372 0.052 0.325 0.139 
192 OmyJC19ROGR    (0)    2 :  0.042 0.023 0.056 0.715 0.027 0.136 
193 OmyJC19ROGR    (1)    2 :  0.140 0.080 0.263 0.230 0.113 0.174 
194 OmyJC19ROGR    (0)    2 :  0.035 0.012 0.034 0.821 0.037 0.062 
195 OmyJC19ROGR    (0)    2 :  0.044 0.791 0.067 0.036 0.015 0.048 
196 OmyJC19ROGR    (0)    2 :  0.117 0.020 0.496 0.038 0.021 0.309 
197 OmyJC19ROGR    (0)    2 :  0.157 0.037 0.178 0.146 0.324 0.159 
198 OmyJC19ROGR    (0)    2 :  0.056 0.729 0.046 0.054 0.055 0.061 
199 OmyJC19ROGR    (0)    2 :  0.551 0.016 0.162 0.083 0.045 0.142 
200 OmyJC19ROGR    (0)    2 :  0.126 0.058 0.066 0.055 0.595 0.099 
201 OmyJC19ROGR    (0)    2 :  0.076 0.016 0.346 0.193 0.055 0.313 
202 OmyJC19ROGR    (0)    2 :  0.033 0.007 0.042 0.030 0.850 0.039 
203 OmyJC19ROGR    (0)    2 :  0.097 0.036 0.468 0.122 0.087 0.189 
204 OmyJC19ROGR    (0)    2 :  0.103 0.028 0.302 0.202 0.113 0.251 
205 OmyJC19ROGR    (0)    2 :  0.078 0.086 0.587 0.065 0.050 0.134 
206 OmyJC19ROGR    (0)    2 :  0.042 0.841 0.024 0.024 0.023 0.045 
207 OmyJC19ROGR    (0)    2 :  0.114 0.216 0.267 0.116 0.075 0.212 
208 OmyJC19ROGR    (0)    2 :  0.189 0.024 0.192 0.449 0.041 0.104 
209 OmyJC19ROGR    (0)    2 :  0.255 0.435 0.066 0.043 0.145 0.057 
210 OmyJC19ROGR    (0)    2 :  0.019 0.885 0.032 0.018 0.015 0.032 
211 OmyJC19ROGR    (0)    2 :  0.489 0.097 0.061 0.103 0.056 0.194 
212 OmyJC19ROGR    (1)    2 :  0.063 0.104 0.117 0.093 0.371 0.253 
213 OmyJC19ROGR    (1)    2 :  0.243 0.024 0.332 0.068 0.044 0.289 
214 OmyJC19ROGR    (0)    2 :  0.034 0.029 0.633 0.143 0.029 0.132 
215 OmyJC19ROGR    (0)    2 :  0.156 0.018 0.050 0.584 0.052 0.140 
216 OmyJC19ROGR    (0)    2 :  0.047 0.781 0.081 0.034 0.022 0.035 
217 OmyJC19ROGR    (0)    2 :  0.066 0.313 0.108 0.166 0.068 0.279 
218 OmyJC19ROGR    (0)    2 :  0.071 0.030 0.203 0.117 0.468 0.111 
219 OmyJC19ROGR    (0)    2 :  0.099 0.067 0.099 0.462 0.026 0.247 
220 OmyJC19ROGR    (0)    2 :  0.186 0.008 0.133 0.348 0.115 0.211 
221 OmyJC19ROGR    (0)    2 :  0.104 0.126 0.279 0.079 0.037 0.374 
222 OmyJC19ROGR    (0)    2 :  0.114 0.026 0.331 0.072 0.195 0.261 
223 OmyJC19ROGR    (0)    2 :  0.069 0.039 0.215 0.328 0.076 0.273 
224 OmyJC19ROGR    (0)    2 :  0.067 0.018 0.068 0.709 0.049 0.088 
225 OmyJC19ROGR    (0)    2 :  0.012 0.924 0.014 0.018 0.013 0.019 
226 OmyJC19ROGR    (0)    2 :  0.476 0.119 0.107 0.095 0.022 0.180 
227 OmyJC19ROGR    (1)    2 :  0.015 0.901 0.023 0.015 0.023 0.022 
228 OmyJC19ROGR    (0)    2 :  0.066 0.029 0.340 0.337 0.031 0.197 
229 OmyJC19ROGR    (1)    2 :  0.287 0.013 0.283 0.053 0.100 0.264 
230 OmyJC19ROGR    (0)    2 :  0.066 0.138 0.332 0.109 0.117 0.237 
231 OmyJC19ROGR    (0)    2 :  0.182 0.065 0.230 0.159 0.044 0.322 
232 OmyJC19ROGR    (1)    2 :  0.429 0.034 0.092 0.131 0.087 0.227 
233 OmyJC19ROGR    (0)    2 :  0.094 0.119 0.217 0.250 0.073 0.247 
234 OmyJC19ROGR    (0)    2 :  0.023 0.900 0.016 0.021 0.021 0.019 
235 OmyJC19ROGR    (0)    2 :  0.086 0.621 0.031 0.116 0.076 0.070 
236 OmyJC19ROGR    (1)    2 :  0.045 0.021 0.070 0.584 0.118 0.160 
237 OmyJC19ROGR    (0)    2 :  0.088 0.037 0.155 0.314 0.126 0.280 
238 OmyJC19ROGR    (0)    2 :  0.037 0.064 0.225 0.321 0.041 0.311 
239 OmyJC19ROGR    (0)    2 :  0.379 0.057 0.049 0.139 0.060 0.316 
240 OmyJC19ROGR    (0)    2 :  0.286 0.037 0.275 0.086 0.056 0.259 
241 OmyJC19ROGR    (0)    2 :  0.191 0.063 0.146 0.090 0.351 0.159 
242 OmyJC19ROGR    (0)    2 :  0.072 0.013 0.030 0.574 0.156 0.156 
243 OmyJC19ROGR    (0)    2 :  0.156 0.036 0.269 0.115 0.269 0.155 
244 OmyJC19ROGR    (0)    2 :  0.145 0.046 0.292 0.095 0.271 0.149 
245 OmyJC19ROGR    (0)    2 :  0.031 0.906 0.014 0.018 0.012 0.019 
246 OmyJC19ROGR    (0)    2 :  0.062 0.157 0.129 0.066 0.482 0.104 
247 OmyJC19ROGR    (0)    2 :  0.046 0.610 0.093 0.059 0.109 0.084 
248 OmyJC19ROGR    (0)    2 :  0.278 0.471 0.090 0.056 0.033 0.072 
249 OmyJC19ROGR    (0)    2 :  0.131 0.045 0.444 0.134 0.035 0.211 
250 OmyJC19ROGR    (0)    2 :  0.362 0.054 0.101 0.182 0.074 0.226 
251 OmyJC19ROGR    (0)    2 :  0.157 0.029 0.373 0.094 0.053 0.294 
252 OmyJC19ROGR    (0)    2 :  0.069 0.024 0.037 0.028 0.730 0.113 
253 OmyJC19ROGR    (0)    2 :  0.514 0.060 0.076 0.174 0.040 0.136 
254 OmyJC19ROGR    (0)    2 :  0.131 0.044 0.213 0.066 0.359 0.189 
255 OmyJC19ROGR    (0)    2 :  0.086 0.027 0.292 0.047 0.353 0.195 
256 OmyJC19ROGR    (0)    2 :  0.058 0.290 0.204 0.063 0.290 0.094 
257 OmyJC19ROGR    (0)    2 :  0.087 0.047 0.564 0.056 0.033 0.213 
258 OmyAC19ROGR    (0)    1 :  0.185 0.139 0.192 0.271 0.101 0.113 
259 OmyAC19ROGR    (1)    1 :  0.186 0.341 0.110 0.183 0.062 0.118 
260 OmyAC19ROGR    (0)    1 :  0.130 0.019 0.089 0.619 0.050 0.094 
261 OmyAC19ROGR    (0)    1 :  0.420 0.034 0.159 0.069 0.028 0.290 
262 OmyAC19ROGR    (0)    1 :  0.308 0.057 0.074 0.074 0.091 0.395 
263 OmyAC19ROGR    (0)    1 :  0.051 0.035 0.221 0.118 0.415 0.159 
264 OmyAC19ROGR    (0)    1 :  0.187 0.029 0.365 0.099 0.055 0.265 
265 OmyAC19ROGR    (0)    1 :  0.125 0.027 0.357 0.115 0.138 0.238 
266 OmyAC19ROGR    (0)    1 :  0.098 0.016 0.609 0.055 0.042 0.180 
267 OmyAC19ROGR    (0)    1 :  0.268 0.097 0.174 0.081 0.060 0.319 
268 OmyAC19ROGR    (1)    1 :  0.199 0.131 0.112 0.131 0.328 0.098 
269 OmyAC19ROGR    (1)    1 :  0.385 0.112 0.089 0.210 0.037 0.167 
270 OmyAC19ROGR    (0)    1 :  0.170 0.024 0.293 0.036 0.283 0.194 
271 OmyAC19ROGR    (0)    1 :  0.263 0.211 0.066 0.304 0.047 0.110 
272 OmyAC19ROGR    (0)    1 :  0.088 0.133 0.461 0.105 0.027 0.187 
273 OmyAC19ROGR    (0)    1 :  0.348 0.027 0.155 0.268 0.076 0.126 
274 OmyAC19ROGR    (0)    1 :  0.066 0.743 0.045 0.027 0.030 0.089 
275 OmyAC19ROGR    (0)    1 :  0.171 0.079 0.096 0.236 0.231 0.188 
276 OmyAC19ROGR    (0)    1 :  0.306 0.037 0.256 0.215 0.050 0.135 
277 OmyAC19ROGR    (0)    1 :  0.273 0.051 0.182 0.277 0.027 0.190 
278 OmyAC19ROGR    (0)    1 :  0.080 0.279 0.239 0.192 0.050 0.160 
279 OmyAC19ROGR    (0)    1 :  0.067 0.121 0.036 0.682 0.033 0.061 
280 OmyAC19ROGR    (0)    1 :  0.195 0.093 0.134 0.047 0.291 0.240 
281 OmyAC19ROGR    (0)    1 :  0.553 0.028 0.099 0.190 0.043 0.086 
282 OmyAC19ROGR    (0)    1 :  0.199 0.143 0.122 0.090 0.061 0.386 
283 OmyAC19ROGR    (0)    1 :  0.215 0.031 0.298 0.219 0.053 0.185 
284 OmyAC19ROGR    (0)    1 :  0.100 0.016 0.424 0.094 0.101 0.265 
285 OmyAC19ROGR    (0)    1 :  0.157 0.034 0.193 0.176 0.245 0.195 
286 OmyAC19ROGR    (0)    1 :  0.132 0.016 0.268 0.184 0.180 0.221 
287 OmyAC19ROGR    (0)    1 :  0.011 0.958 0.008 0.007 0.006 0.009 
288 OmyAC19ROGR    (0)    1 :  0.045 0.764 0.051 0.069 0.027 0.043 
289 OmyAC19ROGR    (0)    1 :  0.176 0.099 0.091 0.496 0.043 0.094 
290 OmyAC19ROGR    (1)    1 :  0.012 0.929 0.012 0.019 0.013 0.015 
291 OmyAC19ROGR    (0)    1 :  0.083 0.382 0.151 0.070 0.094 0.219 
292 OmyAC19ROGR    (1)    1 :  0.301 0.145 0.247 0.157 0.057 0.093 
293 OmyAC19ROGR    (0)    1 :  0.089 0.016 0.081 0.080 0.652 0.081 
294 OmyAC19ROGR    (0)    1 :  0.075 0.287 0.097 0.383 0.033 0.126 
295 OmyAC19ROGR    (0)    1 :  0.175 0.017 0.305 0.215 0.097 0.192 
296 OmyAC19ROGR    (0)    1 :  0.160 0.026 0.157 0.363 0.096 0.199 
297 OmyAC19ROGR    (0)    1 :  0.049 0.754 0.061 0.050 0.030 0.056 
298 OmyAC19ROGR    (0)    1 :  0.058 0.016 0.189 0.571 0.032 0.135 
299 OmyAC19ROGR    (0)    1 :  0.087 0.176 0.100 0.266 0.202 0.168 
300 OmyAC19ROGR    (0)    1 :  0.364 0.019 0.145 0.275 0.070 0.126 
301 OmyAC19ROGR    (0)    1 :  0.023 0.889 0.027 0.025 0.012 0.023 
302 OmyAC19ROGR    (0)    1 :  0.062 0.452 0.089 0.245 0.040 0.112 
303 OmyAC19ROGR    (0)    1 :  0.352 0.065 0.118 0.324 0.039 0.102 
304 OmyAC19ROGR    (0)    1 :  0.095 0.073 0.052 0.655 0.061 0.064 
305 OmyAC19ROGR    (0)    1 :  0.228 0.022 0.140 0.405 0.061 0.144 
306 OmyAC19ROGR    (0)    1 :  0.075 0.625 0.161 0.048 0.016 0.075 
307 OmyAC19ROGR    (1)    1 :  0.252 0.015 0.167 0.178 0.187 0.200 
308 OmyAC19ROGR    (0)    1 :  0.206 0.075 0.194 0.158 0.028 0.340 
309 OmyAC19ROGR    (1)    1 :  0.030 0.874 0.031 0.023 0.018 0.024 
310 OmyAC19ROGR    (0)    1 :  0.335 0.298 0.093 0.062 0.046 0.165 
311 OmyAC19ROGR    (0)    1 :  0.042 0.420 0.059 0.280 0.038 0.162 
312 OmyAC19ROGR    (0)    1 :  0.161 0.027 0.075 0.175 0.446 0.117 
313 OmyAC19ROGR    (0)    1 :  0.085 0.011 0.208 0.160 0.053 0.483 
314 OmyAC19ROGR    (0)    1 :  0.121 0.034 0.071 0.080 0.542 0.152 
315 OmyAC19ROGR    (0)    1 :  0.171 0.042 0.249 0.203 0.072 0.262 
316 OmyAC19ROGR    (0)    1 :  0.190 0.024 0.277 0.079 0.048 0.382 
317 OmyAC19ROGR    (0)    1 :  0.445 0.036 0.036 0.084 0.332 0.066 
318 OmyAC19ROGR    (0)    1 :  0.238 0.017 0.217 0.050 0.289 0.190 
319 OmyAC19ROGR    (1)    1 :  0.165 0.017 0.198 0.340 0.098 0.182 
320 OmyAC19ROGR    (0)    1 :  0.044 0.008 0.482 0.338 0.044 0.083 
321 OmyAC19ROGR    (0)    1 :  0.183 0.021 0.314 0.331 0.052 0.099 
322 OmyAC19ROGR    (0)    1 :  0.207 0.439 0.099 0.069 0.058 0.129 
323 OmyAC19ROGR    (0)    1 :  0.080 0.019 0.289 0.303 0.016 0.293 
324 OmyAC19ROGR    (0)    1 :  0.076 0.018 0.725 0.031 0.059 0.092 
325 OmyAC19ROGR    (0)    1 :  0.382 0.251 0.120 0.038 0.029 0.179 
326 OmyAC19ROGR    (0)    1 :  0.177 0.040 0.428 0.134 0.035 0.186 
327 OmyAC19ROGR    (0)    1 :  0.043 0.021 0.616 0.122 0.079 0.119 
328 OmyAC20ROGR    (1)    1 :  0.156 0.023 0.100 0.333 0.155 0.233 
329 OmyAC20ROGR    (0)    1 :  0.127 0.053 0.087 0.295 0.213 0.226 
330 OmyAC20ROGR    (0)    1 :  0.283 0.049 0.276 0.078 0.135 0.178 
331 OmyAC20ROGR    (0)    1 :  0.073 0.240 0.290 0.109 0.113 0.175 
332 OmyAC20ROGR    (0)    1 :  0.230 0.177 0.223 0.066 0.155 0.149 
333 OmyAC20ROGR    (0)    1 :  0.048 0.263 0.144 0.056 0.348 0.140 
334 OmyAC20ROGR    (0)    1 :  0.436 0.015 0.089 0.065 0.302 0.093 
335 OmyAC20ROGR    (0)    1 :  0.126 0.029 0.162 0.189 0.162 0.333 
336 OmyAC20ROGR    (0)    1 :  0.380 0.064 0.067 0.116 0.048 0.326 
337 OmyAC20ROGR    (0)    1 :  0.124 0.396 0.100 0.188 0.045 0.148 
338 OmyAC20ROGR    (0)    1 :  0.262 0.094 0.111 0.065 0.190 0.279 
339 OmyAC20ROGR    (0)    1 :  0.195 0.069 0.252 0.262 0.080 0.143 
340 OmyAC20ROGR    (0)    1 :  0.067 0.032 0.051 0.025 0.759 0.067 
341 OmyAC20ROGR    (0)    1 :  0.082 0.057 0.093 0.042 0.567 0.159 
342 OmyAC20ROGR    (0)    1 :  0.080 0.123 0.155 0.163 0.251 0.228 
343 OmyAC20ROGR    (0)    1 :  0.208 0.033 0.241 0.063 0.175 0.281 
344 OmyAC20ROGR    (0)    1 :  0.087 0.118 0.414 0.044 0.218 0.119 
345 OmyAC20ROGR    (1)    1 :  0.307 0.095 0.157 0.084 0.025 0.332 
346 OmyAC20ROGR    (0)    1 :  0.096 0.153 0.328 0.080 0.093 0.251 
347 OmyAC20ROGR    (0)    1 :  0.205 0.213 0.214 0.104 0.067 0.197 
348 OmyAC20ROGR    (0)    1 :  0.055 0.151 0.094 0.043 0.584 0.073 
349 OmyAC20ROGR    (0)    1 :  0.190 0.035 0.272 0.041 0.173 0.289 
350 OmyAC20ROGR    (0)    1 :  0.147 0.047 0.139 0.469 0.036 0.163 
351 OmyAC20ROGR    (0)    1 :  0.190 0.069 0.191 0.047 0.181 0.321 
352 OmyAC20ROGR    (0)    1 :  0.091 0.036 0.137 0.338 0.065 0.334 
353 OmyAC20ROGR    (0)    1 :  0.142 0.016 0.101 0.047 0.047 0.647 
354 OmyAC20ROGR    (0)    1 :  0.310 0.203 0.069 0.049 0.236 0.134 
355 OmyAC20ROGR    (0)    1 :  0.429 0.037 0.060 0.052 0.212 0.210 
356 OmyAC20ROGR    (0)    1 :  0.199 0.028 0.217 0.260 0.122 0.174 
357 OmyAC20ROGR    (0)    1 :  0.132 0.062 0.259 0.405 0.036 0.106 
358 OmyAC20ROGR    (0)    1 :  0.077 0.027 0.275 0.309 0.067 0.245 
359 OmyAC20ROGR    (0)    1 :  0.086 0.145 0.034 0.678 0.013 0.044 
360 OmyAC20ROGR    (0)    1 :  0.176 0.150 0.187 0.134 0.074 0.279 
361 OmyAC20ROGR    (0)    1 :  0.041 0.034 0.504 0.290 0.035 0.096 
362 OmyAC20ROGR    (0)    1 :  0.260 0.022 0.127 0.296 0.031 0.262 
363 OmyAC20ROGR    (0)    1 :  0.098 0.093 0.101 0.062 0.244 0.402 
364 OmyAC20ROGR    (1)    1 :  0.142 0.029 0.108 0.185 0.392 0.144 
365 OmyAC20ROGR    (0)    1 :  0.111 0.014 0.220 0.080 0.049 0.526 
366 OmyAC20ROGR    (0)    1 :  0.150 0.020 0.526 0.045 0.160 0.099 
367 OmyAC20ROGR    (0)    1 :  0.201 0.074 0.439 0.064 0.055 0.167 
368 OmyAC20ROGR    (1)    1 :  0.160 0.055 0.054 0.320 0.030 0.381 
369 OmyAC20ROGR    (0)    1 :  0.171 0.268 0.043 0.086 0.202 0.229 
370 OmyAC20ROGR    (0)    1 :  0.071 0.710 0.054 0.044 0.046 0.074 
371 OmyAC20ROGR    (0)    1 :  0.052 0.806 0.033 0.046 0.022 0.042 
372 OmyAC20ROGR    (2)    1 :  0.017 0.908 0.023 0.020 0.013 0.019 
373 OmyAC20ROGR    (0)    1 :  0.091 0.403 0.224 0.078 0.033 0.171 
374 OmyAC20ROGR    (0)    1 :  0.153 0.016 0.408 0.213 0.110 0.101 
375 OmyAC20ROGR    (0)    1 :  0.100 0.059 0.248 0.114 0.034 0.445 
376 OmyAC20ROGR    (0)    1 :  0.195 0.495 0.053 0.084 0.040 0.133 
377 OmyAC20ROGR    (0)    1 :  0.092 0.017 0.352 0.071 0.296 0.173 
378 OmyAC20ROGR    (0)    1 :  0.290 0.015 0.086 0.160 0.096 0.352 
379 OmyAC20ROGR    (0)    1 :  0.078 0.395 0.141 0.105 0.094 0.188 
380 OmyAC20ROGR    (1)    1 :  0.274 0.014 0.461 0.063 0.033 0.155 
381 OmyAC20ROGR    (0)    1 :  0.263 0.069 0.370 0.156 0.027 0.116 
382 OmyAC20ROGR    (0)    1 :  0.028 0.887 0.030 0.024 0.016 0.015 
383 OmyAC20ROGR    (0)    1 :  0.378 0.099 0.197 0.075 0.015 0.236 
384 OmyAC20ROGR    (0)    1 :  0.187 0.295 0.144 0.082 0.110 0.183 
385 OmyAC20ROGR    (0)    1 :  0.162 0.174 0.154 0.366 0.022 0.121 
386 OmyAC20ROGR    (0)    1 :  0.166 0.082 0.236 0.055 0.048 0.414 
387 OmyAC20ROGR    (0)    1 :  0.036 0.317 0.385 0.143 0.020 0.098 
388 OmyAC20ROGR    (0)    1 :  0.102 0.218 0.131 0.067 0.194 0.288 
389 OmyAC20ROGR    (0)    1 :  0.047 0.019 0.188 0.613 0.032 0.101 
390 OmyAC20ROGR    (0)    1 :  0.249 0.016 0.253 0.264 0.098 0.120 
391 OmyAC20ROGR    (0)    1 :  0.096 0.393 0.079 0.102 0.224 0.106 
392 OmyAC20ROGR    (0)    1 :  0.163 0.237 0.098 0.126 0.099 0.278 
393 OmyAC20ROGR    (0)    1 :  0.089 0.042 0.231 0.096 0.101 0.441 
394 OmyAC20ROGR    (1)    1 :  0.144 0.055 0.072 0.496 0.028 0.205 
395 OmyAC20ROGR    (0)    1 :  0.458 0.041 0.106 0.074 0.145 0.177 
396 OmyAC20ROGR    (0)    1 :  0.079 0.034 0.321 0.412 0.046 0.109 
397 OmyAC20ROGR    (0)    1 :  0.170 0.203 0.213 0.202 0.036 0.176 
398 OmyAC20ROGR    (0)    1 :  0.057 0.721 0.071 0.051 0.062 0.039 
399 OmyAC20ROGR    (0)    1 :  0.190 0.164 0.117 0.095 0.077 0.356 
400 OmyAC20ROGR    (0)    1 :  0.198 0.097 0.298 0.120 0.079 0.208 
401 OmyAC20ROGR    (1)    1 :  0.025 0.877 0.018 0.018 0.042 0.019 
402 OmyAC20ROGR    (0)    1 :  0.208 0.020 0.114 0.092 0.447 0.119 
403 OmyAC20ROGR    (0)    1 :  0.212 0.085 0.060 0.079 0.135 0.428 
404 OmyAC20ROGR    (0)    1 :  0.304 0.018 0.242 0.119 0.168 0.149 
405 OmyAC20ROGR    (0)    1 :  0.059 0.281 0.256 0.078 0.028 0.297 
406 OmyAC20ROGR    (0)    1 :  0.344 0.056 0.077 0.178 0.151 0.194 
407 OmyAC20ROGR    (0)    1 :  0.087 0.031 0.530 0.158 0.019 0.175 
408 OmyAC20ROGR    (0)    1 :  0.280 0.056 0.115 0.099 0.179 0.271 
409 OmyAC20ROGR    (0)    1 :  0.065 0.044 0.402 0.279 0.021 0.189 
410 OmyAC20ROGR    (0)    1 :  0.025 0.896 0.029 0.024 0.013 0.013 
411 OmyAC20ROGR    (0)    1 :  0.092 0.570 0.074 0.147 0.028 0.088 
412 OmyAC20ROGR    (0)    1 :  0.089 0.092 0.197 0.101 0.384 0.136 
413 OmyAC20ROGR    (0)    1 :  0.048 0.028 0.537 0.285 0.023 0.078 
414 OmyAC20ROGR    (0)    1 :  0.209 0.304 0.058 0.107 0.163 0.160 
415 OmyAC20ROGR    (0)    1 :  0.260 0.019 0.180 0.167 0.118 0.256 
416 OmyAC20ROGR    (0)    1 :  0.232 0.061 0.267 0.139 0.120 0.182 
417 OmyAC20ROGR    (0)    1 :  0.054 0.018 0.198 0.405 0.122 0.204 
418 OmyAC20ROGR    (0)    1 :  0.123 0.113 0.242 0.142 0.051 0.330 
419 OmyAC20ROGR    (0)    1 :  0.060 0.356 0.175 0.178 0.028 0.204 
420 OmyAC20ROGR    (0)    1 :  0.093 0.019 0.104 0.191 0.158 0.435 
421 OmyAC20ROGR    (0)    1 :  0.249 0.081 0.205 0.126 0.182 0.157 
422 OmyAC20ROGR    (0)    1 :  0.019 0.886 0.034 0.022 0.020 0.017 
423 OmyAC20ROGR    (0)    1 :  0.032 0.024 0.683 0.144 0.017 0.100 
424 OmyAC20ROGR    (0)    1 :  0.548 0.016 0.111 0.174 0.031 0.121 
425 OmyAC20ROGR    (0)    1 :  0.021 0.852 0.018 0.018 0.073 0.017 
426 OmyAC20ROGR    (0)    1 :  0.413 0.054 0.199 0.134 0.028 0.172 
427 OmyAC20ROGR    (0)    1 :  0.134 0.141 0.334 0.132 0.046 0.214 
428 OmyAC20ROGR    (0)    1 :  0.014 0.922 0.020 0.013 0.013 0.018 
429 OmyAC20ROGR    (0)    1 :  0.051 0.017 0.127 0.673 0.045 0.087 
430 OmyAC20ROGR    (0)    1 :  0.214 0.069 0.125 0.320 0.019 0.252 
431 OmyAC20ROGR    (0)    1 :  0.190 0.433 0.050 0.053 0.066 0.208 
432 OmyAC20ROGR    (0)    1 :  0.037 0.857 0.029 0.025 0.025 0.028 
433 OmyAC20ROGR    (0)    1 :  0.017 0.886 0.018 0.023 0.029 0.028 
434 OmyAC20ROGR    (0)    1 :  0.267 0.156 0.074 0.329 0.020 0.154 
435 OmyAC20ROGR    (0)    1 :  0.320 0.012 0.154 0.019 0.068 0.427 
436 OmyAC20ROGR    (0)    1 :  0.128 0.028 0.466 0.106 0.021 0.252 
437 OmyAC20ROGR    (0)    1 :  0.046 0.613 0.061 0.161 0.039 0.079 
438 OmyAC20ROGR    (0)    1 :  0.424 0.227 0.048 0.125 0.039 0.137 
439 OmyAC20ROGR    (0)    1 :  0.288 0.030 0.245 0.257 0.040 0.140 
440 OmyAC20ROGR    (0)    1 :  0.047 0.752 0.065 0.034 0.051 0.052 
441 OmyAC20ROGR    (0)    1 :  0.117 0.014 0.207 0.250 0.083 0.328 
442 OmyAC20ROGR    (0)    1 :  0.194 0.034 0.075 0.174 0.036 0.487 
443 OmyAC20ROGR    (0)    1 :  0.441 0.015 0.030 0.061 0.362 0.090 
444 OmyAC20ROGR    (0)    1 :  0.061 0.073 0.313 0.262 0.025 0.267 
445 OmyAC20ROGR    (0)    1 :  0.134 0.069 0.184 0.430 0.031 0.152 
446 OmyJC18ROGR    (0)    2 :  0.056 0.034 0.108 0.107 0.546 0.149 
447 OmyJC18ROGR    (0)    2 :  0.256 0.034 0.275 0.172 0.061 0.202 
448 OmyJC18ROGR    (0)    2 :  0.171 0.042 0.487 0.134 0.027 0.139 
449 OmyJC18ROGR    (0)    2 :  0.042 0.682 0.065 0.105 0.059 0.048 
450 OmyJC18ROGR    (0)    2 :  0.082 0.659 0.065 0.048 0.060 0.084 
451 OmyJC18ROGR    (0)    2 :  0.046 0.864 0.019 0.032 0.016 0.023 
452 OmyJC18ROGR    (0)    2 :  0.105 0.218 0.364 0.045 0.106 0.161 
453 OmyJC18ROGR    (0)    2 :  0.137 0.021 0.095 0.125 0.443 0.181 
454 OmyJC18ROGR    (0)    2 :  0.047 0.843 0.019 0.030 0.021 0.040 
455 OmyJC18ROGR    (0)    2 :  0.177 0.022 0.163 0.504 0.031 0.102 
456 OmyJC18ROGR    (0)    2 :  0.030 0.848 0.029 0.034 0.011 0.048 
457 OmyJC18ROGR    (0)    2 :  0.476 0.025 0.237 0.066 0.029 0.167 
458 OmyJC18ROGR    (0)    2 :  0.098 0.116 0.114 0.160 0.349 0.162 
459 OmyJC18ROGR    (0)    2 :  0.107 0.015 0.179 0.222 0.179 0.299 
460 OmyJC18ROGR    (2)    2 :  0.161 0.332 0.085 0.126 0.056 0.240 
461 OmyJC18ROGR    (1)    2 :  0.225 0.250 0.120 0.059 0.124 0.222 
462 OmyJC18ROGR    (3)    2 :  0.257 0.291 0.065 0.151 0.066 0.170 
463 OmyJC18ROGR    (1)    2 :  0.053 0.684 0.053 0.068 0.057 0.086 
464 OmyJC18ROGR    (3)    2 :  0.090 0.015 0.777 0.048 0.015 0.055 
465 OmyJC18ROGR    (3)    2 :  0.111 0.031 0.111 0.558 0.049 0.139 
466 OmyJC18ROGR    (0)    2 :  0.460 0.087 0.066 0.057 0.040 0.290 
467 OmyJC18ROGR    (1)    2 :  0.220 0.025 0.149 0.297 0.039 0.270 
468 OmyJC18ROGR    (0)    2 :  0.062 0.029 0.066 0.607 0.029 0.209 
469 OmyJC18ROGR    (0)    2 :  0.053 0.769 0.034 0.087 0.021 0.036 
470 OmyJC18ROGR    (3)    2 :  0.064 0.433 0.078 0.246 0.052 0.127 
471 OmyJC18ROGR    (1)    2 :  0.186 0.219 0.169 0.102 0.085 0.239 
472 OmyJC18ROGR    (1)    2 :  0.361 0.050 0.271 0.042 0.024 0.253 
473 OmyJC18ROGR    (2)    2 :  0.254 0.020 0.463 0.050 0.043 0.171 
474 OmyJC18ROGR    (0)    2 :  0.080 0.031 0.131 0.075 0.453 0.231 
475 OmyJC18ROGR    (1)    2 :  0.060 0.670 0.049 0.036 0.143 0.042 
476 OmyJC18ROGR    (2)    2 :  0.166 0.012 0.200 0.108 0.314 0.199 
477 OmyJC18ROGR    (3)    2 :  0.302 0.078 0.082 0.296 0.055 0.186 
478 OmyJC18ROGR    (0)    2 :  0.241 0.039 0.184 0.069 0.284 0.182 
479 OmyJC18ROGR    (0)    2 :  0.057 0.011 0.693 0.096 0.030 0.114 
480 OmyJC18ROGR    (0)    2 :  0.136 0.102 0.402 0.073 0.038 0.249 
481 OmyJC18ROGR    (2)    2 :  0.249 0.168 0.203 0.050 0.134 0.197 
482 OmyJC18ROGR    (3)    2 :  0.163 0.013 0.138 0.440 0.063 0.183 
483 OmyJC18ROGR    (3)    2 :  0.221 0.030 0.209 0.398 0.020 0.121 
484 OmyJC18ROGR    (3)    2 :  0.260 0.028 0.098 0.206 0.079 0.328 
485 OmyJC18ROGR    (2)    2 :  0.099 0.608 0.139 0.063 0.031 0.060 
486 OmyJC18ROGR    (2)    2 :  0.109 0.386 0.097 0.214 0.040 0.153 
487 OmyJC18ROGR    (1)    2 :  0.383 0.066 0.080 0.046 0.148 0.278 
488 OmyJC18ROGR    (3)    2 :  0.391 0.036 0.135 0.088 0.048 0.302 
489 OmyJC18ROGR    (0)    2 :  0.386 0.020 0.107 0.140 0.054 0.292 
490 OmyJC18ROGR    (2)    2 :  0.259 0.053 0.160 0.196 0.069 0.263 
491 OmyJC18ROGR    (4)    2 :  0.093 0.099 0.126 0.066 0.466 0.151 
492 OmyJC18ROGR    (4)    2 :  0.064 0.016 0.045 0.091 0.713 0.070 
493 OmyJC18ROGR    (3)    2 :  0.384 0.079 0.172 0.153 0.033 0.179 
494 OmyJC18ROGR    (3)    2 :  0.019 0.884 0.026 0.025 0.017 0.029 
495 OmyJC18ROGR    (3)    2 :  0.143 0.132 0.166 0.072 0.374 0.112 
496 OmyJC18ROGR    (0)    2 :  0.200 0.055 0.090 0.236 0.183 0.236 
497 OmyJC18ROGR    (5)    2 :  0.117 0.054 0.179 0.180 0.163 0.307 
498 OmyJC18ROGR    (3)    2 :  0.317 0.108 0.086 0.055 0.068 0.366 
499 OmyJC18ROGR    (1)    2 :  0.361 0.034 0.167 0.202 0.087 0.150 
500 OmyJC18ROGR    (1)    2 :  0.192 0.016 0.134 0.314 0.066 0.278 
501 OmyJC18ROGR    (3)    2 :  0.230 0.393 0.128 0.068 0.057 0.125 
502 OmyJC18ROGR    (1)    2 :  0.037 0.134 0.115 0.600 0.024 0.090 
503 OmyJC18ROGR    (4)    2 :  0.119 0.038 0.342 0.289 0.025 0.188 
504 OmyJC18ROGR    (1)    2 :  0.053 0.235 0.057 0.565 0.026 0.063 
505 OmyJC18ROGR    (0)    2 :  0.256 0.188 0.097 0.172 0.210 0.077 
506 OmyJC18ROGR    (6)    2 :  0.385 0.037 0.100 0.093 0.202 0.184 
507 OmyJC18ROGR    (0)    2 :  0.257 0.104 0.108 0.128 0.048 0.355 
508 OmyJC18ROGR    (0)    2 :  0.143 0.063 0.124 0.507 0.049 0.114 
509 OmyJC18ROGR    (2)    2 :  0.025 0.884 0.028 0.019 0.019 0.025 
510 OmyJC18ROGR    (1)    2 :  0.293 0.019 0.131 0.149 0.105 0.304 
511 OmyJC18ROGR    (3)    2 :  0.048 0.098 0.065 0.048 0.678 0.064 
512 OmyJC18ROGR    (2)    2 :  0.040 0.770 0.053 0.069 0.018 0.050 
513 OmyJC18ROGR    (7)    2 :  0.271 0.117 0.070 0.075 0.353 0.114 
514 OmyJC18ROGR    (3)    2 :  0.037 0.573 0.063 0.093 0.175 0.060 
515 OmyJC18ROGR    (0)    2 :  0.186 0.048 0.224 0.135 0.076 0.330 
516 OmyJC18ROGR    (2)    2 :  0.149 0.167 0.368 0.092 0.076 0.147 
517 OmyJC18ROGR    (2)    2 :  0.292 0.192 0.119 0.051 0.202 0.144 
518 OmyJC18ROGR    (0)    2 :  0.097 0.025 0.145 0.245 0.050 0.438 
519 OmyJC18ROGR    (7)    2 :  0.069 0.044 0.106 0.024 0.698 0.060 
520 OmyJC18ROGR    (4)    2 :  0.201 0.135 0.181 0.047 0.225 0.211 
521 OmyJC18ROGR    (1)    2 :  0.232 0.135 0.232 0.072 0.210 0.119 
522 OmyJC18ROGR    (1)    2 :  0.319 0.065 0.181 0.312 0.022 0.099 
523 OmyJC18ROGR    (3)    2 :  0.116 0.030 0.134 0.422 0.057 0.240 
524 OmyJC18ROGR    (1)    2 :  0.231 0.027 0.158 0.394 0.030 0.160 
525 OmyJC18ROGR    (2)    2 :  0.058 0.113 0.095 0.280 0.335 0.119 
526 OmyJC18ROGR    (1)    2 :  0.083 0.053 0.144 0.196 0.281 0.243 
527 OmyJC18ROGR    (0)    2 :  0.249 0.022 0.212 0.087 0.166 0.264 
528 OmyJC18ROGR    (0)    2 :  0.099 0.024 0.334 0.215 0.041 0.288 
529 OmyJC18ROGR    (1)    2 :  0.215 0.022 0.468 0.036 0.039 0.220 
530 OmyJC18ROGR    (0)    2 :  0.069 0.016 0.186 0.654 0.025 0.050 
531 OmyJC18ROGR    (0)    2 :  0.047 0.027 0.712 0.110 0.017 0.086 
532 OmyJC18ROGR    (1)    2 :  0.323 0.019 0.103 0.271 0.058 0.227 
533 OmyJC18ROGR    (2)    2 :  0.301 0.011 0.310 0.080 0.122 0.175 
534 OmyJC18ROGR    (2)    2 :  0.358 0.043 0.178 0.178 0.041 0.202 
535 OmyJC18ROGR    (0)    2 :  0.114 0.029 0.299 0.087 0.274 0.196 
536 OmyJC18ROGR    (0)    2 :  0.057 0.023 0.136 0.028 0.659 0.097 
537 OmyJC18ROGR    (0)    2 :  0.205 0.019 0.338 0.086 0.198 0.154 
538 OmyJC18ROGR    (0)    2 :  0.124 0.032 0.594 0.086 0.028 0.137 
539 OmyJC18ROGR    (1)    2 :  0.088 0.043 0.161 0.528 0.068 0.113 
540 OmyJC18ROGR    (6)    2 :  0.599 0.027 0.055 0.030 0.033 0.255 
541 OmyJC18ROGR    (1)    2 :  0.098 0.037 0.485 0.061 0.116 0.204 
542 OmyJC18ROGR    (1)    2 :  0.077 0.123 0.291 0.087 0.090 0.333 
543 OmyJC18ROGR    (0)    2 :  0.236 0.146 0.168 0.093 0.041 0.317 
544 OmyJC18ROGR    (2)    2 :  0.117 0.026 0.415 0.070 0.115 0.258 
545 OmyJC18ROGR    (1)    2 :  0.087 0.576 0.034 0.252 0.015 0.036 
546 OmyJC18ROGR    (6)    2 :  0.040 0.012 0.536 0.086 0.038 0.288 
547 OmyJC18ROGR    (0)    2 :  0.320 0.078 0.126 0.344 0.018 0.114 
548 OmyJC18ROGR    (1)    2 :  0.503 0.107 0.123 0.062 0.081 0.122 
549 OmyJC18ROGR    (0)    2 :  0.171 0.023 0.472 0.086 0.036 0.214 
550 OmyJC18ROGR    (1)    2 :  0.048 0.789 0.049 0.035 0.031 0.049 
