

----------------------------------------------------
STRUCTURE by Pritchard, Stephens and Donnelly (2000)
     and Falush, Stephens and Pritchard (2003)
       Code by Pritchard, Falush and Hubisz
             Version 2.3.4 (Jul 2012)
----------------------------------------------------



Command line arguments:   bin/structure -m "/Users/ddayan/FRA/premature_migration/Rogue_Half-Pounder/half-pounder/structure/halfpounder_2021/10k_20k_adm_corr/mainparams" -e "/Users/ddayan/FRA/premature_migration/Rogue_Half-Pounder/half-pounder/structure/halfpounder_2021/10k_20k_adm_corr/extraparams" 
Input File:    /Users/ddayan/FRA/premature_migration/Rogue_Half-Pounder/half-pounder/structure/halfpounder_2021/project_data

Run parameters:
   1000 individuals
   328 loci
   6 populations assumed
   10000 Burn-in period
   20000 Reps


--------------------------------------------
Proportion of membership of each pre-defined
 population in each of the 6 clusters

Given    Inferred Clusters                            Number of
 Pop       1      2      3      4      5      6      Individuals

  1:     0.175  0.174  0.135  0.173  0.160  0.182      275
  2:     0.164  0.167  0.156  0.167  0.173  0.174      643
  3:     0.075  0.084  0.648  0.100  0.055  0.039       42
  4:     0.215  0.210  0.062  0.197  0.274  0.042       40
--------------------------------------------

Allele-freq. divergence among pops (Net nucleotide distance),
computed using point estimates of P.

      1       2       3       4       5       6      
 1      -    0.0006  0.0035  0.0006  0.0013  0.0089  
 2   0.0006     -    0.0035  0.0001  0.0013  0.0087  
 3   0.0035  0.0035     -    0.0034  0.0046  0.0122  
 4   0.0006  0.0001  0.0034     -    0.0013  0.0085  
 5   0.0013  0.0013  0.0046  0.0013     -    0.0093  
 6   0.0089  0.0087  0.0122  0.0085  0.0093     -    

Average distances (expected heterozygosity) between individuals in same cluster:
cluster  1  : 0.2924 
cluster  2  : 0.2915 
cluster  3  : 0.2860 
cluster  4  : 0.2919 
cluster  5  : 0.2914 
cluster  6  : 0.2585 

--------------------------------------------
Estimated Ln Prob of Data   = -285803.6
Mean value of ln likelihood = -283339.8
Variance of ln likelihood   = 4927.6
Mean value of alpha         = 0.1676

Mean value of Fst_1         = 0.0114
Mean value of Fst_2         = 0.0145
Mean value of Fst_3         = 0.0287
Mean value of Fst_4         = 0.0123
Mean value of Fst_5         = 0.0164
Mean value of Fst_6         = 0.0778


Inferred ancestry of individuals:
        Label (%Miss) Pop:  Inferred clusters
  1 OmyAC19ROGR    (0)    1 :  0.242 0.164 0.218 0.268 0.095 0.013 
  2 OmyAC19ROGR    (0)    1 :  0.212 0.245 0.122 0.335 0.027 0.058 
  3 OmyAC19ROGR    (0)    1 :  0.292 0.253 0.119 0.217 0.067 0.051 
  4 OmyAC19ROGR    (0)    1 :  0.138 0.169 0.099 0.104 0.468 0.023 
  5 OmyAC19ROGR    (1)    1 :  0.012 0.015 0.010 0.019 0.009 0.935 
  6 OmyAC19ROGR    (0)    1 :  0.144 0.318 0.040 0.277 0.082 0.139 
  7 OmyAC19ROGR    (0)    1 :  0.149 0.127 0.116 0.170 0.283 0.154 
  8 OmyAC19ROGR    (0)    1 :  0.545 0.097 0.122 0.073 0.147 0.016 
  9 OmyAC19ROGR    (0)    1 :  0.131 0.227 0.139 0.238 0.071 0.195 
 10 OmyAC19ROGR    (0)    1 :  0.097 0.148 0.118 0.165 0.051 0.421 
 11 OmyAC19ROGR    (0)    1 :  0.068 0.173 0.110 0.081 0.524 0.045 
 12 OmyAC19ROGR    (0)    1 :  0.093 0.343 0.038 0.342 0.097 0.088 
 13 OmyAC19ROGR    (0)    1 :  0.450 0.073 0.121 0.062 0.272 0.022 
 14 OmyAC19ROGR    (0)    1 :  0.119 0.097 0.028 0.087 0.252 0.418 
 15 OmyAC19ROGR    (0)    1 :  0.094 0.044 0.027 0.057 0.412 0.366 
 16 OmyAC19ROGR    (0)    1 :  0.236 0.150 0.131 0.107 0.309 0.066 
 17 OmyAC19ROGR    (0)    1 :  0.592 0.163 0.014 0.071 0.106 0.053 
 18 OmyAC19ROGR    (2)    1 :  0.350 0.132 0.144 0.221 0.137 0.017 
 19 OmyAC19ROGR    (1)    1 :  0.332 0.159 0.095 0.118 0.260 0.037 
 20 OmyAC19ROGR    (0)    1 :  0.151 0.262 0.022 0.190 0.147 0.228 
 21 OmyAC19ROGR    (1)    1 :  0.184 0.227 0.088 0.171 0.134 0.196 
 22 OmyAC19ROGR    (0)    1 :  0.186 0.210 0.239 0.183 0.118 0.064 
 23 OmyAC19ROGR    (0)    1 :  0.249 0.172 0.076 0.225 0.061 0.218 
 24 OmyAC19ROGR    (0)    1 :  0.037 0.094 0.735 0.075 0.045 0.014 
 25 OmyAC19ROGR    (0)    1 :  0.262 0.084 0.066 0.122 0.243 0.223 
 26 OmyAC19ROGR    (0)    1 :  0.182 0.238 0.169 0.289 0.045 0.076 
 27 OmyAC19ROGR    (1)    1 :  0.094 0.128 0.046 0.103 0.587 0.042 
 28 OmyAC19ROGR    (0)    1 :  0.036 0.054 0.800 0.057 0.028 0.024 
 29 OmyAC19ROGR    (0)    1 :  0.197 0.321 0.071 0.268 0.102 0.041 
 30 OmyAC19ROGR    (0)    1 :  0.067 0.082 0.038 0.122 0.035 0.656 
 31 OmyAC19ROGR    (0)    1 :  0.292 0.303 0.088 0.185 0.105 0.027 
 32 OmyAC19ROGR    (0)    1 :  0.285 0.210 0.160 0.101 0.145 0.099 
 33 OmyAC19ROGR    (1)    1 :  0.154 0.226 0.251 0.204 0.084 0.080 
 34 OmyAC19ROGR    (0)    1 :  0.128 0.051 0.076 0.054 0.199 0.491 
 35 OmyAC19ROGR    (0)    1 :  0.209 0.253 0.206 0.193 0.088 0.051 
 36 OmyAC19ROGR    (0)    1 :  0.282 0.182 0.096 0.105 0.205 0.130 
 37 OmyAC19ROGR    (0)    1 :  0.073 0.063 0.610 0.067 0.096 0.091 
 38 OmyAC19ROGR    (0)    1 :  0.064 0.050 0.348 0.060 0.066 0.412 
 39 OmyAC19ROGR    (0)    1 :  0.418 0.294 0.033 0.161 0.050 0.045 
 40 OmyAC19ROGR    (0)    1 :  0.099 0.214 0.027 0.208 0.152 0.300 
 41 OmyAC19ROGR    (1)    1 :  0.134 0.204 0.081 0.204 0.346 0.031 
 42 OmyAC19ROGR    (0)    1 :  0.043 0.051 0.015 0.037 0.037 0.817 
 43 OmyAC19ROGR    (0)    1 :  0.225 0.336 0.115 0.251 0.043 0.030 
 44 OmyAC19ROGR    (6)    1 :  0.249 0.360 0.064 0.252 0.051 0.024 
 45 OmyAC19ROGR    (1)    1 :  0.118 0.129 0.265 0.092 0.071 0.324 
 46 OmyAC19ROGR    (0)    1 :  0.133 0.156 0.327 0.256 0.075 0.053 
 47 OmyAC19ROGR    (0)    1 :  0.041 0.074 0.666 0.105 0.066 0.048 
 48 OmyAC19ROGR    (0)    1 :  0.343 0.203 0.115 0.256 0.053 0.030 
 49 OmyAC19ROGR    (0)    1 :  0.177 0.194 0.245 0.182 0.177 0.025 
 50 OmyAC19ROGR    (0)    1 :  0.289 0.280 0.026 0.187 0.200 0.019 
 51 OmyAC19ROGR    (2)    1 :  0.036 0.062 0.044 0.046 0.078 0.734 
 52 OmyAC19ROGR    (0)    1 :  0.031 0.034 0.033 0.028 0.032 0.843 
 53 OmyAC19ROGR    (1)    1 :  0.108 0.090 0.651 0.087 0.038 0.027 
 54 OmyAC19ROGR    (0)    1 :  0.120 0.149 0.435 0.173 0.071 0.052 
 55 OmyAC19ROGR    (3)    1 :  0.435 0.189 0.042 0.107 0.167 0.060 
 56 OmyAC19ROGR    (0)    1 :  0.090 0.049 0.585 0.092 0.130 0.053 
 57 OmyAC19ROGR    (0)    1 :  0.160 0.062 0.621 0.074 0.064 0.018 
 58 OmyAC19ROGR    (0)    1 :  0.105 0.062 0.055 0.075 0.069 0.635 
 59 OmyAC19ROGR    (0)    1 :  0.134 0.173 0.453 0.132 0.089 0.019 
 60 OmyAC19ROGR    (1)    1 :  0.114 0.122 0.075 0.115 0.481 0.094 
 61 OmyAC19ROGR    (0)    1 :  0.210 0.133 0.285 0.272 0.057 0.043 
 62 OmyAC19ROGR    (0)    1 :  0.282 0.245 0.062 0.294 0.089 0.029 
 63 OmyAC19ROGR    (0)    1 :  0.072 0.134 0.414 0.100 0.053 0.226 
 64 OmyAC19ROGR    (2)    1 :  0.138 0.268 0.086 0.206 0.222 0.079 
 65 OmyAC19ROGR    (0)    1 :  0.487 0.106 0.076 0.092 0.209 0.031 
 66 OmyAC19ROGR    (3)    1 :  0.151 0.082 0.028 0.108 0.360 0.272 
 67 OmyAC19ROGR    (0)    1 :  0.091 0.081 0.512 0.119 0.168 0.029 
 68 OmyAC19ROGR    (1)    1 :  0.118 0.202 0.243 0.352 0.040 0.044 
 69 OmyAC19ROGR    (2)    1 :  0.113 0.061 0.481 0.080 0.067 0.198 
 70 OmyAC19ROGR    (0)    1 :  0.218 0.259 0.180 0.223 0.096 0.025 
 71 OmyAC19ROGR    (0)    1 :  0.389 0.135 0.110 0.174 0.166 0.026 
 72 OmyAC19ROGR    (4)    1 :  0.179 0.274 0.103 0.279 0.144 0.022 
 73 OmyAC19ROGR    (0)    1 :  0.334 0.193 0.136 0.171 0.034 0.132 
 74 OmyAC19ROGR    (0)    1 :  0.085 0.390 0.035 0.286 0.178 0.026 
 75 OmyAC19ROGR    (0)    1 :  0.197 0.131 0.240 0.092 0.245 0.096 
 76 OmyAC19ROGR    (0)    1 :  0.078 0.093 0.624 0.110 0.051 0.043 
 77 OmyAC19ROGR    (1)    1 :  0.017 0.024 0.016 0.020 0.019 0.904 
 78 OmyAC19ROGR    (0)    1 :  0.491 0.177 0.062 0.185 0.064 0.021 
 79 OmyAC19ROGR    (2)    1 :  0.335 0.268 0.069 0.231 0.065 0.033 
 80 OmyAC19ROGR    (1)    1 :  0.040 0.055 0.084 0.066 0.075 0.679 
 81 OmyAC19ROGR    (2)    1 :  0.158 0.145 0.072 0.185 0.067 0.372 
 82 OmyAC19ROGR    (1)    1 :  0.126 0.107 0.591 0.080 0.080 0.015 
 83 OmyAC19ROGR    (0)    1 :  0.221 0.174 0.271 0.137 0.160 0.037 
 84 OmyAC19ROGR    (0)    1 :  0.168 0.268 0.043 0.352 0.066 0.103 
 85 OmyAC19ROGR    (5)    1 :  0.400 0.125 0.143 0.105 0.196 0.030 
 86 OmyAC19ROGR    (0)    1 :  0.122 0.111 0.020 0.168 0.482 0.097 
 87 OmyAC19ROGR    (1)    1 :  0.060 0.256 0.168 0.407 0.075 0.034 
 88 OmyJC19ROGR    (0)    2 :  0.050 0.036 0.022 0.041 0.031 0.820 
 89 OmyJC19ROGR    (0)    2 :  0.134 0.250 0.051 0.405 0.115 0.045 
 90 OmyJC19ROGR    (0)    2 :  0.024 0.023 0.013 0.020 0.023 0.897 
 91 OmyJC19ROGR    (1)    2 :  0.141 0.129 0.332 0.151 0.234 0.014 
 92 OmyJC19ROGR    (0)    2 :  0.121 0.101 0.603 0.061 0.075 0.039 
 93 OmyJC19ROGR    (0)    2 :  0.085 0.045 0.752 0.052 0.053 0.015 
 94 OmyJC19ROGR    (0)    2 :  0.323 0.230 0.030 0.167 0.141 0.109 
 95 OmyJC19ROGR    (0)    2 :  0.209 0.284 0.022 0.343 0.048 0.093 
 96 OmyJC19ROGR    (0)    2 :  0.190 0.115 0.040 0.073 0.536 0.046 
 97 OmyJC19ROGR    (0)    2 :  0.065 0.028 0.714 0.042 0.021 0.130 
 98 OmyJC19ROGR    (0)    2 :  0.305 0.223 0.094 0.147 0.204 0.026 
 99 OmyJC19ROGR    (0)    2 :  0.118 0.111 0.460 0.080 0.157 0.075 
100 OmyJC19ROGR    (1)    2 :  0.445 0.159 0.061 0.142 0.159 0.034 
101 OmyJC19ROGR    (0)    2 :  0.116 0.098 0.148 0.060 0.098 0.480 
102 OmyJC19ROGR    (0)    2 :  0.160 0.152 0.040 0.205 0.368 0.074 
103 OmyJC19ROGR    (0)    2 :  0.137 0.262 0.075 0.320 0.092 0.113 
104 OmyJC19ROGR    (0)    2 :  0.285 0.125 0.337 0.172 0.058 0.022 
105 OmyJC19ROGR    (0)    2 :  0.036 0.194 0.467 0.107 0.080 0.115 
106 OmyJC19ROGR    (0)    2 :  0.014 0.014 0.026 0.020 0.015 0.911 
107 OmyJC19ROGR    (1)    2 :  0.057 0.065 0.095 0.077 0.626 0.080 
108 OmyJC19ROGR    (0)    2 :  0.213 0.169 0.206 0.133 0.226 0.054 
109 OmyJC19ROGR    (0)    2 :  0.104 0.101 0.022 0.083 0.562 0.128 
110 OmyJC19ROGR    (0)    2 :  0.086 0.058 0.486 0.069 0.040 0.261 
111 OmyJC19ROGR    (1)    2 :  0.173 0.088 0.483 0.070 0.114 0.070 
112 OmyJC19ROGR    (2)    2 :  0.292 0.153 0.055 0.164 0.240 0.097 
113 OmyJC19ROGR    (0)    2 :  0.089 0.119 0.041 0.066 0.073 0.611 
114 OmyJC19ROGR    (3)    2 :  0.264 0.277 0.036 0.295 0.097 0.031 
115 OmyJC19ROGR    (1)    2 :  0.050 0.377 0.265 0.236 0.026 0.046 
116 OmyJC19ROGR    (0)    2 :  0.314 0.231 0.043 0.300 0.063 0.049 
117 OmyJC19ROGR    (0)    2 :  0.470 0.147 0.039 0.113 0.107 0.124 
118 OmyJC19ROGR    (0)    2 :  0.175 0.262 0.086 0.381 0.074 0.022 
119 OmyJC19ROGR    (2)    2 :  0.086 0.211 0.041 0.275 0.354 0.033 
120 OmyJC19ROGR    (0)    2 :  0.044 0.043 0.827 0.041 0.030 0.016 
121 OmyJC19ROGR    (0)    2 :  0.246 0.245 0.032 0.285 0.159 0.032 
122 OmyJC19ROGR    (0)    2 :  0.239 0.220 0.114 0.228 0.147 0.051 
123 OmyJC19ROGR    (0)    2 :  0.107 0.104 0.108 0.166 0.500 0.015 
124 OmyJC19ROGR    (0)    2 :  0.077 0.392 0.040 0.343 0.058 0.090 
125 OmyJC19ROGR    (0)    2 :  0.174 0.164 0.263 0.268 0.035 0.096 
126 OmyJC19ROGR    (1)    2 :  0.075 0.093 0.039 0.074 0.053 0.667 
127 OmyJC19ROGR    (0)    2 :  0.044 0.033 0.038 0.069 0.790 0.026 
128 OmyJC19ROGR    (1)    2 :  0.063 0.111 0.426 0.204 0.158 0.038 
129 OmyJC19ROGR    (0)    2 :  0.477 0.074 0.082 0.107 0.038 0.222 
130 OmyJC19ROGR    (2)    2 :  0.170 0.299 0.023 0.417 0.054 0.036 
131 OmyJC19ROGR    (0)    2 :  0.277 0.261 0.130 0.184 0.088 0.060 
132 OmyJC19ROGR    (1)    2 :  0.075 0.118 0.419 0.217 0.130 0.041 
133 OmyJC19ROGR    (0)    2 :  0.363 0.260 0.070 0.189 0.098 0.021 
134 OmyJC19ROGR    (0)    2 :  0.143 0.213 0.060 0.324 0.217 0.043 
135 OmyJC19ROGR    (1)    2 :  0.030 0.024 0.866 0.029 0.033 0.018 
136 OmyJC19ROGR    (3)    2 :  0.123 0.245 0.090 0.408 0.109 0.025 
137 OmyJC19ROGR    (0)    2 :  0.076 0.171 0.033 0.210 0.340 0.169 
138 OmyJC19ROGR    (0)    2 :  0.090 0.092 0.020 0.067 0.050 0.680 
139 OmyJC19ROGR    (2)    2 :  0.618 0.128 0.042 0.135 0.062 0.016 
140 OmyJC19ROGR    (2)    2 :  0.491 0.089 0.054 0.074 0.222 0.071 
141 OmyJC19ROGR    (0)    2 :  0.246 0.141 0.100 0.118 0.167 0.227 
142 OmyJC19ROGR    (0)    2 :  0.147 0.085 0.182 0.105 0.209 0.272 
143 OmyJC19ROGR    (0)    2 :  0.071 0.123 0.646 0.077 0.045 0.038 
144 OmyJC19ROGR    (0)    2 :  0.713 0.104 0.035 0.084 0.053 0.011 
145 OmyJC19ROGR    (0)    2 :  0.103 0.279 0.037 0.248 0.305 0.027 
146 OmyJC19ROGR    (1)    2 :  0.169 0.106 0.534 0.099 0.050 0.043 
147 OmyJC19ROGR    (0)    2 :  0.054 0.087 0.111 0.138 0.559 0.052 
148 OmyJC19ROGR    (0)    2 :  0.144 0.213 0.127 0.136 0.360 0.019 
149 OmyJC19ROGR    (1)    2 :  0.189 0.141 0.356 0.169 0.091 0.054 
150 OmyJC19ROGR    (1)    2 :  0.074 0.182 0.316 0.187 0.191 0.050 
151 OmyJC19ROGR    (0)    2 :  0.445 0.139 0.079 0.171 0.089 0.076 
152 OmyJC19ROGR    (0)    2 :  0.060 0.262 0.103 0.115 0.420 0.041 
153 OmyJC19ROGR    (0)    2 :  0.030 0.032 0.836 0.049 0.034 0.019 
154 OmyJC19ROGR    (1)    2 :  0.135 0.332 0.035 0.329 0.128 0.042 
155 OmyJC19ROGR    (0)    2 :  0.285 0.166 0.165 0.243 0.067 0.074 
156 OmyJC19ROGR    (1)    2 :  0.099 0.231 0.149 0.193 0.233 0.095 
157 OmyJC19ROGR    (0)    2 :  0.209 0.257 0.173 0.206 0.095 0.060 
158 OmyJC19ROGR    (0)    2 :  0.254 0.178 0.143 0.253 0.158 0.014 
159 OmyJC19ROGR    (0)    2 :  0.137 0.288 0.029 0.196 0.320 0.030 
160 OmyJC19ROGR    (0)    2 :  0.130 0.177 0.219 0.128 0.303 0.043 
161 OmyJC19ROGR    (0)    2 :  0.175 0.289 0.196 0.193 0.126 0.019 
162 OmyJC19ROGR    (0)    2 :  0.073 0.121 0.121 0.145 0.507 0.034 
163 OmyJC19ROGR    (0)    2 :  0.052 0.093 0.459 0.256 0.113 0.027 
164 OmyJC19ROGR    (0)    2 :  0.325 0.171 0.067 0.104 0.310 0.023 
165 OmyJC19ROGR    (0)    2 :  0.360 0.210 0.166 0.115 0.130 0.019 
166 OmyJC19ROGR    (0)    2 :  0.166 0.309 0.051 0.359 0.074 0.041 
167 OmyJC19ROGR    (1)    2 :  0.105 0.196 0.249 0.244 0.136 0.071 
168 OmyJC19ROGR    (0)    2 :  0.288 0.225 0.057 0.255 0.126 0.049 
169 OmyJC19ROGR    (0)    2 :  0.013 0.020 0.010 0.022 0.029 0.906 
170 OmyJC19ROGR    (0)    2 :  0.089 0.092 0.620 0.073 0.076 0.050 
171 OmyJC19ROGR    (0)    2 :  0.311 0.174 0.090 0.144 0.257 0.024 
172 OmyJC19ROGR    (0)    2 :  0.164 0.082 0.287 0.102 0.095 0.271 
173 OmyJC19ROGR    (0)    2 :  0.022 0.037 0.026 0.029 0.035 0.852 
174 OmyJC19ROGR    (0)    2 :  0.126 0.322 0.106 0.362 0.063 0.021 
175 OmyJC19ROGR    (0)    2 :  0.380 0.281 0.047 0.145 0.122 0.025 
176 OmyJC19ROGR    (0)    2 :  0.120 0.114 0.424 0.195 0.089 0.059 
177 OmyJC19ROGR    (0)    2 :  0.032 0.075 0.768 0.085 0.028 0.012 
178 OmyJC19ROGR    (0)    2 :  0.061 0.193 0.022 0.085 0.609 0.031 
179 OmyJC19ROGR    (0)    2 :  0.165 0.213 0.314 0.179 0.113 0.016 
180 OmyJC19ROGR    (0)    2 :  0.042 0.039 0.033 0.033 0.023 0.831 
181 OmyJC19ROGR    (0)    2 :  0.121 0.238 0.058 0.361 0.183 0.039 
182 OmyJC19ROGR    (0)    2 :  0.607 0.089 0.052 0.055 0.098 0.099 
183 OmyJC19ROGR    (0)    2 :  0.197 0.265 0.059 0.210 0.244 0.026 
184 OmyJC19ROGR    (0)    2 :  0.176 0.036 0.101 0.077 0.038 0.571 
185 OmyJC19ROGR    (1)    2 :  0.655 0.201 0.039 0.065 0.033 0.008 
186 OmyJC19ROGR    (0)    2 :  0.223 0.105 0.468 0.093 0.035 0.077 
187 OmyJC19ROGR    (0)    2 :  0.053 0.441 0.039 0.375 0.076 0.017 
188 OmyJC19ROGR    (0)    2 :  0.470 0.138 0.120 0.131 0.113 0.028 
189 OmyJC19ROGR    (0)    2 :  0.122 0.240 0.159 0.291 0.077 0.111 
190 OmyJC19ROGR    (0)    2 :  0.066 0.069 0.641 0.124 0.074 0.026 
191 OmyJC19ROGR    (0)    2 :  0.074 0.307 0.302 0.217 0.070 0.030 
192 OmyJC19ROGR    (0)    2 :  0.135 0.046 0.027 0.049 0.713 0.029 
193 OmyJC19ROGR    (1)    2 :  0.108 0.187 0.091 0.206 0.308 0.099 
194 OmyJC19ROGR    (0)    2 :  0.053 0.053 0.038 0.055 0.790 0.012 
195 OmyJC19ROGR    (0)    2 :  0.062 0.052 0.019 0.044 0.047 0.775 
196 OmyJC19ROGR    (0)    2 :  0.049 0.422 0.023 0.448 0.036 0.023 
197 OmyJC19ROGR    (0)    2 :  0.216 0.172 0.321 0.159 0.088 0.044 
198 OmyJC19ROGR    (0)    2 :  0.043 0.058 0.052 0.048 0.111 0.688 
199 OmyJC19ROGR    (0)    2 :  0.535 0.166 0.064 0.149 0.070 0.016 
200 OmyJC19ROGR    (0)    2 :  0.098 0.117 0.527 0.147 0.047 0.064 
201 OmyJC19ROGR    (0)    2 :  0.133 0.266 0.062 0.243 0.275 0.021 
202 OmyJC19ROGR    (0)    2 :  0.027 0.027 0.830 0.039 0.065 0.012 
203 OmyJC19ROGR    (0)    2 :  0.110 0.394 0.085 0.217 0.162 0.032 
204 OmyJC19ROGR    (0)    2 :  0.202 0.182 0.163 0.179 0.236 0.038 
205 OmyJC19ROGR    (0)    2 :  0.086 0.416 0.070 0.191 0.125 0.111 
206 OmyJC19ROGR    (0)    2 :  0.038 0.040 0.041 0.041 0.035 0.804 
207 OmyJC19ROGR    (0)    2 :  0.115 0.212 0.082 0.250 0.137 0.202 
208 OmyJC19ROGR    (0)    2 :  0.234 0.166 0.039 0.151 0.379 0.031 
209 OmyJC19ROGR    (0)    2 :  0.178 0.076 0.183 0.073 0.042 0.448 
210 OmyJC19ROGR    (0)    2 :  0.025 0.036 0.016 0.043 0.026 0.853 
211 OmyJC19ROGR    (0)    2 :  0.304 0.241 0.055 0.194 0.093 0.114 
212 OmyJC19ROGR    (1)    2 :  0.094 0.098 0.428 0.101 0.111 0.168 
213 OmyJC19ROGR    (1)    2 :  0.241 0.313 0.058 0.284 0.078 0.026 
214 OmyJC19ROGR    (0)    2 :  0.040 0.370 0.042 0.145 0.374 0.028 
215 OmyJC19ROGR    (0)    2 :  0.140 0.165 0.063 0.119 0.494 0.019 
216 OmyJC19ROGR    (0)    2 :  0.041 0.068 0.026 0.074 0.047 0.745 
217 OmyJC19ROGR    (0)    2 :  0.123 0.111 0.068 0.117 0.246 0.336 
218 OmyJC19ROGR    (0)    2 :  0.108 0.213 0.366 0.164 0.120 0.029 
219 OmyJC19ROGR    (0)    2 :  0.123 0.158 0.025 0.191 0.414 0.089 
220 OmyJC19ROGR    (0)    2 :  0.179 0.096 0.097 0.142 0.473 0.013 
221 OmyJC19ROGR    (0)    2 :  0.089 0.264 0.045 0.323 0.104 0.174 
222 OmyJC19ROGR    (0)    2 :  0.206 0.236 0.240 0.177 0.112 0.028 
223 OmyJC19ROGR    (0)    2 :  0.081 0.258 0.063 0.270 0.291 0.038 
224 OmyJC19ROGR    (0)    2 :  0.109 0.090 0.049 0.071 0.656 0.024 
225 OmyJC19ROGR    (0)    2 :  0.016 0.017 0.019 0.017 0.019 0.912 
226 OmyJC19ROGR    (0)    2 :  0.273 0.252 0.029 0.215 0.078 0.152 
227 OmyJC19ROGR    (1)    2 :  0.025 0.032 0.035 0.026 0.024 0.858 
228 OmyJC19ROGR    (0)    2 :  0.194 0.252 0.037 0.207 0.278 0.032 
229 OmyJC19ROGR    (1)    2 :  0.394 0.175 0.145 0.211 0.051 0.024 
230 OmyJC19ROGR    (0)    2 :  0.150 0.238 0.150 0.141 0.140 0.181 
231 OmyJC19ROGR    (0)    2 :  0.142 0.291 0.038 0.256 0.212 0.062 
232 OmyJC19ROGR    (1)    2 :  0.232 0.210 0.102 0.280 0.142 0.035 
233 OmyJC19ROGR    (0)    2 :  0.146 0.197 0.092 0.189 0.252 0.124 
234 OmyJC19ROGR    (0)    2 :  0.020 0.020 0.025 0.024 0.026 0.884 
235 OmyJC19ROGR    (0)    2 :  0.073 0.051 0.095 0.047 0.126 0.609 
236 OmyJC19ROGR    (1)    2 :  0.073 0.092 0.124 0.089 0.603 0.020 
237 OmyJC19ROGR    (0)    2 :  0.150 0.135 0.138 0.198 0.333 0.046 
238 OmyJC19ROGR    (0)    2 :  0.055 0.188 0.049 0.133 0.492 0.082 
239 OmyJC19ROGR    (0)    2 :  0.230 0.173 0.049 0.289 0.204 0.054 
240 OmyJC19ROGR    (0)    2 :  0.309 0.264 0.079 0.191 0.110 0.047 
241 OmyJC19ROGR    (0)    2 :  0.183 0.225 0.269 0.192 0.072 0.059 
242 OmyJC19ROGR    (0)    2 :  0.156 0.070 0.101 0.089 0.570 0.014 
243 OmyJC19ROGR    (0)    2 :  0.222 0.222 0.251 0.150 0.111 0.043 
244 OmyJC19ROGR    (0)    2 :  0.129 0.238 0.305 0.169 0.102 0.057 
245 OmyJC19ROGR    (0)    2 :  0.025 0.029 0.018 0.021 0.017 0.890 
246 OmyJC19ROGR    (0)    2 :  0.081 0.119 0.439 0.117 0.084 0.160 
247 OmyJC19ROGR    (0)    2 :  0.098 0.106 0.122 0.048 0.081 0.545 
248 OmyJC19ROGR    (0)    2 :  0.215 0.124 0.039 0.102 0.034 0.485 
249 OmyJC19ROGR    (0)    2 :  0.134 0.339 0.038 0.192 0.233 0.064 
250 OmyJC19ROGR    (0)    2 :  0.443 0.109 0.091 0.137 0.153 0.066 
251 OmyJC19ROGR    (0)    2 :  0.111 0.361 0.046 0.357 0.095 0.030 
252 OmyJC19ROGR    (0)    2 :  0.060 0.060 0.715 0.107 0.030 0.027 
253 OmyJC19ROGR    (0)    2 :  0.483 0.165 0.052 0.115 0.117 0.067 
254 OmyJC19ROGR    (0)    2 :  0.138 0.215 0.359 0.152 0.089 0.046 
255 OmyJC19ROGR    (0)    2 :  0.085 0.219 0.306 0.308 0.056 0.025 
256 OmyJC19ROGR    (0)    2 :  0.042 0.194 0.239 0.166 0.098 0.262 
257 OmyJC19ROGR    (0)    2 :  0.156 0.374 0.049 0.256 0.104 0.063 
258 OmyAC19ROGR    (0)    1 :  0.256 0.163 0.096 0.144 0.203 0.138 
259 OmyAC19ROGR    (1)    1 :  0.134 0.134 0.059 0.142 0.179 0.353 
260 OmyAC19ROGR    (0)    1 :  0.176 0.095 0.066 0.147 0.495 0.022 
261 OmyAC19ROGR    (0)    1 :  0.589 0.120 0.032 0.155 0.071 0.033 
262 OmyAC19ROGR    (0)    1 :  0.141 0.247 0.072 0.420 0.063 0.057 
263 OmyAC19ROGR    (0)    1 :  0.091 0.180 0.403 0.130 0.150 0.046 
264 OmyAC19ROGR    (0)    1 :  0.191 0.340 0.050 0.283 0.103 0.033 
265 OmyAC19ROGR    (0)    1 :  0.069 0.283 0.164 0.315 0.131 0.038 
266 OmyAC19ROGR    (0)    1 :  0.171 0.444 0.035 0.272 0.059 0.018 
267 OmyAC19ROGR    (0)    1 :  0.233 0.210 0.064 0.241 0.141 0.112 
268 OmyAC19ROGR    (1)    1 :  0.203 0.131 0.322 0.109 0.110 0.125 
269 OmyAC19ROGR    (1)    1 :  0.390 0.238 0.037 0.099 0.117 0.119 
270 OmyAC19ROGR    (0)    1 :  0.092 0.342 0.288 0.197 0.053 0.029 
271 OmyAC19ROGR    (0)    1 :  0.270 0.132 0.056 0.126 0.220 0.196 
272 OmyAC19ROGR    (0)    1 :  0.116 0.381 0.032 0.227 0.109 0.135 
273 OmyAC19ROGR    (0)    1 :  0.330 0.235 0.083 0.148 0.178 0.026 
274 OmyAC19ROGR    (0)    1 :  0.054 0.074 0.031 0.073 0.031 0.737 
275 OmyAC19ROGR    (0)    1 :  0.180 0.119 0.243 0.135 0.237 0.085 
276 OmyAC19ROGR    (0)    1 :  0.308 0.182 0.071 0.148 0.237 0.055 
277 OmyAC19ROGR    (0)    1 :  0.323 0.191 0.027 0.254 0.148 0.057 
278 OmyAC19ROGR    (0)    1 :  0.125 0.153 0.047 0.099 0.266 0.311 
279 OmyAC19ROGR    (0)    1 :  0.171 0.055 0.045 0.062 0.540 0.128 
280 OmyAC19ROGR    (0)    1 :  0.082 0.230 0.222 0.316 0.068 0.082 
281 OmyAC19ROGR    (0)    1 :  0.504 0.139 0.062 0.067 0.190 0.037 
282 OmyAC19ROGR    (0)    1 :  0.099 0.253 0.057 0.408 0.067 0.117 
283 OmyAC19ROGR    (0)    1 :  0.288 0.234 0.063 0.186 0.193 0.035 
284 OmyAC19ROGR    (0)    1 :  0.112 0.427 0.114 0.243 0.082 0.021 
285 OmyAC19ROGR    (0)    1 :  0.146 0.195 0.231 0.225 0.165 0.038 
286 OmyAC19ROGR    (0)    1 :  0.285 0.140 0.207 0.109 0.241 0.018 
287 OmyAC19ROGR    (0)    1 :  0.013 0.012 0.008 0.011 0.009 0.946 
288 OmyAC19ROGR    (0)    1 :  0.047 0.041 0.040 0.046 0.091 0.735 
289 OmyAC19ROGR    (0)    1 :  0.206 0.109 0.048 0.091 0.431 0.115 
290 OmyAC19ROGR    (1)    1 :  0.017 0.016 0.014 0.019 0.013 0.921 
291 OmyAC19ROGR    (0)    1 :  0.088 0.141 0.105 0.171 0.112 0.383 
292 OmyAC19ROGR    (1)    1 :  0.290 0.199 0.056 0.172 0.118 0.165 
293 OmyAC19ROGR    (0)    1 :  0.091 0.077 0.643 0.065 0.102 0.023 
294 OmyAC19ROGR    (0)    1 :  0.117 0.113 0.039 0.122 0.289 0.320 
295 OmyAC19ROGR    (0)    1 :  0.264 0.256 0.111 0.165 0.185 0.019 
296 OmyAC19ROGR    (0)    1 :  0.325 0.129 0.118 0.134 0.265 0.028 
297 OmyAC19ROGR    (0)    1 :  0.059 0.055 0.018 0.091 0.057 0.719 
298 OmyAC19ROGR    (0)    1 :  0.127 0.126 0.046 0.085 0.593 0.023 
299 OmyAC19ROGR    (0)    1 :  0.084 0.104 0.187 0.173 0.257 0.195 
300 OmyAC19ROGR    (0)    1 :  0.320 0.194 0.077 0.114 0.268 0.026 
301 OmyAC19ROGR    (0)    1 :  0.027 0.032 0.015 0.025 0.029 0.873 
302 OmyAC19ROGR    (0)    1 :  0.072 0.102 0.049 0.104 0.231 0.442 
303 OmyAC19ROGR    (0)    1 :  0.423 0.140 0.035 0.067 0.242 0.093 
304 OmyAC19ROGR    (0)    1 :  0.100 0.058 0.054 0.059 0.640 0.088 
305 OmyAC19ROGR    (0)    1 :  0.175 0.124 0.074 0.080 0.522 0.025 
306 OmyAC19ROGR    (0)    1 :  0.102 0.120 0.011 0.089 0.063 0.614 
307 OmyAC19ROGR    (1)    1 :  0.131 0.233 0.176 0.259 0.182 0.020 
308 OmyAC19ROGR    (0)    1 :  0.098 0.241 0.034 0.403 0.154 0.070 
309 OmyAC19ROGR    (1)    1 :  0.032 0.033 0.028 0.029 0.026 0.852 
310 OmyAC19ROGR    (0)    1 :  0.132 0.200 0.052 0.236 0.063 0.317 
311 OmyAC19ROGR    (0)    1 :  0.109 0.078 0.038 0.197 0.170 0.409 
312 OmyAC19ROGR    (0)    1 :  0.136 0.120 0.425 0.108 0.184 0.027 
313 OmyAC19ROGR    (0)    1 :  0.087 0.199 0.081 0.390 0.228 0.015 
314 OmyAC19ROGR    (0)    1 :  0.112 0.110 0.542 0.111 0.089 0.036 
315 OmyAC19ROGR    (0)    1 :  0.276 0.237 0.087 0.162 0.188 0.051 
316 OmyAC19ROGR    (0)    1 :  0.057 0.333 0.048 0.456 0.081 0.025 
317 OmyAC19ROGR    (0)    1 :  0.362 0.097 0.339 0.070 0.102 0.029 
318 OmyAC19ROGR    (0)    1 :  0.223 0.161 0.383 0.134 0.078 0.022 
319 OmyAC19ROGR    (1)    1 :  0.339 0.166 0.090 0.094 0.295 0.017 
320 OmyAC19ROGR    (0)    1 :  0.059 0.385 0.044 0.172 0.331 0.009 
321 OmyAC19ROGR    (0)    1 :  0.213 0.264 0.051 0.161 0.289 0.021 
322 OmyAC19ROGR    (0)    1 :  0.213 0.117 0.053 0.132 0.068 0.417 
323 OmyAC19ROGR    (0)    1 :  0.276 0.235 0.028 0.206 0.232 0.022 
324 OmyAC19ROGR    (0)    1 :  0.050 0.414 0.073 0.390 0.053 0.020 
325 OmyAC19ROGR    (0)    1 :  0.127 0.291 0.027 0.281 0.047 0.227 
326 OmyAC19ROGR    (0)    1 :  0.195 0.303 0.049 0.293 0.124 0.036 
327 OmyAC19ROGR    (0)    1 :  0.059 0.355 0.093 0.269 0.196 0.027 
328 OmyAC20ROGR    (1)    1 :  0.096 0.124 0.154 0.153 0.449 0.023 
329 OmyAC20ROGR    (0)    1 :  0.067 0.157 0.185 0.249 0.274 0.068 
330 OmyAC20ROGR    (0)    1 :  0.334 0.175 0.147 0.177 0.110 0.058 
331 OmyAC20ROGR    (0)    1 :  0.083 0.248 0.115 0.186 0.111 0.258 
332 OmyAC20ROGR    (0)    1 :  0.183 0.233 0.156 0.163 0.079 0.186 
333 OmyAC20ROGR    (0)    1 :  0.069 0.185 0.260 0.191 0.069 0.226 
334 OmyAC20ROGR    (0)    1 :  0.306 0.142 0.354 0.103 0.076 0.019 
335 OmyAC20ROGR    (0)    1 :  0.176 0.230 0.126 0.285 0.152 0.031 
336 OmyAC20ROGR    (0)    1 :  0.094 0.302 0.049 0.358 0.111 0.085 
337 OmyAC20ROGR    (0)    1 :  0.121 0.158 0.054 0.137 0.136 0.393 
338 OmyAC20ROGR    (0)    1 :  0.133 0.198 0.162 0.314 0.072 0.121 
339 OmyAC20ROGR    (0)    1 :  0.289 0.195 0.076 0.117 0.245 0.078 
340 OmyAC20ROGR    (0)    1 :  0.061 0.081 0.696 0.097 0.029 0.037 
341 OmyAC20ROGR    (0)    1 :  0.082 0.087 0.587 0.133 0.048 0.063 
342 OmyAC20ROGR    (0)    1 :  0.125 0.141 0.235 0.205 0.142 0.152 
343 OmyAC20ROGR    (0)    1 :  0.092 0.296 0.143 0.362 0.062 0.045 
344 OmyAC20ROGR    (0)    1 :  0.084 0.314 0.199 0.230 0.044 0.130 
345 OmyAC20ROGR    (1)    1 :  0.183 0.247 0.026 0.403 0.054 0.086 
346 OmyAC20ROGR    (0)    1 :  0.079 0.284 0.091 0.316 0.052 0.177 
347 OmyAC20ROGR    (0)    1 :  0.271 0.191 0.057 0.186 0.107 0.188 
348 OmyAC20ROGR    (0)    1 :  0.063 0.091 0.544 0.069 0.067 0.167 
349 OmyAC20ROGR    (0)    1 :  0.061 0.301 0.169 0.379 0.053 0.037 
350 OmyAC20ROGR    (0)    1 :  0.157 0.127 0.042 0.122 0.478 0.074 
351 OmyAC20ROGR    (0)    1 :  0.093 0.219 0.179 0.361 0.067 0.082 
352 OmyAC20ROGR    (0)    1 :  0.215 0.134 0.083 0.184 0.338 0.046 
353 OmyAC20ROGR    (0)    1 :  0.076 0.240 0.079 0.492 0.088 0.025 
354 OmyAC20ROGR    (0)    1 :  0.192 0.124 0.277 0.130 0.070 0.208 
355 OmyAC20ROGR    (0)    1 :  0.411 0.098 0.300 0.066 0.077 0.048 
356 OmyAC20ROGR    (0)    1 :  0.172 0.162 0.123 0.259 0.253 0.031 
357 OmyAC20ROGR    (0)    1 :  0.112 0.251 0.038 0.166 0.364 0.068 
358 OmyAC20ROGR    (0)    1 :  0.162 0.137 0.073 0.172 0.425 0.030 
359 OmyAC20ROGR    (0)    1 :  0.093 0.063 0.013 0.039 0.619 0.173 
360 OmyAC20ROGR    (0)    1 :  0.176 0.189 0.083 0.238 0.152 0.162 
361 OmyAC20ROGR    (0)    1 :  0.180 0.268 0.040 0.096 0.385 0.031 
362 OmyAC20ROGR    (0)    1 :  0.346 0.133 0.033 0.241 0.218 0.030 
363 OmyAC20ROGR    (0)    1 :  0.120 0.153 0.218 0.331 0.075 0.102 
364 OmyAC20ROGR    (1)    1 :  0.150 0.077 0.396 0.070 0.280 0.026 
365 OmyAC20ROGR    (0)    1 :  0.070 0.275 0.040 0.474 0.125 0.015 
366 OmyAC20ROGR    (0)    1 :  0.202 0.374 0.172 0.184 0.047 0.021 
367 OmyAC20ROGR    (0)    1 :  0.293 0.271 0.051 0.245 0.064 0.076 
368 OmyAC20ROGR    (1)    1 :  0.173 0.160 0.033 0.246 0.327 0.061 
369 OmyAC20ROGR    (0)    1 :  0.263 0.112 0.158 0.108 0.098 0.261 
370 OmyAC20ROGR    (0)    1 :  0.066 0.090 0.050 0.088 0.034 0.672 
371 OmyAC20ROGR    (0)    1 :  0.049 0.030 0.027 0.040 0.044 0.810 
372 OmyAC20ROGR    (2)    1 :  0.019 0.035 0.019 0.031 0.018 0.877 
373 OmyAC20ROGR    (0)    1 :  0.159 0.181 0.036 0.114 0.110 0.400 
374 OmyAC20ROGR    (0)    1 :  0.192 0.297 0.111 0.185 0.194 0.021 
375 OmyAC20ROGR    (0)    1 :  0.227 0.257 0.054 0.218 0.182 0.063 
376 OmyAC20ROGR    (0)    1 :  0.202 0.078 0.042 0.120 0.092 0.466 
377 OmyAC20ROGR    (0)    1 :  0.184 0.287 0.255 0.180 0.076 0.018 
378 OmyAC20ROGR    (0)    1 :  0.250 0.155 0.121 0.292 0.164 0.018 
379 OmyAC20ROGR    (0)    1 :  0.084 0.097 0.104 0.166 0.135 0.414 
380 OmyAC20ROGR    (1)    1 :  0.219 0.367 0.036 0.281 0.080 0.017 
381 OmyAC20ROGR    (0)    1 :  0.207 0.288 0.033 0.265 0.136 0.071 
382 OmyAC20ROGR    (0)    1 :  0.044 0.046 0.016 0.024 0.034 0.836 
383 OmyAC20ROGR    (0)    1 :  0.284 0.280 0.019 0.232 0.083 0.101 
384 OmyAC20ROGR    (0)    1 :  0.233 0.169 0.112 0.122 0.079 0.285 
385 OmyAC20ROGR    (0)    1 :  0.170 0.202 0.021 0.141 0.266 0.200 
386 OmyAC20ROGR    (0)    1 :  0.087 0.310 0.049 0.412 0.061 0.081 
387 OmyAC20ROGR    (0)    1 :  0.078 0.222 0.027 0.092 0.224 0.357 
388 OmyAC20ROGR    (0)    1 :  0.133 0.173 0.193 0.196 0.084 0.221 
389 OmyAC20ROGR    (0)    1 :  0.035 0.074 0.038 0.065 0.767 0.021 
390 OmyAC20ROGR    (0)    1 :  0.407 0.151 0.092 0.104 0.224 0.022 
391 OmyAC20ROGR    (0)    1 :  0.111 0.052 0.235 0.084 0.111 0.407 
392 OmyAC20ROGR    (0)    1 :  0.134 0.207 0.124 0.201 0.096 0.238 
393 OmyAC20ROGR    (0)    1 :  0.105 0.280 0.123 0.331 0.111 0.050 
394 OmyAC20ROGR    (1)    1 :  0.171 0.121 0.036 0.158 0.449 0.065 
395 OmyAC20ROGR    (0)    1 :  0.369 0.206 0.160 0.151 0.068 0.047 
396 OmyAC20ROGR    (0)    1 :  0.130 0.157 0.049 0.104 0.527 0.033 
397 OmyAC20ROGR    (0)    1 :  0.286 0.174 0.030 0.144 0.158 0.208 
398 OmyAC20ROGR    (0)    1 :  0.035 0.073 0.091 0.086 0.044 0.672 
399 OmyAC20ROGR    (0)    1 :  0.222 0.163 0.086 0.311 0.069 0.149 
400 OmyAC20ROGR    (0)    1 :  0.274 0.239 0.068 0.221 0.096 0.102 
401 OmyAC20ROGR    (1)    1 :  0.035 0.029 0.047 0.022 0.025 0.842 
402 OmyAC20ROGR    (0)    1 :  0.115 0.137 0.479 0.138 0.111 0.020 
403 OmyAC20ROGR    (0)    1 :  0.102 0.194 0.158 0.306 0.135 0.105 
404 OmyAC20ROGR    (0)    1 :  0.347 0.227 0.159 0.143 0.104 0.020 
405 OmyAC20ROGR    (0)    1 :  0.140 0.216 0.022 0.172 0.146 0.304 
406 OmyAC20ROGR    (0)    1 :  0.273 0.160 0.145 0.191 0.167 0.064 
407 OmyAC20ROGR    (0)    1 :  0.102 0.243 0.023 0.386 0.209 0.038 
408 OmyAC20ROGR    (0)    1 :  0.284 0.147 0.209 0.195 0.090 0.076 
409 OmyAC20ROGR    (0)    1 :  0.103 0.269 0.024 0.295 0.256 0.053 
410 OmyAC20ROGR    (0)    1 :  0.034 0.026 0.014 0.018 0.030 0.878 
411 OmyAC20ROGR    (0)    1 :  0.105 0.073 0.033 0.067 0.195 0.528 
412 OmyAC20ROGR    (0)    1 :  0.099 0.168 0.368 0.142 0.111 0.112 
413 OmyAC20ROGR    (0)    1 :  0.134 0.317 0.022 0.158 0.337 0.032 
414 OmyAC20ROGR    (0)    1 :  0.176 0.106 0.146 0.194 0.084 0.294 
415 OmyAC20ROGR    (0)    1 :  0.207 0.210 0.113 0.287 0.162 0.021 
416 OmyAC20ROGR    (0)    1 :  0.225 0.264 0.149 0.174 0.128 0.059 
417 OmyAC20ROGR    (0)    1 :  0.069 0.212 0.095 0.132 0.469 0.023 
418 OmyAC20ROGR    (0)    1 :  0.107 0.236 0.061 0.340 0.149 0.108 
419 OmyAC20ROGR    (0)    1 :  0.140 0.118 0.037 0.096 0.219 0.391 
420 OmyAC20ROGR    (0)    1 :  0.325 0.097 0.184 0.120 0.250 0.023 
421 OmyAC20ROGR    (0)    1 :  0.326 0.196 0.165 0.090 0.134 0.088 
422 OmyAC20ROGR    (0)    1 :  0.029 0.028 0.020 0.034 0.016 0.874 
423 OmyAC20ROGR    (0)    1 :  0.061 0.443 0.020 0.251 0.204 0.021 
424 OmyAC20ROGR    (0)    1 :  0.466 0.114 0.033 0.175 0.192 0.021 
425 OmyAC20ROGR    (0)    1 :  0.034 0.025 0.081 0.023 0.015 0.821 
426 OmyAC20ROGR    (0)    1 :  0.372 0.265 0.034 0.166 0.101 0.062 
427 OmyAC20ROGR    (0)    1 :  0.116 0.264 0.046 0.272 0.162 0.141 
428 OmyAC20ROGR    (0)    1 :  0.019 0.028 0.018 0.033 0.014 0.889 
429 OmyAC20ROGR    (0)    1 :  0.070 0.101 0.057 0.078 0.675 0.020 
430 OmyAC20ROGR    (0)    1 :  0.248 0.265 0.026 0.216 0.173 0.072 
431 OmyAC20ROGR    (0)    1 :  0.057 0.156 0.056 0.298 0.058 0.376 
432 OmyAC20ROGR    (0)    1 :  0.040 0.043 0.025 0.037 0.024 0.832 
433 OmyAC20ROGR    (0)    1 :  0.028 0.017 0.026 0.025 0.034 0.871 
434 OmyAC20ROGR    (0)    1 :  0.104 0.225 0.018 0.254 0.251 0.149 
435 OmyAC20ROGR    (0)    1 :  0.156 0.288 0.046 0.475 0.019 0.015 
436 OmyAC20ROGR    (0)    1 :  0.094 0.332 0.020 0.363 0.157 0.034 
437 OmyAC20ROGR    (0)    1 :  0.053 0.060 0.038 0.057 0.202 0.589 
438 OmyAC20ROGR    (0)    1 :  0.341 0.152 0.042 0.107 0.091 0.268 
439 OmyAC20ROGR    (0)    1 :  0.358 0.215 0.046 0.203 0.133 0.047 
440 OmyAC20ROGR    (0)    1 :  0.049 0.069 0.045 0.066 0.035 0.737 
441 OmyAC20ROGR    (0)    1 :  0.315 0.141 0.101 0.172 0.255 0.017 
442 OmyAC20ROGR    (0)    1 :  0.293 0.141 0.045 0.293 0.183 0.045 
443 OmyAC20ROGR    (0)    1 :  0.488 0.075 0.324 0.052 0.049 0.012 
444 OmyAC20ROGR    (0)    1 :  0.091 0.182 0.032 0.253 0.372 0.069 
445 OmyAC20ROGR    (0)    1 :  0.183 0.200 0.036 0.113 0.378 0.091 
446 OmyJC18ROGR    (0)    2 :  0.085 0.134 0.491 0.141 0.107 0.042 
447 OmyJC18ROGR    (0)    2 :  0.309 0.231 0.068 0.238 0.116 0.038 
448 OmyJC18ROGR    (0)    2 :  0.138 0.354 0.020 0.350 0.086 0.051 
449 OmyJC18ROGR    (0)    2 :  0.054 0.056 0.058 0.071 0.112 0.648 
450 OmyJC18ROGR    (0)    2 :  0.048 0.086 0.062 0.109 0.080 0.615 
451 OmyJC18ROGR    (0)    2 :  0.041 0.030 0.014 0.033 0.040 0.842 
452 OmyJC18ROGR    (0)    2 :  0.232 0.198 0.141 0.175 0.040 0.213 
453 OmyJC18ROGR    (0)    2 :  0.100 0.147 0.440 0.125 0.163 0.025 
454 OmyJC18ROGR    (0)    2 :  0.052 0.040 0.022 0.034 0.031 0.821 
455 OmyJC18ROGR    (0)    2 :  0.209 0.185 0.039 0.096 0.448 0.024 
456 OmyJC18ROGR    (0)    2 :  0.036 0.032 0.013 0.042 0.043 0.833 
457 OmyJC18ROGR    (0)    2 :  0.412 0.313 0.029 0.135 0.077 0.034 
458 OmyJC18ROGR    (0)    2 :  0.073 0.125 0.324 0.209 0.134 0.135 
459 OmyJC18ROGR    (0)    2 :  0.151 0.168 0.180 0.231 0.256 0.014 
460 OmyJC18ROGR    (2)    2 :  0.126 0.125 0.060 0.253 0.081 0.357 
461 OmyJC18ROGR    (1)    2 :  0.081 0.183 0.138 0.249 0.084 0.267 
462 OmyJC18ROGR    (3)    2 :  0.193 0.103 0.072 0.149 0.156 0.326 
463 OmyJC18ROGR    (1)    2 :  0.061 0.064 0.057 0.133 0.058 0.626 
464 OmyJC18ROGR    (3)    2 :  0.096 0.458 0.021 0.316 0.089 0.021 
465 OmyJC18ROGR    (3)    2 :  0.261 0.113 0.052 0.100 0.428 0.046 
466 OmyJC18ROGR    (0)    2 :  0.225 0.272 0.037 0.287 0.061 0.116 
467 OmyJC18ROGR    (1)    2 :  0.204 0.200 0.047 0.172 0.347 0.029 
468 OmyJC18ROGR    (0)    2 :  0.083 0.084 0.029 0.100 0.669 0.036 
469 OmyJC18ROGR    (0)    2 :  0.071 0.041 0.027 0.041 0.092 0.728 
470 OmyJC18ROGR    (3)    2 :  0.068 0.093 0.054 0.085 0.260 0.440 
471 OmyJC18ROGR    (1)    2 :  0.087 0.204 0.089 0.330 0.072 0.219 
472 OmyJC18ROGR    (1)    2 :  0.407 0.254 0.038 0.191 0.045 0.065 
473 OmyJC18ROGR    (2)    2 :  0.157 0.383 0.049 0.328 0.060 0.023 
474 OmyJC18ROGR    (0)    2 :  0.108 0.113 0.537 0.120 0.084 0.038 
475 OmyJC18ROGR    (1)    2 :  0.036 0.046 0.204 0.050 0.031 0.632 
476 OmyJC18ROGR    (2)    2 :  0.167 0.200 0.271 0.210 0.134 0.018 
477 OmyJC18ROGR    (3)    2 :  0.190 0.213 0.068 0.195 0.247 0.087 
478 OmyJC18ROGR    (0)    2 :  0.315 0.163 0.255 0.148 0.083 0.036 
479 OmyJC18ROGR    (0)    2 :  0.122 0.382 0.040 0.300 0.137 0.018 
480 OmyJC18ROGR    (0)    2 :  0.213 0.306 0.052 0.221 0.084 0.125 
481 OmyJC18ROGR    (2)    2 :  0.375 0.122 0.149 0.142 0.047 0.165 
482 OmyJC18ROGR    (3)    2 :  0.140 0.135 0.046 0.205 0.456 0.018 
483 OmyJC18ROGR    (3)    2 :  0.232 0.211 0.025 0.197 0.298 0.036 
484 OmyJC18ROGR    (3)    2 :  0.124 0.204 0.087 0.354 0.200 0.031 
485 OmyJC18ROGR    (2)    2 :  0.104 0.115 0.042 0.098 0.035 0.606 
486 OmyJC18ROGR    (2)    2 :  0.151 0.089 0.046 0.110 0.210 0.393 
487 OmyJC18ROGR    (1)    2 :  0.135 0.274 0.119 0.356 0.047 0.068 
488 OmyJC18ROGR    (3)    2 :  0.204 0.257 0.040 0.379 0.083 0.037 
489 OmyJC18ROGR    (0)    2 :  0.257 0.247 0.051 0.328 0.094 0.024 
490 OmyJC18ROGR    (2)    2 :  0.191 0.133 0.072 0.372 0.174 0.057 
491 OmyJC18ROGR    (4)    2 :  0.109 0.093 0.550 0.081 0.070 0.098 
492 OmyJC18ROGR    (4)    2 :  0.090 0.053 0.713 0.048 0.077 0.018 
493 OmyJC18ROGR    (3)    2 :  0.280 0.241 0.038 0.171 0.180 0.089 
494 OmyJC18ROGR    (3)    2 :  0.023 0.038 0.020 0.041 0.031 0.848 
495 OmyJC18ROGR    (3)    2 :  0.120 0.178 0.316 0.129 0.105 0.151 
496 OmyJC18ROGR    (0)    2 :  0.230 0.155 0.181 0.151 0.220 0.062 
497 OmyJC18ROGR    (5)    2 :  0.102 0.188 0.120 0.341 0.179 0.070 
498 OmyJC18ROGR    (3)    2 :  0.150 0.214 0.064 0.411 0.043 0.118 
499 OmyJC18ROGR    (1)    2 :  0.216 0.216 0.091 0.225 0.217 0.035 
500 OmyJC18ROGR    (1)    2 :  0.191 0.187 0.085 0.210 0.306 0.021 
501 OmyJC18ROGR    (3)    2 :  0.240 0.135 0.070 0.124 0.047 0.384 
502 OmyJC18ROGR    (1)    2 :  0.041 0.070 0.023 0.086 0.633 0.149 
503 OmyJC18ROGR    (4)    2 :  0.184 0.238 0.027 0.255 0.250 0.045 
504 OmyJC18ROGR    (1)    2 :  0.125 0.059 0.029 0.060 0.483 0.244 
505 OmyJC18ROGR    (0)    2 :  0.127 0.160 0.197 0.153 0.153 0.211 
506 OmyJC18ROGR    (6)    2 :  0.414 0.120 0.223 0.094 0.104 0.046 
507 OmyJC18ROGR    (0)    2 :  0.341 0.158 0.054 0.233 0.117 0.097 
508 OmyJC18ROGR    (0)    2 :  0.153 0.115 0.062 0.110 0.488 0.071 
509 OmyJC18ROGR    (2)    2 :  0.031 0.028 0.022 0.025 0.031 0.863 
510 OmyJC18ROGR    (1)    2 :  0.136 0.235 0.107 0.386 0.112 0.022 
511 OmyJC18ROGR    (3)    2 :  0.061 0.075 0.617 0.084 0.057 0.107 
512 OmyJC18ROGR    (2)    2 :  0.056 0.061 0.020 0.050 0.071 0.742 
513 OmyJC18ROGR    (7)    2 :  0.171 0.105 0.368 0.103 0.110 0.143 
514 OmyJC18ROGR    (3)    2 :  0.046 0.080 0.201 0.037 0.092 0.543 
515 OmyJC18ROGR    (0)    2 :  0.254 0.226 0.084 0.234 0.143 0.058 
516 OmyJC18ROGR    (2)    2 :  0.127 0.332 0.080 0.198 0.095 0.169 
517 OmyJC18ROGR    (2)    2 :  0.291 0.107 0.225 0.119 0.050 0.208 
518 OmyJC18ROGR    (0)    2 :  0.084 0.201 0.074 0.317 0.284 0.041 
519 OmyJC18ROGR    (7)    2 :  0.069 0.139 0.587 0.116 0.038 0.051 
520 OmyJC18ROGR    (4)    2 :  0.137 0.160 0.194 0.321 0.032 0.156 
521 OmyJC18ROGR    (1)    2 :  0.200 0.183 0.188 0.182 0.091 0.156 
522 OmyJC18ROGR    (1)    2 :  0.428 0.144 0.029 0.078 0.241 0.080 
523 OmyJC18ROGR    (3)    2 :  0.137 0.142 0.079 0.192 0.414 0.037 
524 OmyJC18ROGR    (1)    2 :  0.317 0.143 0.041 0.183 0.283 0.033 
525 OmyJC18ROGR    (2)    2 :  0.069 0.083 0.256 0.118 0.356 0.119 
526 OmyJC18ROGR    (1)    2 :  0.086 0.113 0.269 0.133 0.342 0.057 
527 OmyJC18ROGR    (0)    2 :  0.101 0.274 0.184 0.304 0.113 0.024 
528 OmyJC18ROGR    (0)    2 :  0.088 0.318 0.056 0.245 0.266 0.027 
529 OmyJC18ROGR    (1)    2 :  0.472 0.291 0.047 0.132 0.039 0.020 
530 OmyJC18ROGR    (0)    2 :  0.073 0.078 0.024 0.077 0.724 0.025 
531 OmyJC18ROGR    (0)    2 :  0.084 0.410 0.030 0.261 0.181 0.034 
532 OmyJC18ROGR    (1)    2 :  0.514 0.128 0.047 0.110 0.183 0.018 
533 OmyJC18ROGR    (2)    2 :  0.140 0.322 0.096 0.384 0.046 0.013 
534 OmyJC18ROGR    (2)    2 :  0.392 0.187 0.037 0.166 0.170 0.049 
535 OmyJC18ROGR    (0)    2 :  0.102 0.272 0.203 0.309 0.075 0.039 
536 OmyJC18ROGR    (0)    2 :  0.064 0.120 0.677 0.091 0.022 0.027 
537 OmyJC18ROGR    (0)    2 :  0.182 0.233 0.255 0.143 0.165 0.021 
538 OmyJC18ROGR    (0)    2 :  0.172 0.384 0.028 0.287 0.094 0.035 
539 OmyJC18ROGR    (1)    2 :  0.076 0.135 0.076 0.085 0.581 0.047 
540 OmyJC18ROGR    (6)    2 :  0.513 0.224 0.043 0.156 0.040 0.024 
541 OmyJC18ROGR    (1)    2 :  0.165 0.370 0.120 0.225 0.080 0.040 
542 OmyJC18ROGR    (1)    2 :  0.061 0.262 0.089 0.381 0.078 0.128 
543 OmyJC18ROGR    (0)    2 :  0.228 0.200 0.042 0.230 0.139 0.162 
544 OmyJC18ROGR    (2)    2 :  0.065 0.337 0.109 0.379 0.080 0.030 
545 OmyJC18ROGR    (1)    2 :  0.099 0.062 0.014 0.056 0.207 0.562 
546 OmyJC18ROGR    (6)    2 :  0.074 0.420 0.029 0.398 0.069 0.011 
547 OmyJC18ROGR    (0)    2 :  0.331 0.193 0.017 0.154 0.217 0.087 
548 OmyJC18ROGR    (1)    2 :  0.401 0.178 0.087 0.145 0.083 0.106 
549 OmyJC18ROGR    (0)    2 :  0.116 0.442 0.038 0.303 0.074 0.026 
550 OmyJC18ROGR    (1)    2 :  0.053 0.060 0.045 0.070 0.035 0.737 
