

----------------------------------------------------
STRUCTURE by Pritchard, Stephens and Donnelly (2000)
     and Falush, Stephens and Pritchard (2003)
       Code by Pritchard, Falush and Hubisz
             Version 2.3.4 (Jul 2012)
----------------------------------------------------



Command line arguments:   bin/structure -m "/Users/ddayan/FRA/premature_migration/Rogue_Half-Pounder/half-pounder/structure/halfpounder_2021/10k_20k_adm_corr/mainparams" -e "/Users/ddayan/FRA/premature_migration/Rogue_Half-Pounder/half-pounder/structure/halfpounder_2021/10k_20k_adm_corr/extraparams" 
Input File:    /Users/ddayan/FRA/premature_migration/Rogue_Half-Pounder/half-pounder/structure/halfpounder_2021/project_data

Run parameters:
   1000 individuals
   328 loci
   6 populations assumed
   10000 Burn-in period
   20000 Reps


--------------------------------------------
Proportion of membership of each pre-defined
 population in each of the 6 clusters

Given    Inferred Clusters                            Number of
 Pop       1      2      3      4      5      6      Individuals

  1:     0.164  0.178  0.184  0.170  0.170  0.134      275
  2:     0.171  0.171  0.166  0.171  0.166  0.156      643
  3:     0.050  0.032  0.064  0.074  0.085  0.695       42
  4:     0.281  0.035  0.191  0.219  0.216  0.058       40
--------------------------------------------

Allele-freq. divergence among pops (Net nucleotide distance),
computed using point estimates of P.

      1       2       3       4       5       6      
 1      -    0.0084  0.0010  0.0010  0.0011  0.0041  
 2   0.0084     -    0.0079  0.0081  0.0079  0.0110  
 3   0.0010  0.0079     -    0.0004  0.0007  0.0031  
 4   0.0010  0.0081  0.0004     -    0.0007  0.0032  
 5   0.0011  0.0079  0.0007  0.0007     -    0.0029  
 6   0.0041  0.0110  0.0031  0.0032  0.0029     -    

Average distances (expected heterozygosity) between individuals in same cluster:
cluster  1  : 0.2917 
cluster  2  : 0.2602 
cluster  3  : 0.2913 
cluster  4  : 0.2911 
cluster  5  : 0.2925 
cluster  6  : 0.2866 

--------------------------------------------
Estimated Ln Prob of Data   = -286429.9
Mean value of ln likelihood = -283404.1
Variance of ln likelihood   = 6051.7
Mean value of alpha         = 0.1293

Mean value of Fst_1         = 0.0146
Mean value of Fst_2         = 0.0700
Mean value of Fst_3         = 0.0104
Mean value of Fst_4         = 0.0107
Mean value of Fst_5         = 0.0100
Mean value of Fst_6         = 0.0250


Inferred ancestry of individuals:
        Label (%Miss) Pop:  Inferred clusters
  1 OmyAC19ROGR    (0)    1 :  0.079 0.011 0.325 0.229 0.188 0.167 
  2 OmyAC19ROGR    (0)    1 :  0.038 0.038 0.201 0.197 0.430 0.096 
  3 OmyAC19ROGR    (0)    1 :  0.040 0.041 0.172 0.350 0.286 0.112 
  4 OmyAC19ROGR    (0)    1 :  0.250 0.014 0.398 0.148 0.105 0.084 
  5 OmyAC19ROGR    (1)    1 :  0.010 0.956 0.010 0.012 0.007 0.006 
  6 OmyAC19ROGR    (0)    1 :  0.048 0.096 0.418 0.274 0.122 0.041 
  7 OmyAC19ROGR    (0)    1 :  0.348 0.112 0.084 0.258 0.107 0.091 
  8 OmyAC19ROGR    (0)    1 :  0.278 0.013 0.075 0.110 0.424 0.101 
  9 OmyAC19ROGR    (0)    1 :  0.047 0.174 0.358 0.175 0.136 0.110 
 10 OmyAC19ROGR    (0)    1 :  0.060 0.429 0.168 0.098 0.153 0.092 
 11 OmyAC19ROGR    (0)    1 :  0.299 0.041 0.331 0.164 0.038 0.126 
 12 OmyAC19ROGR    (0)    1 :  0.117 0.067 0.189 0.469 0.120 0.037 
 13 OmyAC19ROGR    (0)    1 :  0.499 0.020 0.058 0.103 0.219 0.101 
 14 OmyAC19ROGR    (0)    1 :  0.286 0.428 0.071 0.151 0.045 0.020 
 15 OmyAC19ROGR    (0)    1 :  0.451 0.360 0.037 0.086 0.042 0.023 
 16 OmyAC19ROGR    (0)    1 :  0.302 0.057 0.211 0.217 0.119 0.094 
 17 OmyAC19ROGR    (0)    1 :  0.237 0.060 0.238 0.117 0.335 0.013 
 18 OmyAC19ROGR    (2)    1 :  0.169 0.015 0.114 0.122 0.409 0.171 
 19 OmyAC19ROGR    (1)    1 :  0.361 0.030 0.100 0.069 0.349 0.092 
 20 OmyAC19ROGR    (0)    1 :  0.123 0.196 0.324 0.251 0.084 0.023 
 21 OmyAC19ROGR    (1)    1 :  0.149 0.194 0.235 0.103 0.234 0.085 
 22 OmyAC19ROGR    (0)    1 :  0.111 0.049 0.078 0.305 0.241 0.216 
 23 OmyAC19ROGR    (0)    1 :  0.067 0.210 0.201 0.108 0.337 0.077 
 24 OmyAC19ROGR    (0)    1 :  0.036 0.012 0.050 0.059 0.035 0.809 
 25 OmyAC19ROGR    (0)    1 :  0.305 0.149 0.074 0.185 0.237 0.050 
 26 OmyAC19ROGR    (0)    1 :  0.053 0.064 0.120 0.079 0.440 0.245 
 27 OmyAC19ROGR    (1)    1 :  0.580 0.035 0.117 0.163 0.069 0.036 
 28 OmyAC19ROGR    (0)    1 :  0.017 0.015 0.027 0.025 0.016 0.899 
 29 OmyAC19ROGR    (0)    1 :  0.121 0.033 0.352 0.293 0.149 0.052 
 30 OmyAC19ROGR    (0)    1 :  0.025 0.716 0.046 0.058 0.126 0.029 
 31 OmyAC19ROGR    (0)    1 :  0.119 0.028 0.265 0.333 0.183 0.073 
 32 OmyAC19ROGR    (0)    1 :  0.146 0.101 0.295 0.099 0.206 0.153 
 33 OmyAC19ROGR    (1)    1 :  0.074 0.081 0.306 0.199 0.107 0.233 
 34 OmyAC19ROGR    (0)    1 :  0.250 0.489 0.060 0.075 0.092 0.034 
 35 OmyAC19ROGR    (0)    1 :  0.070 0.039 0.112 0.206 0.373 0.200 
 36 OmyAC19ROGR    (0)    1 :  0.168 0.106 0.221 0.109 0.311 0.085 
 37 OmyAC19ROGR    (0)    1 :  0.059 0.077 0.060 0.043 0.054 0.708 
 38 OmyAC19ROGR    (0)    1 :  0.060 0.396 0.049 0.043 0.132 0.320 
 39 OmyAC19ROGR    (0)    1 :  0.100 0.038 0.096 0.093 0.647 0.026 
 40 OmyAC19ROGR    (0)    1 :  0.198 0.312 0.138 0.179 0.134 0.038 
 41 OmyAC19ROGR    (1)    1 :  0.482 0.023 0.226 0.142 0.060 0.067 
 42 OmyAC19ROGR    (0)    1 :  0.036 0.837 0.050 0.037 0.026 0.014 
 43 OmyAC19ROGR    (0)    1 :  0.056 0.029 0.168 0.383 0.224 0.139 
 44 OmyAC19ROGR    (6)    1 :  0.038 0.023 0.455 0.269 0.145 0.070 
 45 OmyAC19ROGR    (1)    1 :  0.055 0.340 0.128 0.175 0.077 0.226 
 46 OmyAC19ROGR    (0)    1 :  0.061 0.052 0.134 0.107 0.355 0.291 
 47 OmyAC19ROGR    (0)    1 :  0.055 0.037 0.040 0.102 0.048 0.719 
 48 OmyAC19ROGR    (0)    1 :  0.107 0.023 0.295 0.260 0.229 0.086 
 49 OmyAC19ROGR    (0)    1 :  0.136 0.020 0.316 0.091 0.157 0.280 
 50 OmyAC19ROGR    (0)    1 :  0.369 0.016 0.093 0.332 0.175 0.015 
 51 OmyAC19ROGR    (2)    1 :  0.067 0.762 0.058 0.044 0.030 0.039 
 52 OmyAC19ROGR    (0)    1 :  0.020 0.873 0.024 0.026 0.026 0.031 
 53 OmyAC19ROGR    (1)    1 :  0.032 0.023 0.040 0.097 0.068 0.740 
 54 OmyAC19ROGR    (0)    1 :  0.085 0.047 0.099 0.143 0.134 0.492 
 55 OmyAC19ROGR    (3)    1 :  0.209 0.072 0.068 0.214 0.398 0.039 
 56 OmyAC19ROGR    (0)    1 :  0.095 0.054 0.042 0.080 0.062 0.667 
 57 OmyAC19ROGR    (0)    1 :  0.067 0.013 0.051 0.073 0.202 0.593 
 58 OmyAC19ROGR    (0)    1 :  0.048 0.697 0.084 0.053 0.089 0.029 
 59 OmyAC19ROGR    (0)    1 :  0.092 0.009 0.080 0.210 0.118 0.490 
 60 OmyAC19ROGR    (1)    1 :  0.338 0.067 0.324 0.100 0.110 0.062 
 61 OmyAC19ROGR    (0)    1 :  0.085 0.026 0.143 0.252 0.169 0.324 
 62 OmyAC19ROGR    (0)    1 :  0.062 0.024 0.235 0.297 0.340 0.041 
 63 OmyAC19ROGR    (0)    1 :  0.062 0.180 0.117 0.099 0.075 0.466 
 64 OmyAC19ROGR    (2)    1 :  0.192 0.057 0.371 0.191 0.099 0.090 
 65 OmyAC19ROGR    (0)    1 :  0.286 0.028 0.119 0.152 0.328 0.087 
 66 OmyAC19ROGR    (3)    1 :  0.401 0.228 0.055 0.119 0.171 0.027 
 67 OmyAC19ROGR    (0)    1 :  0.102 0.018 0.159 0.145 0.113 0.463 
 68 OmyAC19ROGR    (1)    1 :  0.066 0.028 0.191 0.164 0.256 0.295 
 69 OmyAC19ROGR    (2)    1 :  0.059 0.157 0.095 0.063 0.083 0.543 
 70 OmyAC19ROGR    (0)    1 :  0.152 0.022 0.171 0.246 0.206 0.203 
 71 OmyAC19ROGR    (0)    1 :  0.156 0.023 0.155 0.197 0.386 0.083 
 72 OmyAC19ROGR    (4)    1 :  0.138 0.017 0.328 0.313 0.116 0.086 
 73 OmyAC19ROGR    (0)    1 :  0.037 0.131 0.139 0.250 0.317 0.125 
 74 OmyAC19ROGR    (0)    1 :  0.213 0.020 0.446 0.236 0.063 0.022 
 75 OmyAC19ROGR    (0)    1 :  0.231 0.085 0.200 0.084 0.189 0.212 
 76 OmyAC19ROGR    (0)    1 :  0.029 0.034 0.087 0.061 0.088 0.701 
 77 OmyAC19ROGR    (1)    1 :  0.014 0.937 0.011 0.019 0.008 0.010 
 78 OmyAC19ROGR    (0)    1 :  0.105 0.026 0.227 0.193 0.391 0.058 
 79 OmyAC19ROGR    (2)    1 :  0.095 0.033 0.297 0.268 0.218 0.089 
 80 OmyAC19ROGR    (1)    1 :  0.071 0.727 0.057 0.048 0.031 0.066 
 81 OmyAC19ROGR    (2)    1 :  0.072 0.342 0.190 0.204 0.135 0.056 
 82 OmyAC19ROGR    (1)    1 :  0.052 0.012 0.072 0.093 0.091 0.681 
 83 OmyAC19ROGR    (0)    1 :  0.225 0.032 0.133 0.156 0.150 0.304 
 84 OmyAC19ROGR    (0)    1 :  0.101 0.096 0.247 0.264 0.249 0.044 
 85 OmyAC19ROGR    (5)    1 :  0.169 0.021 0.139 0.087 0.461 0.124 
 86 OmyAC19ROGR    (0)    1 :  0.459 0.086 0.121 0.210 0.110 0.015 
 87 OmyAC19ROGR    (1)    1 :  0.067 0.024 0.303 0.125 0.171 0.311 
 88 OmyJC19ROGR    (0)    2 :  0.023 0.848 0.023 0.028 0.059 0.019 
 89 OmyJC19ROGR    (0)    2 :  0.111 0.039 0.113 0.075 0.614 0.047 
 90 OmyJC19ROGR    (0)    2 :  0.017 0.893 0.024 0.027 0.027 0.011 
 91 OmyJC19ROGR    (1)    2 :  0.200 0.009 0.154 0.111 0.151 0.374 
 92 OmyJC19ROGR    (0)    2 :  0.057 0.043 0.090 0.055 0.119 0.635 
 93 OmyJC19ROGR    (0)    2 :  0.034 0.012 0.067 0.031 0.069 0.786 
 94 OmyJC19ROGR    (0)    2 :  0.098 0.105 0.247 0.266 0.257 0.026 
 95 OmyJC19ROGR    (0)    2 :  0.052 0.060 0.177 0.298 0.393 0.020 
 96 OmyJC19ROGR    (0)    2 :  0.467 0.044 0.139 0.145 0.173 0.032 
 97 OmyJC19ROGR    (0)    2 :  0.021 0.091 0.040 0.041 0.035 0.772 
 98 OmyJC19ROGR    (0)    2 :  0.157 0.019 0.347 0.221 0.174 0.083 
 99 OmyJC19ROGR    (0)    2 :  0.119 0.065 0.123 0.178 0.081 0.434 
100 OmyJC19ROGR    (1)    2 :  0.092 0.033 0.163 0.150 0.520 0.043 
101 OmyJC19ROGR    (0)    2 :  0.067 0.484 0.116 0.077 0.126 0.130 
102 OmyJC19ROGR    (0)    2 :  0.251 0.052 0.144 0.128 0.397 0.029 
103 OmyJC19ROGR    (0)    2 :  0.098 0.084 0.161 0.207 0.372 0.079 
104 OmyJC19ROGR    (0)    2 :  0.062 0.024 0.091 0.150 0.274 0.399 
105 OmyJC19ROGR    (0)    2 :  0.042 0.087 0.115 0.174 0.022 0.561 
106 OmyJC19ROGR    (0)    2 :  0.008 0.935 0.013 0.013 0.011 0.021 
107 OmyJC19ROGR    (1)    2 :  0.364 0.062 0.259 0.132 0.061 0.122 
108 OmyJC19ROGR    (0)    2 :  0.183 0.047 0.230 0.238 0.142 0.160 
109 OmyJC19ROGR    (0)    2 :  0.457 0.123 0.129 0.085 0.186 0.021 
110 OmyJC19ROGR    (0)    2 :  0.045 0.208 0.082 0.076 0.116 0.473 
111 OmyJC19ROGR    (1)    2 :  0.131 0.058 0.138 0.114 0.129 0.429 
112 OmyJC19ROGR    (2)    2 :  0.267 0.076 0.208 0.234 0.172 0.041 
113 OmyJC19ROGR    (0)    2 :  0.139 0.596 0.054 0.087 0.077 0.047 
114 OmyJC19ROGR    (3)    2 :  0.116 0.027 0.215 0.258 0.329 0.055 
115 OmyJC19ROGR    (1)    2 :  0.030 0.040 0.250 0.259 0.104 0.317 
116 OmyJC19ROGR    (0)    2 :  0.090 0.044 0.117 0.144 0.561 0.044 
117 OmyJC19ROGR    (0)    2 :  0.068 0.100 0.349 0.132 0.324 0.028 
118 OmyJC19ROGR    (0)    2 :  0.107 0.016 0.166 0.209 0.441 0.062 
119 OmyJC19ROGR    (2)    2 :  0.300 0.026 0.354 0.205 0.080 0.035 
120 OmyJC19ROGR    (0)    2 :  0.024 0.012 0.021 0.028 0.039 0.877 
121 OmyJC19ROGR    (0)    2 :  0.205 0.031 0.157 0.352 0.229 0.026 
122 OmyJC19ROGR    (0)    2 :  0.200 0.038 0.240 0.153 0.257 0.112 
123 OmyJC19ROGR    (0)    2 :  0.381 0.013 0.183 0.144 0.126 0.152 
124 OmyJC19ROGR    (0)    2 :  0.083 0.086 0.297 0.400 0.102 0.032 
125 OmyJC19ROGR    (0)    2 :  0.033 0.087 0.071 0.389 0.178 0.243 
126 OmyJC19ROGR    (1)    2 :  0.044 0.706 0.102 0.065 0.040 0.044 
127 OmyJC19ROGR    (0)    2 :  0.758 0.023 0.051 0.102 0.035 0.032 
128 OmyJC19ROGR    (1)    2 :  0.082 0.030 0.145 0.085 0.108 0.550 
129 OmyJC19ROGR    (0)    2 :  0.048 0.204 0.074 0.078 0.484 0.112 
130 OmyJC19ROGR    (2)    2 :  0.084 0.037 0.232 0.306 0.324 0.016 
131 OmyJC19ROGR    (0)    2 :  0.062 0.041 0.253 0.220 0.318 0.106 
132 OmyJC19ROGR    (1)    2 :  0.094 0.024 0.235 0.096 0.108 0.443 
133 OmyJC19ROGR    (0)    2 :  0.065 0.015 0.202 0.154 0.502 0.061 
134 OmyJC19ROGR    (0)    2 :  0.324 0.047 0.181 0.204 0.178 0.065 
135 OmyJC19ROGR    (1)    2 :  0.020 0.017 0.027 0.029 0.023 0.884 
136 OmyJC19ROGR    (3)    2 :  0.146 0.023 0.199 0.151 0.371 0.110 
137 OmyJC19ROGR    (0)    2 :  0.476 0.135 0.127 0.177 0.049 0.035 
138 OmyJC19ROGR    (0)    2 :  0.054 0.729 0.067 0.051 0.081 0.019 
139 OmyJC19ROGR    (2)    2 :  0.075 0.011 0.095 0.339 0.446 0.034 
140 OmyJC19ROGR    (2)    2 :  0.369 0.050 0.087 0.130 0.322 0.043 
141 OmyJC19ROGR    (0)    2 :  0.175 0.215 0.183 0.120 0.185 0.122 
142 OmyJC19ROGR    (0)    2 :  0.167 0.265 0.134 0.119 0.179 0.136 
143 OmyJC19ROGR    (0)    2 :  0.029 0.035 0.129 0.095 0.081 0.630 
144 OmyJC19ROGR    (0)    2 :  0.157 0.012 0.085 0.231 0.474 0.041 
145 OmyJC19ROGR    (0)    2 :  0.293 0.018 0.384 0.162 0.116 0.027 
146 OmyJC19ROGR    (1)    2 :  0.064 0.058 0.058 0.149 0.151 0.520 
147 OmyJC19ROGR    (0)    2 :  0.433 0.041 0.218 0.113 0.099 0.095 
148 OmyJC19ROGR    (0)    2 :  0.324 0.013 0.132 0.325 0.087 0.119 
149 OmyJC19ROGR    (1)    2 :  0.092 0.042 0.201 0.087 0.190 0.388 
150 OmyJC19ROGR    (1)    2 :  0.132 0.040 0.193 0.143 0.104 0.389 
151 OmyJC19ROGR    (0)    2 :  0.209 0.074 0.113 0.111 0.403 0.090 
152 OmyJC19ROGR    (0)    2 :  0.182 0.023 0.554 0.134 0.033 0.073 
153 OmyJC19ROGR    (0)    2 :  0.021 0.018 0.033 0.036 0.020 0.871 
154 OmyJC19ROGR    (1)    2 :  0.211 0.034 0.293 0.289 0.145 0.030 
155 OmyJC19ROGR    (0)    2 :  0.137 0.059 0.241 0.228 0.175 0.159 
156 OmyJC19ROGR    (1)    2 :  0.275 0.077 0.153 0.214 0.127 0.154 
157 OmyJC19ROGR    (0)    2 :  0.079 0.047 0.205 0.295 0.209 0.165 
158 OmyJC19ROGR    (0)    2 :  0.209 0.014 0.296 0.107 0.266 0.108 
159 OmyJC19ROGR    (0)    2 :  0.376 0.025 0.262 0.157 0.154 0.026 
160 OmyJC19ROGR    (0)    2 :  0.277 0.036 0.209 0.229 0.056 0.194 
161 OmyJC19ROGR    (0)    2 :  0.170 0.014 0.164 0.310 0.105 0.237 
162 OmyJC19ROGR    (0)    2 :  0.352 0.037 0.305 0.134 0.081 0.091 
163 OmyJC19ROGR    (0)    2 :  0.079 0.036 0.103 0.195 0.080 0.507 
164 OmyJC19ROGR    (0)    2 :  0.370 0.026 0.232 0.088 0.224 0.060 
165 OmyJC19ROGR    (0)    2 :  0.119 0.015 0.370 0.194 0.179 0.122 
166 OmyJC19ROGR    (0)    2 :  0.132 0.030 0.128 0.427 0.232 0.052 
167 OmyJC19ROGR    (1)    2 :  0.108 0.059 0.087 0.295 0.173 0.277 
168 OmyJC19ROGR    (0)    2 :  0.090 0.038 0.179 0.046 0.599 0.049 
169 OmyJC19ROGR    (0)    2 :  0.027 0.917 0.018 0.016 0.012 0.010 
170 OmyJC19ROGR    (0)    2 :  0.054 0.045 0.107 0.105 0.077 0.613 
171 OmyJC19ROGR    (0)    2 :  0.209 0.015 0.226 0.213 0.258 0.078 
172 OmyJC19ROGR    (0)    2 :  0.084 0.268 0.076 0.095 0.146 0.332 
173 OmyJC19ROGR    (0)    2 :  0.016 0.891 0.026 0.028 0.016 0.023 
174 OmyJC19ROGR    (0)    2 :  0.066 0.022 0.235 0.418 0.158 0.101 
175 OmyJC19ROGR    (0)    2 :  0.099 0.019 0.364 0.109 0.377 0.031 
176 OmyJC19ROGR    (0)    2 :  0.083 0.053 0.147 0.046 0.183 0.488 
177 OmyJC19ROGR    (0)    2 :  0.018 0.011 0.055 0.091 0.042 0.783 
178 OmyJC19ROGR    (0)    2 :  0.504 0.027 0.235 0.166 0.053 0.015 
179 OmyJC19ROGR    (0)    2 :  0.126 0.014 0.202 0.207 0.134 0.319 
180 OmyJC19ROGR    (0)    2 :  0.025 0.866 0.022 0.017 0.038 0.032 
181 OmyJC19ROGR    (0)    2 :  0.116 0.027 0.346 0.394 0.072 0.046 
182 OmyJC19ROGR    (0)    2 :  0.203 0.095 0.142 0.090 0.405 0.064 
183 OmyJC19ROGR    (0)    2 :  0.204 0.020 0.176 0.454 0.103 0.044 
184 OmyJC19ROGR    (0)    2 :  0.075 0.618 0.055 0.062 0.098 0.092 
185 OmyJC19ROGR    (1)    2 :  0.022 0.006 0.021 0.026 0.896 0.029 
186 OmyJC19ROGR    (0)    2 :  0.034 0.072 0.079 0.091 0.277 0.447 
187 OmyJC19ROGR    (0)    2 :  0.041 0.020 0.418 0.457 0.036 0.027 
188 OmyJC19ROGR    (0)    2 :  0.083 0.031 0.284 0.238 0.253 0.110 
189 OmyJC19ROGR    (0)    2 :  0.073 0.116 0.283 0.182 0.141 0.205 
190 OmyJC19ROGR    (0)    2 :  0.048 0.022 0.093 0.068 0.057 0.712 
191 OmyJC19ROGR    (0)    2 :  0.046 0.021 0.158 0.378 0.066 0.331 
192 OmyJC19ROGR    (0)    2 :  0.605 0.021 0.177 0.079 0.097 0.020 
193 OmyJC19ROGR    (1)    2 :  0.276 0.082 0.188 0.259 0.096 0.099 
194 OmyJC19ROGR    (0)    2 :  0.716 0.014 0.103 0.042 0.089 0.037 
195 OmyJC19ROGR    (0)    2 :  0.041 0.809 0.049 0.051 0.038 0.011 
196 OmyJC19ROGR    (0)    2 :  0.039 0.027 0.158 0.704 0.053 0.018 
197 OmyJC19ROGR    (0)    2 :  0.129 0.031 0.152 0.245 0.146 0.297 
198 OmyJC19ROGR    (0)    2 :  0.085 0.740 0.032 0.041 0.063 0.039 
199 OmyJC19ROGR    (0)    2 :  0.104 0.016 0.062 0.187 0.584 0.047 
200 OmyJC19ROGR    (0)    2 :  0.054 0.053 0.071 0.067 0.122 0.633 
201 OmyJC19ROGR    (0)    2 :  0.268 0.018 0.236 0.347 0.091 0.040 
202 OmyJC19ROGR    (0)    2 :  0.046 0.009 0.031 0.036 0.031 0.848 
203 OmyJC19ROGR    (0)    2 :  0.164 0.025 0.311 0.357 0.064 0.080 
204 OmyJC19ROGR    (0)    2 :  0.271 0.031 0.181 0.291 0.101 0.125 
205 OmyJC19ROGR    (0)    2 :  0.086 0.091 0.316 0.339 0.107 0.061 
206 OmyJC19ROGR    (0)    2 :  0.032 0.843 0.031 0.035 0.044 0.015 
207 OmyJC19ROGR    (0)    2 :  0.180 0.223 0.144 0.195 0.172 0.087 
208 OmyJC19ROGR    (0)    2 :  0.485 0.025 0.179 0.177 0.103 0.032 
209 OmyJC19ROGR    (0)    2 :  0.053 0.425 0.078 0.071 0.223 0.150 
210 OmyJC19ROGR    (0)    2 :  0.017 0.908 0.017 0.026 0.021 0.012 
211 OmyJC19ROGR    (0)    2 :  0.103 0.091 0.111 0.101 0.547 0.048 
212 OmyJC19ROGR    (1)    2 :  0.099 0.114 0.125 0.237 0.087 0.339 
213 OmyJC19ROGR    (1)    2 :  0.109 0.021 0.258 0.415 0.155 0.043 
214 OmyJC19ROGR    (0)    2 :  0.212 0.023 0.430 0.252 0.050 0.033 
215 OmyJC19ROGR    (0)    2 :  0.620 0.018 0.084 0.087 0.154 0.038 
216 OmyJC19ROGR    (0)    2 :  0.039 0.809 0.043 0.046 0.044 0.020 
217 OmyJC19ROGR    (0)    2 :  0.134 0.320 0.244 0.155 0.097 0.050 
218 OmyJC19ROGR    (0)    2 :  0.074 0.018 0.248 0.210 0.064 0.385 
219 OmyJC19ROGR    (0)    2 :  0.498 0.055 0.117 0.211 0.095 0.023 
220 OmyJC19ROGR    (0)    2 :  0.213 0.009 0.253 0.109 0.304 0.112 
221 OmyJC19ROGR    (0)    2 :  0.051 0.165 0.490 0.135 0.126 0.033 
222 OmyJC19ROGR    (0)    2 :  0.133 0.022 0.102 0.319 0.180 0.243 
223 OmyJC19ROGR    (0)    2 :  0.173 0.040 0.200 0.438 0.092 0.058 
224 OmyJC19ROGR    (0)    2 :  0.659 0.015 0.151 0.065 0.071 0.039 
225 OmyJC19ROGR    (0)    2 :  0.017 0.930 0.014 0.013 0.014 0.012 
226 OmyJC19ROGR    (0)    2 :  0.095 0.141 0.225 0.127 0.385 0.028 
227 OmyJC19ROGR    (1)    2 :  0.012 0.888 0.018 0.026 0.026 0.030 
228 OmyJC19ROGR    (0)    2 :  0.404 0.027 0.158 0.266 0.109 0.035 
229 OmyJC19ROGR    (1)    2 :  0.057 0.018 0.402 0.251 0.174 0.098 
230 OmyJC19ROGR    (0)    2 :  0.057 0.118 0.562 0.127 0.068 0.068 
231 OmyJC19ROGR    (0)    2 :  0.174 0.048 0.239 0.308 0.195 0.036 
232 OmyJC19ROGR    (1)    2 :  0.107 0.032 0.155 0.148 0.467 0.091 
233 OmyJC19ROGR    (0)    2 :  0.159 0.097 0.366 0.198 0.119 0.061 
234 OmyJC19ROGR    (0)    2 :  0.020 0.901 0.020 0.015 0.024 0.021 
235 OmyJC19ROGR    (0)    2 :  0.103 0.627 0.058 0.052 0.073 0.087 
236 OmyJC19ROGR    (1)    2 :  0.452 0.016 0.203 0.146 0.057 0.126 
237 OmyJC19ROGR    (0)    2 :  0.401 0.040 0.166 0.159 0.115 0.119 
238 OmyJC19ROGR    (0)    2 :  0.280 0.051 0.336 0.226 0.079 0.027 
239 OmyJC19ROGR    (0)    2 :  0.205 0.036 0.134 0.070 0.502 0.052 
240 OmyJC19ROGR    (0)    2 :  0.119 0.030 0.257 0.146 0.371 0.077 
241 OmyJC19ROGR    (0)    2 :  0.086 0.065 0.139 0.242 0.151 0.317 
242 OmyJC19ROGR    (0)    2 :  0.609 0.012 0.094 0.134 0.068 0.083 
243 OmyJC19ROGR    (0)    2 :  0.133 0.034 0.101 0.312 0.220 0.200 
244 OmyJC19ROGR    (0)    2 :  0.079 0.041 0.342 0.194 0.085 0.259 
245 OmyJC19ROGR    (0)    2 :  0.017 0.920 0.021 0.014 0.016 0.012 
246 OmyJC19ROGR    (0)    2 :  0.058 0.136 0.120 0.159 0.072 0.455 
247 OmyJC19ROGR    (0)    2 :  0.054 0.585 0.143 0.076 0.039 0.102 
248 OmyJC19ROGR    (0)    2 :  0.067 0.497 0.085 0.065 0.244 0.042 
249 OmyJC19ROGR    (0)    2 :  0.136 0.041 0.583 0.091 0.111 0.037 
250 OmyJC19ROGR    (0)    2 :  0.248 0.058 0.197 0.206 0.229 0.062 
251 OmyJC19ROGR    (0)    2 :  0.083 0.024 0.391 0.374 0.095 0.032 
252 OmyJC19ROGR    (0)    2 :  0.022 0.025 0.073 0.106 0.059 0.715 
253 OmyJC19ROGR    (0)    2 :  0.183 0.059 0.112 0.136 0.470 0.040 
254 OmyJC19ROGR    (0)    2 :  0.071 0.038 0.259 0.192 0.109 0.331 
255 OmyJC19ROGR    (0)    2 :  0.043 0.020 0.153 0.175 0.095 0.514 
256 OmyJC19ROGR    (0)    2 :  0.065 0.257 0.112 0.223 0.051 0.292 
257 OmyJC19ROGR    (0)    2 :  0.052 0.041 0.614 0.173 0.086 0.035 
258 OmyAC19ROGR    (0)    1 :  0.317 0.132 0.075 0.175 0.179 0.122 
259 OmyAC19ROGR    (1)    1 :  0.201 0.342 0.104 0.107 0.179 0.066 
260 OmyAC19ROGR    (0)    1 :  0.606 0.018 0.121 0.091 0.129 0.035 
261 OmyAC19ROGR    (0)    1 :  0.071 0.024 0.296 0.163 0.426 0.020 
262 OmyAC19ROGR    (0)    1 :  0.100 0.065 0.223 0.239 0.291 0.082 
263 OmyAC19ROGR    (0)    1 :  0.114 0.035 0.246 0.192 0.053 0.361 
264 OmyAC19ROGR    (0)    1 :  0.105 0.028 0.249 0.420 0.150 0.048 
265 OmyAC19ROGR    (0)    1 :  0.116 0.027 0.419 0.162 0.132 0.143 
266 OmyAC19ROGR    (0)    1 :  0.068 0.015 0.447 0.298 0.138 0.034 
267 OmyAC19ROGR    (0)    1 :  0.146 0.101 0.320 0.143 0.234 0.055 
268 OmyAC19ROGR    (1)    1 :  0.100 0.125 0.110 0.115 0.221 0.330 
269 OmyAC19ROGR    (1)    1 :  0.163 0.112 0.156 0.166 0.363 0.039 
270 OmyAC19ROGR    (0)    1 :  0.052 0.020 0.333 0.192 0.132 0.272 
271 OmyAC19ROGR    (0)    1 :  0.217 0.187 0.181 0.113 0.248 0.053 
272 OmyAC19ROGR    (0)    1 :  0.111 0.112 0.074 0.603 0.075 0.025 
273 OmyAC19ROGR    (0)    1 :  0.250 0.026 0.217 0.221 0.202 0.084 
274 OmyAC19ROGR    (0)    1 :  0.031 0.762 0.063 0.051 0.076 0.017 
275 OmyAC19ROGR    (0)    1 :  0.225 0.072 0.099 0.127 0.266 0.210 
276 OmyAC19ROGR    (0)    1 :  0.257 0.041 0.086 0.275 0.284 0.057 
277 OmyAC19ROGR    (0)    1 :  0.284 0.056 0.175 0.209 0.253 0.024 
278 OmyAC19ROGR    (0)    1 :  0.183 0.263 0.204 0.172 0.139 0.039 
279 OmyAC19ROGR    (0)    1 :  0.690 0.098 0.037 0.074 0.081 0.021 
280 OmyAC19ROGR    (0)    1 :  0.063 0.069 0.227 0.069 0.260 0.312 
281 OmyAC19ROGR    (0)    1 :  0.225 0.036 0.114 0.069 0.483 0.073 
282 OmyAC19ROGR    (0)    1 :  0.103 0.131 0.263 0.135 0.287 0.081 
283 OmyAC19ROGR    (0)    1 :  0.251 0.027 0.173 0.319 0.172 0.057 
284 OmyAC19ROGR    (0)    1 :  0.101 0.018 0.163 0.558 0.076 0.084 
285 OmyAC19ROGR    (0)    1 :  0.173 0.034 0.219 0.211 0.140 0.224 
286 OmyAC19ROGR    (0)    1 :  0.242 0.015 0.138 0.213 0.173 0.219 
287 OmyAC19ROGR    (0)    1 :  0.007 0.963 0.009 0.007 0.007 0.007 
288 OmyAC19ROGR    (0)    1 :  0.052 0.792 0.040 0.045 0.041 0.030 
289 OmyAC19ROGR    (0)    1 :  0.439 0.090 0.136 0.124 0.159 0.052 
290 OmyAC19ROGR    (1)    1 :  0.011 0.938 0.011 0.014 0.013 0.013 
291 OmyAC19ROGR    (0)    1 :  0.086 0.359 0.180 0.163 0.126 0.086 
292 OmyAC19ROGR    (1)    1 :  0.190 0.154 0.091 0.158 0.357 0.050 
293 OmyAC19ROGR    (0)    1 :  0.066 0.018 0.120 0.075 0.112 0.609 
294 OmyAC19ROGR    (0)    1 :  0.290 0.310 0.187 0.092 0.084 0.038 
295 OmyAC19ROGR    (0)    1 :  0.248 0.020 0.376 0.182 0.090 0.083 
296 OmyAC19ROGR    (0)    1 :  0.392 0.028 0.065 0.158 0.250 0.108 
297 OmyAC19ROGR    (0)    1 :  0.043 0.740 0.063 0.065 0.065 0.024 
298 OmyAC19ROGR    (0)    1 :  0.618 0.019 0.148 0.125 0.045 0.044 
299 OmyAC19ROGR    (0)    1 :  0.172 0.178 0.295 0.080 0.091 0.185 
300 OmyAC19ROGR    (0)    1 :  0.213 0.022 0.261 0.119 0.303 0.082 
301 OmyAC19ROGR    (0)    1 :  0.018 0.894 0.028 0.021 0.025 0.013 
302 OmyAC19ROGR    (0)    1 :  0.250 0.431 0.093 0.116 0.063 0.047 
303 OmyAC19ROGR    (0)    1 :  0.323 0.081 0.091 0.123 0.341 0.040 
304 OmyAC19ROGR    (0)    1 :  0.639 0.093 0.060 0.058 0.093 0.057 
305 OmyAC19ROGR    (0)    1 :  0.399 0.025 0.184 0.163 0.189 0.041 
306 OmyAC19ROGR    (0)    1 :  0.053 0.673 0.080 0.091 0.090 0.014 
307 OmyAC19ROGR    (1)    1 :  0.142 0.017 0.235 0.113 0.316 0.177 
308 OmyAC19ROGR    (0)    1 :  0.126 0.055 0.316 0.180 0.284 0.040 
309 OmyAC19ROGR    (1)    1 :  0.023 0.875 0.017 0.029 0.036 0.020 
310 OmyAC19ROGR    (0)    1 :  0.074 0.316 0.144 0.159 0.267 0.039 
311 OmyAC19ROGR    (0)    1 :  0.223 0.389 0.115 0.155 0.088 0.031 
312 OmyAC19ROGR    (0)    1 :  0.129 0.023 0.216 0.124 0.118 0.390 
313 OmyAC19ROGR    (0)    1 :  0.157 0.010 0.267 0.401 0.097 0.069 
314 OmyAC19ROGR    (0)    1 :  0.067 0.029 0.123 0.159 0.107 0.515 
315 OmyAC19ROGR    (0)    1 :  0.179 0.032 0.366 0.231 0.123 0.069 
316 OmyAC19ROGR    (0)    1 :  0.060 0.018 0.683 0.071 0.119 0.048 
317 OmyAC19ROGR    (0)    1 :  0.097 0.025 0.058 0.054 0.383 0.382 
318 OmyAC19ROGR    (0)    1 :  0.078 0.015 0.102 0.231 0.184 0.390 
319 OmyAC19ROGR    (1)    1 :  0.393 0.014 0.168 0.216 0.135 0.075 
320 OmyAC19ROGR    (0)    1 :  0.279 0.008 0.440 0.228 0.020 0.026 
321 OmyAC19ROGR    (0)    1 :  0.317 0.020 0.237 0.136 0.241 0.049 
322 OmyAC19ROGR    (0)    1 :  0.091 0.400 0.060 0.191 0.207 0.050 
323 OmyAC19ROGR    (0)    1 :  0.294 0.018 0.147 0.453 0.069 0.019 
324 OmyAC19ROGR    (0)    1 :  0.067 0.015 0.203 0.574 0.074 0.069 
325 OmyAC19ROGR    (0)    1 :  0.036 0.257 0.179 0.162 0.337 0.029 
326 OmyAC19ROGR    (0)    1 :  0.092 0.031 0.484 0.240 0.126 0.026 
327 OmyAC19ROGR    (0)    1 :  0.202 0.026 0.247 0.373 0.041 0.111 
328 OmyAC20ROGR    (1)    1 :  0.367 0.027 0.240 0.108 0.105 0.153 
329 OmyAC20ROGR    (0)    1 :  0.216 0.049 0.235 0.120 0.128 0.252 
330 OmyAC20ROGR    (0)    1 :  0.103 0.044 0.144 0.321 0.258 0.130 
331 OmyAC20ROGR    (0)    1 :  0.069 0.210 0.340 0.218 0.078 0.085 
332 OmyAC20ROGR    (0)    1 :  0.069 0.161 0.191 0.192 0.256 0.131 
333 OmyAC20ROGR    (0)    1 :  0.046 0.251 0.317 0.135 0.070 0.181 
334 OmyAC20ROGR    (0)    1 :  0.102 0.015 0.061 0.130 0.352 0.341 
335 OmyAC20ROGR    (0)    1 :  0.160 0.030 0.265 0.292 0.124 0.131 
336 OmyAC20ROGR    (0)    1 :  0.158 0.071 0.271 0.175 0.280 0.046 
337 OmyAC20ROGR    (0)    1 :  0.188 0.385 0.163 0.136 0.081 0.047 
338 OmyAC20ROGR    (0)    1 :  0.069 0.096 0.128 0.268 0.256 0.182 
339 OmyAC20ROGR    (0)    1 :  0.257 0.075 0.273 0.155 0.169 0.072 
340 OmyAC20ROGR    (0)    1 :  0.034 0.025 0.048 0.077 0.088 0.727 
341 OmyAC20ROGR    (0)    1 :  0.042 0.059 0.069 0.061 0.085 0.683 
342 OmyAC20ROGR    (0)    1 :  0.127 0.127 0.162 0.170 0.137 0.277 
343 OmyAC20ROGR    (0)    1 :  0.059 0.033 0.250 0.192 0.266 0.199 
344 OmyAC20ROGR    (0)    1 :  0.050 0.112 0.145 0.373 0.084 0.237 
345 OmyAC20ROGR    (1)    1 :  0.065 0.095 0.439 0.136 0.241 0.024 
346 OmyAC20ROGR    (0)    1 :  0.056 0.136 0.370 0.223 0.135 0.079 
347 OmyAC20ROGR    (0)    1 :  0.073 0.175 0.296 0.193 0.213 0.049 
348 OmyAC20ROGR    (0)    1 :  0.034 0.134 0.119 0.067 0.040 0.606 
349 OmyAC20ROGR    (0)    1 :  0.043 0.037 0.278 0.214 0.195 0.234 
350 OmyAC20ROGR    (0)    1 :  0.336 0.049 0.275 0.160 0.141 0.039 
351 OmyAC20ROGR    (0)    1 :  0.068 0.066 0.207 0.288 0.217 0.154 
352 OmyAC20ROGR    (0)    1 :  0.391 0.033 0.132 0.230 0.137 0.078 
353 OmyAC20ROGR    (0)    1 :  0.036 0.017 0.408 0.331 0.141 0.067 
354 OmyAC20ROGR    (0)    1 :  0.055 0.176 0.102 0.055 0.387 0.225 
355 OmyAC20ROGR    (0)    1 :  0.058 0.034 0.088 0.047 0.603 0.170 
356 OmyAC20ROGR    (0)    1 :  0.283 0.031 0.129 0.184 0.232 0.140 
357 OmyAC20ROGR    (0)    1 :  0.306 0.064 0.256 0.193 0.144 0.039 
358 OmyAC20ROGR    (0)    1 :  0.346 0.024 0.188 0.282 0.100 0.060 
359 OmyAC20ROGR    (0)    1 :  0.655 0.139 0.039 0.096 0.056 0.016 
360 OmyAC20ROGR    (0)    1 :  0.141 0.145 0.153 0.259 0.246 0.057 
361 OmyAC20ROGR    (0)    1 :  0.388 0.034 0.235 0.266 0.052 0.024 
362 OmyAC20ROGR    (0)    1 :  0.209 0.021 0.372 0.165 0.214 0.020 
363 OmyAC20ROGR    (0)    1 :  0.060 0.093 0.216 0.255 0.139 0.238 
364 OmyAC20ROGR    (1)    1 :  0.234 0.019 0.185 0.060 0.145 0.357 
365 OmyAC20ROGR    (0)    1 :  0.132 0.012 0.274 0.450 0.085 0.047 
366 OmyAC20ROGR    (0)    1 :  0.066 0.018 0.447 0.173 0.119 0.176 
367 OmyAC20ROGR    (0)    1 :  0.075 0.079 0.254 0.381 0.169 0.043 
368 OmyAC20ROGR    (1)    1 :  0.388 0.067 0.171 0.133 0.209 0.033 
369 OmyAC20ROGR    (0)    1 :  0.071 0.278 0.144 0.091 0.216 0.199 
370 OmyAC20ROGR    (0)    1 :  0.039 0.711 0.058 0.075 0.061 0.055 
371 OmyAC20ROGR    (0)    1 :  0.027 0.843 0.032 0.025 0.054 0.019 
372 OmyAC20ROGR    (2)    1 :  0.015 0.909 0.022 0.018 0.021 0.015 
373 OmyAC20ROGR    (0)    1 :  0.072 0.402 0.230 0.161 0.100 0.036 
374 OmyAC20ROGR    (0)    1 :  0.284 0.019 0.102 0.376 0.107 0.111 
375 OmyAC20ROGR    (0)    1 :  0.087 0.040 0.626 0.156 0.058 0.032 
376 OmyAC20ROGR    (0)    1 :  0.068 0.445 0.113 0.081 0.250 0.042 
377 OmyAC20ROGR    (0)    1 :  0.072 0.014 0.130 0.479 0.099 0.205 
378 OmyAC20ROGR    (0)    1 :  0.170 0.016 0.198 0.142 0.379 0.095 
379 OmyAC20ROGR    (0)    1 :  0.092 0.424 0.163 0.108 0.115 0.098 
380 OmyAC20ROGR    (1)    1 :  0.065 0.013 0.415 0.235 0.239 0.033 
381 OmyAC20ROGR    (0)    1 :  0.188 0.062 0.097 0.509 0.119 0.024 
382 OmyAC20ROGR    (0)    1 :  0.022 0.869 0.039 0.032 0.027 0.011 
383 OmyAC20ROGR    (0)    1 :  0.048 0.076 0.449 0.080 0.328 0.018 
384 OmyAC20ROGR    (0)    1 :  0.103 0.260 0.138 0.109 0.283 0.107 
385 OmyAC20ROGR    (0)    1 :  0.309 0.204 0.109 0.198 0.159 0.021 
386 OmyAC20ROGR    (0)    1 :  0.052 0.080 0.353 0.311 0.149 0.056 
387 OmyAC20ROGR    (0)    1 :  0.245 0.307 0.250 0.140 0.032 0.026 
388 OmyAC20ROGR    (0)    1 :  0.085 0.218 0.155 0.201 0.161 0.180 
389 OmyAC20ROGR    (0)    1 :  0.511 0.023 0.303 0.100 0.035 0.028 
390 OmyAC20ROGR    (0)    1 :  0.298 0.014 0.194 0.153 0.263 0.078 
391 OmyAC20ROGR    (0)    1 :  0.085 0.417 0.153 0.067 0.104 0.175 
392 OmyAC20ROGR    (0)    1 :  0.119 0.219 0.130 0.272 0.148 0.113 
393 OmyAC20ROGR    (0)    1 :  0.049 0.038 0.548 0.170 0.118 0.078 
394 OmyAC20ROGR    (1)    1 :  0.449 0.059 0.184 0.158 0.115 0.035 
395 OmyAC20ROGR    (0)    1 :  0.072 0.034 0.123 0.177 0.442 0.152 
396 OmyAC20ROGR    (0)    1 :  0.547 0.023 0.119 0.174 0.088 0.049 
397 OmyAC20ROGR    (0)    1 :  0.191 0.210 0.222 0.245 0.111 0.022 
398 OmyAC20ROGR    (0)    1 :  0.047 0.709 0.056 0.055 0.061 0.072 
399 OmyAC20ROGR    (0)    1 :  0.146 0.146 0.285 0.204 0.142 0.077 
400 OmyAC20ROGR    (0)    1 :  0.179 0.089 0.187 0.274 0.203 0.069 
401 OmyAC20ROGR    (1)    1 :  0.028 0.862 0.021 0.019 0.030 0.039 
402 OmyAC20ROGR    (0)    1 :  0.109 0.021 0.164 0.091 0.128 0.486 
403 OmyAC20ROGR    (0)    1 :  0.090 0.111 0.177 0.055 0.359 0.209 
404 OmyAC20ROGR    (0)    1 :  0.108 0.014 0.290 0.148 0.297 0.144 
405 OmyAC20ROGR    (0)    1 :  0.059 0.257 0.509 0.075 0.078 0.022 
406 OmyAC20ROGR    (0)    1 :  0.144 0.058 0.154 0.125 0.371 0.148 
407 OmyAC20ROGR    (0)    1 :  0.269 0.035 0.228 0.321 0.123 0.024 
408 OmyAC20ROGR    (0)    1 :  0.102 0.048 0.156 0.145 0.372 0.177 
409 OmyAC20ROGR    (0)    1 :  0.332 0.047 0.191 0.286 0.123 0.022 
410 OmyAC20ROGR    (0)    1 :  0.030 0.896 0.023 0.022 0.019 0.010 
411 OmyAC20ROGR    (0)    1 :  0.169 0.537 0.086 0.067 0.097 0.044 
412 OmyAC20ROGR    (0)    1 :  0.112 0.088 0.186 0.178 0.100 0.336 
413 OmyAC20ROGR    (0)    1 :  0.479 0.030 0.177 0.237 0.057 0.020 
414 OmyAC20ROGR    (0)    1 :  0.113 0.291 0.083 0.176 0.176 0.161 
415 OmyAC20ROGR    (0)    1 :  0.225 0.016 0.157 0.117 0.355 0.130 
416 OmyAC20ROGR    (0)    1 :  0.103 0.050 0.319 0.140 0.246 0.143 
417 OmyAC20ROGR    (0)    1 :  0.292 0.014 0.349 0.194 0.056 0.095 
418 OmyAC20ROGR    (0)    1 :  0.185 0.104 0.149 0.395 0.118 0.049 
419 OmyAC20ROGR    (0)    1 :  0.183 0.368 0.087 0.240 0.101 0.020 
420 OmyAC20ROGR    (0)    1 :  0.203 0.019 0.115 0.335 0.201 0.128 
421 OmyAC20ROGR    (0)    1 :  0.139 0.085 0.263 0.219 0.157 0.139 
422 OmyAC20ROGR    (0)    1 :  0.016 0.897 0.024 0.018 0.032 0.014 
423 OmyAC20ROGR    (0)    1 :  0.181 0.024 0.384 0.358 0.034 0.018 
424 OmyAC20ROGR    (0)    1 :  0.280 0.017 0.078 0.128 0.467 0.030 
425 OmyAC20ROGR    (0)    1 :  0.018 0.846 0.019 0.015 0.026 0.075 
426 OmyAC20ROGR    (0)    1 :  0.127 0.060 0.338 0.225 0.219 0.030 
427 OmyAC20ROGR    (0)    1 :  0.153 0.133 0.105 0.420 0.146 0.042 
428 OmyAC20ROGR    (0)    1 :  0.014 0.925 0.014 0.016 0.015 0.017 
429 OmyAC20ROGR    (0)    1 :  0.570 0.018 0.188 0.108 0.065 0.052 
430 OmyAC20ROGR    (0)    1 :  0.296 0.061 0.151 0.239 0.231 0.022 
431 OmyAC20ROGR    (0)    1 :  0.058 0.466 0.167 0.085 0.146 0.078 
432 OmyAC20ROGR    (0)    1 :  0.029 0.852 0.020 0.038 0.034 0.026 
433 OmyAC20ROGR    (0)    1 :  0.018 0.900 0.014 0.015 0.024 0.029 
434 OmyAC20ROGR    (0)    1 :  0.292 0.147 0.219 0.042 0.276 0.025 
435 OmyAC20ROGR    (0)    1 :  0.025 0.010 0.280 0.377 0.250 0.058 
436 OmyAC20ROGR    (0)    1 :  0.108 0.021 0.563 0.190 0.105 0.012 
437 OmyAC20ROGR    (0)    1 :  0.128 0.627 0.080 0.075 0.057 0.034 
438 OmyAC20ROGR    (0)    1 :  0.100 0.210 0.056 0.108 0.492 0.034 
439 OmyAC20ROGR    (0)    1 :  0.284 0.031 0.261 0.209 0.170 0.045 
440 OmyAC20ROGR    (0)    1 :  0.033 0.781 0.051 0.059 0.044 0.031 
441 OmyAC20ROGR    (0)    1 :  0.349 0.015 0.085 0.359 0.110 0.081 
442 OmyAC20ROGR    (0)    1 :  0.243 0.030 0.207 0.247 0.235 0.039 
443 OmyAC20ROGR    (0)    1 :  0.085 0.012 0.034 0.066 0.418 0.385 
444 OmyAC20ROGR    (0)    1 :  0.234 0.059 0.531 0.080 0.073 0.023 
445 OmyAC20ROGR    (0)    1 :  0.425 0.060 0.223 0.108 0.153 0.030 
446 OmyJC18ROGR    (0)    2 :  0.105 0.030 0.076 0.199 0.061 0.529 
447 OmyJC18ROGR    (0)    2 :  0.149 0.026 0.363 0.273 0.143 0.046 
448 OmyJC18ROGR    (0)    2 :  0.164 0.041 0.269 0.263 0.240 0.023 
449 OmyJC18ROGR    (0)    2 :  0.093 0.688 0.048 0.063 0.051 0.057 
450 OmyJC18ROGR    (0)    2 :  0.071 0.659 0.077 0.051 0.089 0.053 
451 OmyJC18ROGR    (0)    2 :  0.026 0.887 0.017 0.017 0.038 0.015 
452 OmyJC18ROGR    (0)    2 :  0.075 0.227 0.059 0.317 0.180 0.142 
453 OmyJC18ROGR    (0)    2 :  0.090 0.021 0.121 0.060 0.149 0.559 
454 OmyJC18ROGR    (0)    2 :  0.030 0.852 0.030 0.020 0.048 0.020 
455 OmyJC18ROGR    (0)    2 :  0.513 0.021 0.116 0.159 0.163 0.028 
456 OmyJC18ROGR    (0)    2 :  0.025 0.886 0.018 0.030 0.025 0.017 
457 OmyJC18ROGR    (0)    2 :  0.084 0.030 0.175 0.370 0.320 0.021 
458 OmyJC18ROGR    (0)    2 :  0.134 0.114 0.130 0.120 0.089 0.413 
459 OmyJC18ROGR    (0)    2 :  0.217 0.012 0.224 0.278 0.117 0.152 
460 OmyJC18ROGR    (2)    2 :  0.138 0.352 0.077 0.172 0.208 0.053 
461 OmyJC18ROGR    (1)    2 :  0.075 0.262 0.182 0.181 0.168 0.133 
462 OmyJC18ROGR    (3)    2 :  0.130 0.292 0.120 0.090 0.300 0.068 
463 OmyJC18ROGR    (1)    2 :  0.059 0.675 0.076 0.062 0.059 0.069 
464 OmyJC18ROGR    (3)    2 :  0.122 0.016 0.375 0.357 0.111 0.020 
465 OmyJC18ROGR    (3)    2 :  0.560 0.038 0.152 0.121 0.096 0.033 
466 OmyJC18ROGR    (0)    2 :  0.077 0.084 0.105 0.183 0.507 0.044 
467 OmyJC18ROGR    (1)    2 :  0.375 0.029 0.216 0.110 0.216 0.053 
468 OmyJC18ROGR    (0)    2 :  0.474 0.038 0.247 0.110 0.107 0.024 
469 OmyJC18ROGR    (0)    2 :  0.096 0.754 0.037 0.040 0.058 0.016 
470 OmyJC18ROGR    (3)    2 :  0.167 0.467 0.148 0.092 0.078 0.048 
471 OmyJC18ROGR    (1)    2 :  0.107 0.191 0.255 0.207 0.149 0.092 
472 OmyJC18ROGR    (1)    2 :  0.084 0.053 0.098 0.429 0.304 0.032 
473 OmyJC18ROGR    (2)    2 :  0.064 0.024 0.192 0.438 0.240 0.041 
474 OmyJC18ROGR    (0)    2 :  0.069 0.025 0.175 0.120 0.126 0.485 
475 OmyJC18ROGR    (1)    2 :  0.033 0.643 0.041 0.033 0.045 0.205 
476 OmyJC18ROGR    (2)    2 :  0.124 0.011 0.163 0.280 0.145 0.277 
477 OmyJC18ROGR    (3)    2 :  0.361 0.059 0.110 0.136 0.268 0.066 
478 OmyJC18ROGR    (0)    2 :  0.084 0.033 0.244 0.126 0.239 0.275 
479 OmyJC18ROGR    (0)    2 :  0.200 0.013 0.269 0.410 0.071 0.037 
480 OmyJC18ROGR    (0)    2 :  0.119 0.088 0.228 0.349 0.172 0.044 
481 OmyJC18ROGR    (2)    2 :  0.066 0.157 0.109 0.254 0.277 0.137 
482 OmyJC18ROGR    (3)    2 :  0.447 0.012 0.200 0.091 0.192 0.058 
483 OmyJC18ROGR    (3)    2 :  0.393 0.028 0.128 0.155 0.276 0.020 
484 OmyJC18ROGR    (3)    2 :  0.177 0.030 0.260 0.174 0.256 0.103 
485 OmyJC18ROGR    (2)    2 :  0.044 0.625 0.113 0.117 0.067 0.034 
486 OmyJC18ROGR    (2)    2 :  0.220 0.376 0.099 0.131 0.134 0.039 
487 OmyJC18ROGR    (1)    2 :  0.050 0.072 0.166 0.126 0.389 0.198 
488 OmyJC18ROGR    (3)    2 :  0.071 0.036 0.257 0.141 0.450 0.045 
489 OmyJC18ROGR    (0)    2 :  0.102 0.019 0.271 0.133 0.409 0.065 
490 OmyJC18ROGR    (2)    2 :  0.248 0.044 0.125 0.297 0.224 0.063 
491 OmyJC18ROGR    (4)    2 :  0.061 0.107 0.105 0.116 0.091 0.518 
492 OmyJC18ROGR    (4)    2 :  0.060 0.013 0.050 0.032 0.076 0.769 
493 OmyJC18ROGR    (3)    2 :  0.112 0.064 0.296 0.085 0.409 0.035 
494 OmyJC18ROGR    (3)    2 :  0.030 0.874 0.027 0.021 0.031 0.018 
495 OmyJC18ROGR    (3)    2 :  0.089 0.121 0.076 0.300 0.128 0.287 
496 OmyJC18ROGR    (0)    2 :  0.198 0.048 0.125 0.161 0.299 0.169 
497 OmyJC18ROGR    (5)    2 :  0.206 0.057 0.152 0.341 0.102 0.141 
498 OmyJC18ROGR    (3)    2 :  0.073 0.113 0.248 0.221 0.272 0.074 
499 OmyJC18ROGR    (1)    2 :  0.241 0.036 0.155 0.145 0.320 0.104 
500 OmyJC18ROGR    (1)    2 :  0.272 0.018 0.267 0.226 0.151 0.066 
501 OmyJC18ROGR    (3)    2 :  0.066 0.389 0.105 0.196 0.189 0.055 
502 OmyJC18ROGR    (1)    2 :  0.495 0.132 0.150 0.155 0.047 0.022 
503 OmyJC18ROGR    (4)    2 :  0.304 0.040 0.265 0.251 0.116 0.024 
504 OmyJC18ROGR    (1)    2 :  0.559 0.206 0.042 0.111 0.056 0.027 
505 OmyJC18ROGR    (0)    2 :  0.161 0.238 0.108 0.098 0.138 0.258 
506 OmyJC18ROGR    (6)    2 :  0.118 0.046 0.117 0.089 0.405 0.225 
507 OmyJC18ROGR    (0)    2 :  0.134 0.096 0.140 0.314 0.271 0.044 
508 OmyJC18ROGR    (0)    2 :  0.465 0.056 0.139 0.148 0.152 0.040 
509 OmyJC18ROGR    (2)    2 :  0.019 0.903 0.021 0.018 0.020 0.019 
510 OmyJC18ROGR    (1)    2 :  0.120 0.018 0.183 0.259 0.318 0.101 
511 OmyJC18ROGR    (3)    2 :  0.037 0.099 0.089 0.060 0.057 0.657 
512 OmyJC18ROGR    (2)    2 :  0.050 0.751 0.096 0.029 0.056 0.018 
513 OmyJC18ROGR    (7)    2 :  0.062 0.144 0.135 0.061 0.172 0.425 
514 OmyJC18ROGR    (3)    2 :  0.077 0.602 0.059 0.056 0.035 0.170 
515 OmyJC18ROGR    (0)    2 :  0.127 0.041 0.269 0.186 0.301 0.076 
516 OmyJC18ROGR    (2)    2 :  0.092 0.140 0.311 0.234 0.131 0.091 
517 OmyJC18ROGR    (2)    2 :  0.068 0.178 0.099 0.094 0.319 0.242 
518 OmyJC18ROGR    (0)    2 :  0.219 0.026 0.241 0.303 0.166 0.045 
519 OmyJC18ROGR    (7)    2 :  0.036 0.036 0.105 0.102 0.052 0.669 
520 OmyJC18ROGR    (4)    2 :  0.041 0.159 0.141 0.202 0.160 0.297 
521 OmyJC18ROGR    (1)    2 :  0.088 0.105 0.087 0.152 0.395 0.173 
522 OmyJC18ROGR    (1)    2 :  0.350 0.065 0.098 0.125 0.340 0.022 
523 OmyJC18ROGR    (3)    2 :  0.356 0.030 0.234 0.159 0.162 0.058 
524 OmyJC18ROGR    (1)    2 :  0.399 0.024 0.166 0.199 0.186 0.027 
525 OmyJC18ROGR    (2)    2 :  0.342 0.111 0.098 0.076 0.072 0.301 
526 OmyJC18ROGR    (1)    2 :  0.186 0.047 0.111 0.259 0.097 0.300 
527 OmyJC18ROGR    (0)    2 :  0.096 0.018 0.225 0.263 0.221 0.177 
528 OmyJC18ROGR    (0)    2 :  0.149 0.019 0.424 0.281 0.080 0.047 
529 OmyJC18ROGR    (1)    2 :  0.054 0.020 0.199 0.514 0.159 0.054 
530 OmyJC18ROGR    (0)    2 :  0.704 0.021 0.099 0.096 0.059 0.021 
531 OmyJC18ROGR    (0)    2 :  0.187 0.025 0.431 0.293 0.045 0.018 
532 OmyJC18ROGR    (1)    2 :  0.321 0.014 0.126 0.173 0.323 0.044 
533 OmyJC18ROGR    (2)    2 :  0.047 0.012 0.456 0.172 0.210 0.103 
534 OmyJC18ROGR    (2)    2 :  0.210 0.032 0.132 0.216 0.370 0.041 
535 OmyJC18ROGR    (0)    2 :  0.116 0.031 0.112 0.316 0.112 0.313 
536 OmyJC18ROGR    (0)    2 :  0.025 0.024 0.097 0.084 0.071 0.698 
537 OmyJC18ROGR    (0)    2 :  0.111 0.016 0.184 0.204 0.226 0.259 
538 OmyJC18ROGR    (0)    2 :  0.090 0.024 0.423 0.301 0.137 0.026 
539 OmyJC18ROGR    (1)    2 :  0.482 0.040 0.232 0.088 0.097 0.061 
540 OmyJC18ROGR    (6)    2 :  0.052 0.021 0.087 0.098 0.695 0.048 
541 OmyJC18ROGR    (1)    2 :  0.054 0.031 0.459 0.317 0.072 0.067 
542 OmyJC18ROGR    (1)    2 :  0.066 0.097 0.294 0.377 0.086 0.080 
543 OmyJC18ROGR    (0)    2 :  0.097 0.156 0.319 0.101 0.287 0.040 
544 OmyJC18ROGR    (2)    2 :  0.083 0.025 0.378 0.217 0.175 0.123 
545 OmyJC18ROGR    (1)    2 :  0.236 0.586 0.041 0.038 0.088 0.010 
546 OmyJC18ROGR    (6)    2 :  0.064 0.011 0.168 0.678 0.053 0.026 
547 OmyJC18ROGR    (0)    2 :  0.254 0.074 0.193 0.187 0.275 0.017 
548 OmyJC18ROGR    (1)    2 :  0.067 0.089 0.153 0.070 0.549 0.073 
549 OmyJC18ROGR    (0)    2 :  0.079 0.022 0.149 0.560 0.158 0.033 
550 OmyJC18ROGR    (1)    2 :  0.033 0.785 0.042 0.037 0.060 0.043 
