

----------------------------------------------------
STRUCTURE by Pritchard, Stephens and Donnelly (2000)
     and Falush, Stephens and Pritchard (2003)
       Code by Pritchard, Falush and Hubisz
             Version 2.3.4 (Jul 2012)
----------------------------------------------------



Command line arguments:   bin/structure -m "/Users/ddayan/FRA/premature_migration/Rogue_Half-Pounder/half-pounder/structure/halfpounder_2021/10k_20k_adm_corr/mainparams" -e "/Users/ddayan/FRA/premature_migration/Rogue_Half-Pounder/half-pounder/structure/halfpounder_2021/10k_20k_adm_corr/extraparams" 
Input File:    /Users/ddayan/FRA/premature_migration/Rogue_Half-Pounder/half-pounder/structure/halfpounder_2021/project_data

Run parameters:
   1000 individuals
   328 loci
   6 populations assumed
   10000 Burn-in period
   20000 Reps


--------------------------------------------
Proportion of membership of each pre-defined
 population in each of the 6 clusters

Given    Inferred Clusters                            Number of
 Pop       1      2      3      4      5      6      Individuals

  1:     0.174  0.178  0.183  0.162  0.169  0.135      275
  2:     0.163  0.171  0.173  0.172  0.164  0.156      643
  3:     0.098  0.074  0.040  0.049  0.077  0.662       42
  4:     0.197  0.193  0.044  0.270  0.233  0.063       40
--------------------------------------------

Allele-freq. divergence among pops (Net nucleotide distance),
computed using point estimates of P.

      1       2       3       4       5       6      
 1      -    0.0011  0.0087  0.0015  0.0009  0.0034  
 2   0.0011     -    0.0096  0.0017  0.0012  0.0041  
 3   0.0087  0.0096     -    0.0095  0.0089  0.0124  
 4   0.0015  0.0017  0.0095     -    0.0013  0.0046  
 5   0.0009  0.0012  0.0089  0.0013     -    0.0038  
 6   0.0034  0.0041  0.0124  0.0046  0.0038     -    

Average distances (expected heterozygosity) between individuals in same cluster:
cluster  1  : 0.2920 
cluster  2  : 0.2904 
cluster  3  : 0.2580 
cluster  4  : 0.2908 
cluster  5  : 0.2932 
cluster  6  : 0.2858 

--------------------------------------------
Estimated Ln Prob of Data   = -285458.6
Mean value of ln likelihood = -283319.2
Variance of ln likelihood   = 4278.8
Mean value of alpha         = 0.1736

Mean value of Fst_1         = 0.0127
Mean value of Fst_2         = 0.0152
Mean value of Fst_3         = 0.0797
Mean value of Fst_4         = 0.0164
Mean value of Fst_5         = 0.0125
Mean value of Fst_6         = 0.0291


Inferred ancestry of individuals:
        Label (%Miss) Pop:  Inferred clusters
  1 OmyAC19ROGR    (0)    1 :  0.172 0.285 0.016 0.085 0.261 0.181 
  2 OmyAC19ROGR    (0)    1 :  0.483 0.145 0.067 0.036 0.167 0.103 
  3 OmyAC19ROGR    (0)    1 :  0.282 0.308 0.058 0.092 0.131 0.129 
  4 OmyAC19ROGR    (0)    1 :  0.189 0.086 0.018 0.552 0.073 0.082 
  5 OmyAC19ROGR    (1)    1 :  0.016 0.015 0.932 0.011 0.016 0.010 
  6 OmyAC19ROGR    (0)    1 :  0.237 0.312 0.141 0.135 0.134 0.041 
  7 OmyAC19ROGR    (0)    1 :  0.068 0.091 0.151 0.164 0.433 0.092 
  8 OmyAC19ROGR    (0)    1 :  0.241 0.122 0.014 0.186 0.288 0.149 
  9 OmyAC19ROGR    (0)    1 :  0.274 0.169 0.221 0.093 0.113 0.130 
 10 OmyAC19ROGR    (0)    1 :  0.137 0.153 0.430 0.042 0.127 0.111 
 11 OmyAC19ROGR    (0)    1 :  0.036 0.134 0.045 0.657 0.031 0.097 
 12 OmyAC19ROGR    (0)    1 :  0.096 0.469 0.083 0.097 0.210 0.045 
 13 OmyAC19ROGR    (0)    1 :  0.154 0.060 0.027 0.316 0.303 0.139 
 14 OmyAC19ROGR    (0)    1 :  0.078 0.135 0.451 0.121 0.193 0.022 
 15 OmyAC19ROGR    (0)    1 :  0.055 0.051 0.392 0.204 0.267 0.031 
 16 OmyAC19ROGR    (0)    1 :  0.079 0.216 0.069 0.271 0.256 0.109 
 17 OmyAC19ROGR    (0)    1 :  0.321 0.161 0.059 0.072 0.372 0.015 
 18 OmyAC19ROGR    (2)    1 :  0.339 0.132 0.019 0.154 0.153 0.203 
 19 OmyAC19ROGR    (1)    1 :  0.298 0.051 0.042 0.227 0.283 0.099 
 20 OmyAC19ROGR    (0)    1 :  0.100 0.273 0.225 0.170 0.209 0.023 
 21 OmyAC19ROGR    (1)    1 :  0.303 0.224 0.190 0.129 0.070 0.084 
 22 OmyAC19ROGR    (0)    1 :  0.201 0.184 0.063 0.119 0.229 0.204 
 23 OmyAC19ROGR    (0)    1 :  0.421 0.082 0.201 0.066 0.152 0.077 
 24 OmyAC19ROGR    (0)    1 :  0.041 0.083 0.016 0.043 0.038 0.779 
 25 OmyAC19ROGR    (0)    1 :  0.145 0.079 0.197 0.251 0.266 0.061 
 26 OmyAC19ROGR    (0)    1 :  0.552 0.049 0.079 0.051 0.113 0.157 
 27 OmyAC19ROGR    (1)    1 :  0.075 0.128 0.037 0.647 0.072 0.040 
 28 OmyAC19ROGR    (0)    1 :  0.037 0.045 0.024 0.027 0.031 0.836 
 29 OmyAC19ROGR    (0)    1 :  0.231 0.284 0.046 0.215 0.151 0.073 
 30 OmyAC19ROGR    (0)    1 :  0.158 0.055 0.649 0.034 0.062 0.041 
 31 OmyAC19ROGR    (0)    1 :  0.184 0.319 0.037 0.208 0.152 0.099 
 32 OmyAC19ROGR    (0)    1 :  0.262 0.226 0.101 0.159 0.089 0.164 
 33 OmyAC19ROGR    (1)    1 :  0.155 0.366 0.087 0.082 0.071 0.240 
 34 OmyAC19ROGR    (0)    1 :  0.060 0.055 0.447 0.148 0.237 0.053 
 35 OmyAC19ROGR    (0)    1 :  0.284 0.284 0.048 0.084 0.083 0.218 
 36 OmyAC19ROGR    (0)    1 :  0.444 0.080 0.120 0.197 0.077 0.083 
 37 OmyAC19ROGR    (0)    1 :  0.110 0.048 0.086 0.094 0.065 0.596 
 38 OmyAC19ROGR    (0)    1 :  0.054 0.078 0.408 0.072 0.083 0.304 
 39 OmyAC19ROGR    (0)    1 :  0.546 0.171 0.058 0.051 0.141 0.033 
 40 OmyAC19ROGR    (0)    1 :  0.107 0.257 0.305 0.154 0.142 0.034 
 41 OmyAC19ROGR    (1)    1 :  0.125 0.250 0.036 0.264 0.253 0.073 
 42 OmyAC19ROGR    (0)    1 :  0.041 0.054 0.797 0.060 0.032 0.016 
 43 OmyAC19ROGR    (0)    1 :  0.159 0.533 0.036 0.032 0.154 0.086 
 44 OmyAC19ROGR    (6)    1 :  0.279 0.522 0.026 0.065 0.056 0.051 
 45 OmyAC19ROGR    (1)    1 :  0.073 0.191 0.334 0.071 0.144 0.187 
 46 OmyAC19ROGR    (0)    1 :  0.231 0.098 0.064 0.126 0.150 0.332 
 47 OmyAC19ROGR    (0)    1 :  0.049 0.051 0.054 0.049 0.167 0.630 
 48 OmyAC19ROGR    (0)    1 :  0.155 0.208 0.028 0.038 0.483 0.089 
 49 OmyAC19ROGR    (0)    1 :  0.202 0.104 0.028 0.267 0.157 0.243 
 50 OmyAC19ROGR    (0)    1 :  0.132 0.481 0.018 0.108 0.246 0.015 
 51 OmyAC19ROGR    (2)    1 :  0.047 0.051 0.720 0.095 0.043 0.043 
 52 OmyAC19ROGR    (0)    1 :  0.041 0.035 0.833 0.027 0.030 0.034 
 53 OmyAC19ROGR    (1)    1 :  0.077 0.140 0.033 0.038 0.116 0.595 
 54 OmyAC19ROGR    (0)    1 :  0.191 0.125 0.061 0.050 0.156 0.417 
 55 OmyAC19ROGR    (3)    1 :  0.147 0.190 0.063 0.117 0.449 0.035 
 56 OmyAC19ROGR    (0)    1 :  0.105 0.049 0.066 0.149 0.089 0.542 
 57 OmyAC19ROGR    (0)    1 :  0.133 0.090 0.017 0.075 0.117 0.568 
 58 OmyAC19ROGR    (0)    1 :  0.091 0.059 0.644 0.077 0.081 0.049 
 59 OmyAC19ROGR    (0)    1 :  0.066 0.262 0.016 0.051 0.222 0.384 
 60 OmyAC19ROGR    (1)    1 :  0.168 0.063 0.089 0.524 0.096 0.061 
 61 OmyAC19ROGR    (0)    1 :  0.074 0.098 0.025 0.035 0.571 0.197 
 62 OmyAC19ROGR    (0)    1 :  0.356 0.213 0.025 0.091 0.259 0.056 
 63 OmyAC19ROGR    (0)    1 :  0.069 0.108 0.212 0.073 0.093 0.445 
 64 OmyAC19ROGR    (2)    1 :  0.156 0.312 0.063 0.238 0.131 0.099 
 65 OmyAC19ROGR    (0)    1 :  0.165 0.189 0.042 0.231 0.280 0.093 
 66 OmyAC19ROGR    (3)    1 :  0.082 0.056 0.238 0.155 0.445 0.024 
 67 OmyAC19ROGR    (0)    1 :  0.095 0.043 0.025 0.160 0.184 0.492 
 68 OmyAC19ROGR    (1)    1 :  0.264 0.108 0.046 0.060 0.271 0.251 
 69 OmyAC19ROGR    (2)    1 :  0.114 0.046 0.145 0.071 0.113 0.511 
 70 OmyAC19ROGR    (0)    1 :  0.210 0.416 0.027 0.100 0.077 0.170 
 71 OmyAC19ROGR    (0)    1 :  0.157 0.159 0.030 0.121 0.449 0.084 
 72 OmyAC19ROGR    (4)    1 :  0.148 0.285 0.024 0.197 0.232 0.114 
 73 OmyAC19ROGR    (0)    1 :  0.198 0.315 0.136 0.038 0.145 0.169 
 74 OmyAC19ROGR    (0)    1 :  0.072 0.354 0.027 0.450 0.066 0.032 
 75 OmyAC19ROGR    (0)    1 :  0.133 0.089 0.108 0.203 0.227 0.239 
 76 OmyAC19ROGR    (0)    1 :  0.121 0.123 0.043 0.046 0.050 0.617 
 77 OmyAC19ROGR    (1)    1 :  0.016 0.031 0.899 0.022 0.016 0.016 
 78 OmyAC19ROGR    (0)    1 :  0.301 0.310 0.033 0.056 0.236 0.064 
 79 OmyAC19ROGR    (2)    1 :  0.308 0.356 0.043 0.060 0.131 0.103 
 80 OmyAC19ROGR    (1)    1 :  0.044 0.036 0.690 0.086 0.053 0.092 
 81 OmyAC19ROGR    (2)    1 :  0.113 0.112 0.375 0.055 0.270 0.075 
 82 OmyAC19ROGR    (1)    1 :  0.086 0.155 0.018 0.094 0.050 0.597 
 83 OmyAC19ROGR    (0)    1 :  0.155 0.193 0.040 0.117 0.224 0.271 
 84 OmyAC19ROGR    (0)    1 :  0.475 0.131 0.094 0.068 0.182 0.050 
 85 OmyAC19ROGR    (5)    1 :  0.375 0.115 0.029 0.227 0.115 0.140 
 86 OmyAC19ROGR    (0)    1 :  0.172 0.184 0.106 0.333 0.184 0.022 
 87 OmyAC19ROGR    (1)    1 :  0.491 0.069 0.033 0.105 0.044 0.258 
 88 OmyJC19ROGR    (0)    2 :  0.044 0.044 0.804 0.032 0.051 0.025 
 89 OmyJC19ROGR    (0)    2 :  0.476 0.071 0.035 0.132 0.232 0.054 
 90 OmyJC19ROGR    (0)    2 :  0.016 0.021 0.894 0.030 0.025 0.013 
 91 OmyJC19ROGR    (1)    2 :  0.181 0.141 0.013 0.158 0.137 0.370 
 92 OmyJC19ROGR    (0)    2 :  0.089 0.073 0.047 0.082 0.066 0.642 
 93 OmyJC19ROGR    (0)    2 :  0.087 0.033 0.015 0.057 0.028 0.781 
 94 OmyJC19ROGR    (0)    2 :  0.159 0.483 0.119 0.140 0.074 0.026 
 95 OmyJC19ROGR    (0)    2 :  0.329 0.290 0.084 0.050 0.223 0.024 
 96 OmyJC19ROGR    (0)    2 :  0.062 0.101 0.052 0.591 0.158 0.038 
 97 OmyJC19ROGR    (0)    2 :  0.060 0.056 0.117 0.028 0.043 0.696 
 98 OmyJC19ROGR    (0)    2 :  0.173 0.260 0.029 0.280 0.158 0.100 
 99 OmyJC19ROGR    (0)    2 :  0.077 0.134 0.067 0.179 0.125 0.419 
100 OmyJC19ROGR    (1)    2 :  0.501 0.104 0.039 0.208 0.094 0.055 
101 OmyJC19ROGR    (0)    2 :  0.187 0.062 0.474 0.067 0.092 0.117 
102 OmyJC19ROGR    (0)    2 :  0.133 0.068 0.062 0.431 0.269 0.037 
103 OmyJC19ROGR    (0)    2 :  0.341 0.140 0.102 0.165 0.162 0.090 
104 OmyJC19ROGR    (0)    2 :  0.167 0.107 0.025 0.080 0.275 0.346 
105 OmyJC19ROGR    (0)    2 :  0.036 0.201 0.123 0.104 0.044 0.492 
106 OmyJC19ROGR    (0)    2 :  0.012 0.015 0.908 0.011 0.016 0.038 
107 OmyJC19ROGR    (1)    2 :  0.069 0.093 0.084 0.561 0.064 0.128 
108 OmyJC19ROGR    (0)    2 :  0.116 0.219 0.047 0.276 0.168 0.173 
109 OmyJC19ROGR    (0)    2 :  0.103 0.055 0.109 0.649 0.061 0.024 
110 OmyJC19ROGR    (0)    2 :  0.081 0.083 0.237 0.047 0.112 0.440 
111 OmyJC19ROGR    (1)    2 :  0.105 0.061 0.072 0.099 0.260 0.404 
112 OmyJC19ROGR    (2)    2 :  0.172 0.201 0.102 0.256 0.227 0.042 
113 OmyJC19ROGR    (0)    2 :  0.095 0.105 0.569 0.084 0.092 0.054 
114 OmyJC19ROGR    (3)    2 :  0.395 0.311 0.028 0.065 0.154 0.048 
115 OmyJC19ROGR    (1)    2 :  0.113 0.502 0.051 0.053 0.049 0.232 
116 OmyJC19ROGR    (0)    2 :  0.482 0.108 0.061 0.108 0.191 0.051 
117 OmyJC19ROGR    (0)    2 :  0.233 0.167 0.137 0.168 0.253 0.041 
118 OmyJC19ROGR    (0)    2 :  0.301 0.268 0.022 0.101 0.207 0.102 
119 OmyJC19ROGR    (2)    2 :  0.189 0.212 0.037 0.401 0.112 0.049 
120 OmyJC19ROGR    (0)    2 :  0.040 0.031 0.013 0.035 0.051 0.831 
121 OmyJC19ROGR    (0)    2 :  0.172 0.395 0.036 0.181 0.185 0.032 
122 OmyJC19ROGR    (0)    2 :  0.298 0.178 0.050 0.148 0.200 0.126 
123 OmyJC19ROGR    (0)    2 :  0.155 0.140 0.016 0.481 0.083 0.124 
124 OmyJC19ROGR    (0)    2 :  0.100 0.607 0.114 0.082 0.058 0.039 
125 OmyJC19ROGR    (0)    2 :  0.103 0.392 0.077 0.026 0.178 0.223 
126 OmyJC19ROGR    (1)    2 :  0.068 0.099 0.681 0.072 0.045 0.036 
127 OmyJC19ROGR    (0)    2 :  0.043 0.046 0.031 0.723 0.122 0.034 
128 OmyJC19ROGR    (1)    2 :  0.124 0.077 0.036 0.187 0.084 0.493 
129 OmyJC19ROGR    (0)    2 :  0.146 0.051 0.184 0.030 0.513 0.076 
130 OmyJC19ROGR    (2)    2 :  0.173 0.563 0.038 0.077 0.129 0.020 
131 OmyJC19ROGR    (0)    2 :  0.356 0.280 0.060 0.096 0.094 0.114 
132 OmyJC19ROGR    (1)    2 :  0.144 0.097 0.042 0.180 0.102 0.435 
133 OmyJC19ROGR    (0)    2 :  0.416 0.281 0.021 0.132 0.079 0.071 
134 OmyJC19ROGR    (0)    2 :  0.176 0.135 0.057 0.119 0.441 0.073 
135 OmyJC19ROGR    (1)    2 :  0.040 0.029 0.023 0.020 0.029 0.859 
136 OmyJC19ROGR    (3)    2 :  0.308 0.147 0.030 0.173 0.238 0.104 
137 OmyJC19ROGR    (0)    2 :  0.063 0.158 0.174 0.406 0.160 0.040 
138 OmyJC19ROGR    (0)    2 :  0.107 0.067 0.675 0.103 0.031 0.018 
139 OmyJC19ROGR    (2)    2 :  0.208 0.309 0.017 0.063 0.345 0.058 
140 OmyJC19ROGR    (2)    2 :  0.143 0.178 0.094 0.188 0.324 0.073 
141 OmyJC19ROGR    (0)    2 :  0.184 0.111 0.227 0.103 0.259 0.116 
142 OmyJC19ROGR    (0)    2 :  0.121 0.080 0.275 0.211 0.137 0.175 
143 OmyJC19ROGR    (0)    2 :  0.120 0.123 0.047 0.047 0.034 0.629 
144 OmyJC19ROGR    (0)    2 :  0.308 0.166 0.014 0.038 0.424 0.050 
145 OmyJC19ROGR    (0)    2 :  0.229 0.163 0.026 0.449 0.099 0.034 
146 OmyJC19ROGR    (1)    2 :  0.114 0.063 0.060 0.056 0.137 0.570 
147 OmyJC19ROGR    (0)    2 :  0.081 0.045 0.046 0.596 0.121 0.110 
148 OmyJC19ROGR    (0)    2 :  0.085 0.182 0.016 0.366 0.237 0.114 
149 OmyJC19ROGR    (1)    2 :  0.249 0.085 0.064 0.075 0.181 0.346 
150 OmyJC19ROGR    (1)    2 :  0.162 0.101 0.044 0.220 0.083 0.389 
151 OmyJC19ROGR    (0)    2 :  0.208 0.173 0.091 0.052 0.363 0.114 
152 OmyJC19ROGR    (0)    2 :  0.108 0.110 0.028 0.632 0.036 0.087 
153 OmyJC19ROGR    (0)    2 :  0.030 0.026 0.024 0.036 0.035 0.849 
154 OmyJC19ROGR    (1)    2 :  0.274 0.296 0.041 0.123 0.232 0.034 
155 OmyJC19ROGR    (0)    2 :  0.188 0.115 0.061 0.053 0.434 0.150 
156 OmyJC19ROGR    (1)    2 :  0.095 0.187 0.089 0.156 0.305 0.167 
157 OmyJC19ROGR    (0)    2 :  0.218 0.193 0.064 0.135 0.210 0.181 
158 OmyJC19ROGR    (0)    2 :  0.412 0.091 0.013 0.266 0.102 0.114 
159 OmyJC19ROGR    (0)    2 :  0.167 0.204 0.038 0.468 0.091 0.032 
160 OmyJC19ROGR    (0)    2 :  0.038 0.280 0.047 0.217 0.197 0.221 
161 OmyJC19ROGR    (0)    2 :  0.125 0.376 0.022 0.128 0.166 0.184 
162 OmyJC19ROGR    (0)    2 :  0.090 0.063 0.041 0.498 0.182 0.126 
163 OmyJC19ROGR    (0)    2 :  0.101 0.101 0.032 0.120 0.185 0.461 
164 OmyJC19ROGR    (0)    2 :  0.232 0.146 0.023 0.367 0.175 0.057 
165 OmyJC19ROGR    (0)    2 :  0.259 0.210 0.020 0.165 0.192 0.155 
166 OmyJC19ROGR    (0)    2 :  0.129 0.293 0.033 0.081 0.403 0.060 
167 OmyJC19ROGR    (1)    2 :  0.232 0.149 0.071 0.112 0.158 0.279 
168 OmyJC19ROGR    (0)    2 :  0.666 0.060 0.040 0.111 0.061 0.064 
169 OmyJC19ROGR    (0)    2 :  0.019 0.024 0.900 0.023 0.019 0.014 
170 OmyJC19ROGR    (0)    2 :  0.081 0.096 0.046 0.089 0.091 0.597 
171 OmyJC19ROGR    (0)    2 :  0.158 0.279 0.024 0.317 0.130 0.092 
172 OmyJC19ROGR    (0)    2 :  0.143 0.048 0.262 0.075 0.172 0.300 
173 OmyJC19ROGR    (0)    2 :  0.031 0.027 0.851 0.034 0.030 0.027 
174 OmyJC19ROGR    (0)    2 :  0.233 0.459 0.026 0.072 0.102 0.108 
175 OmyJC19ROGR    (0)    2 :  0.449 0.212 0.027 0.169 0.096 0.047 
176 OmyJC19ROGR    (0)    2 :  0.172 0.050 0.069 0.079 0.139 0.490 
177 OmyJC19ROGR    (0)    2 :  0.027 0.070 0.012 0.046 0.059 0.787 
178 OmyJC19ROGR    (0)    2 :  0.064 0.105 0.036 0.722 0.056 0.016 
179 OmyJC19ROGR    (0)    2 :  0.123 0.228 0.014 0.092 0.175 0.368 
180 OmyJC19ROGR    (0)    2 :  0.044 0.036 0.811 0.029 0.040 0.039 
181 OmyJC19ROGR    (0)    2 :  0.122 0.438 0.035 0.091 0.255 0.059 
182 OmyJC19ROGR    (0)    2 :  0.260 0.128 0.088 0.063 0.397 0.064 
183 OmyJC19ROGR    (0)    2 :  0.093 0.460 0.025 0.077 0.285 0.060 
184 OmyJC19ROGR    (0)    2 :  0.107 0.023 0.528 0.040 0.205 0.096 
185 OmyJC19ROGR    (1)    2 :  0.771 0.034 0.008 0.030 0.126 0.030 
186 OmyJC19ROGR    (0)    2 :  0.154 0.132 0.083 0.056 0.067 0.507 
187 OmyJC19ROGR    (0)    2 :  0.046 0.617 0.023 0.085 0.173 0.056 
188 OmyJC19ROGR    (0)    2 :  0.119 0.284 0.031 0.212 0.224 0.131 
189 OmyJC19ROGR    (0)    2 :  0.279 0.250 0.113 0.077 0.073 0.208 
190 OmyJC19ROGR    (0)    2 :  0.095 0.067 0.031 0.090 0.080 0.638 
191 OmyJC19ROGR    (0)    2 :  0.105 0.342 0.029 0.098 0.106 0.320 
192 OmyJC19ROGR    (0)    2 :  0.145 0.041 0.026 0.490 0.274 0.024 
193 OmyJC19ROGR    (1)    2 :  0.157 0.210 0.099 0.368 0.075 0.092 
194 OmyJC19ROGR    (0)    2 :  0.070 0.034 0.015 0.572 0.267 0.042 
195 OmyJC19ROGR    (0)    2 :  0.050 0.063 0.761 0.053 0.053 0.019 
196 OmyJC19ROGR    (0)    2 :  0.086 0.645 0.024 0.034 0.196 0.016 
197 OmyJC19ROGR    (0)    2 :  0.104 0.218 0.037 0.056 0.273 0.313 
198 OmyJC19ROGR    (0)    2 :  0.063 0.035 0.672 0.112 0.060 0.058 
199 OmyJC19ROGR    (0)    2 :  0.356 0.189 0.022 0.125 0.227 0.080 
200 OmyJC19ROGR    (0)    2 :  0.186 0.048 0.063 0.042 0.116 0.545 
201 OmyJC19ROGR    (0)    2 :  0.086 0.308 0.018 0.329 0.203 0.056 
202 OmyJC19ROGR    (0)    2 :  0.042 0.042 0.013 0.055 0.036 0.812 
203 OmyJC19ROGR    (0)    2 :  0.071 0.577 0.031 0.174 0.065 0.083 
204 OmyJC19ROGR    (0)    2 :  0.076 0.298 0.041 0.206 0.240 0.140 
205 OmyJC19ROGR    (0)    2 :  0.129 0.535 0.088 0.151 0.035 0.063 
206 OmyJC19ROGR    (0)    2 :  0.055 0.042 0.807 0.032 0.028 0.036 
207 OmyJC19ROGR    (0)    2 :  0.187 0.137 0.229 0.214 0.154 0.079 
208 OmyJC19ROGR    (0)    2 :  0.113 0.113 0.030 0.501 0.191 0.053 
209 OmyJC19ROGR    (0)    2 :  0.133 0.094 0.445 0.048 0.099 0.182 
210 OmyJC19ROGR    (0)    2 :  0.020 0.040 0.883 0.022 0.021 0.013 
211 OmyJC19ROGR    (0)    2 :  0.420 0.032 0.105 0.065 0.323 0.055 
212 OmyJC19ROGR    (1)    2 :  0.049 0.112 0.147 0.075 0.317 0.301 
213 OmyJC19ROGR    (1)    2 :  0.190 0.529 0.023 0.060 0.154 0.045 
214 OmyJC19ROGR    (0)    2 :  0.050 0.231 0.028 0.608 0.048 0.036 
215 OmyJC19ROGR    (0)    2 :  0.094 0.043 0.020 0.225 0.562 0.056 
216 OmyJC19ROGR    (0)    2 :  0.034 0.082 0.756 0.056 0.043 0.029 
217 OmyJC19ROGR    (0)    2 :  0.132 0.115 0.320 0.196 0.167 0.070 
218 OmyJC19ROGR    (0)    2 :  0.171 0.143 0.025 0.146 0.092 0.423 
219 OmyJC19ROGR    (0)    2 :  0.127 0.162 0.083 0.220 0.374 0.034 
220 OmyJC19ROGR    (0)    2 :  0.163 0.102 0.011 0.534 0.083 0.106 
221 OmyJC19ROGR    (0)    2 :  0.384 0.163 0.179 0.162 0.065 0.047 
222 OmyJC19ROGR    (0)    2 :  0.085 0.321 0.025 0.075 0.289 0.205 
223 OmyJC19ROGR    (0)    2 :  0.130 0.242 0.050 0.275 0.230 0.072 
224 OmyJC19ROGR    (0)    2 :  0.154 0.064 0.028 0.571 0.126 0.056 
225 OmyJC19ROGR    (0)    2 :  0.020 0.018 0.907 0.023 0.017 0.015 
226 OmyJC19ROGR    (0)    2 :  0.466 0.120 0.132 0.073 0.182 0.026 
227 OmyJC19ROGR    (1)    2 :  0.022 0.028 0.878 0.022 0.021 0.030 
228 OmyJC19ROGR    (0)    2 :  0.066 0.465 0.035 0.227 0.166 0.040 
229 OmyJC19ROGR    (1)    2 :  0.316 0.234 0.025 0.114 0.155 0.157 
230 OmyJC19ROGR    (0)    2 :  0.160 0.269 0.157 0.212 0.081 0.120 
231 OmyJC19ROGR    (0)    2 :  0.176 0.158 0.071 0.235 0.315 0.045 
232 OmyJC19ROGR    (1)    2 :  0.490 0.175 0.036 0.113 0.089 0.096 
233 OmyJC19ROGR    (0)    2 :  0.146 0.203 0.121 0.303 0.131 0.095 
234 OmyJC19ROGR    (0)    2 :  0.030 0.017 0.885 0.032 0.017 0.018 
235 OmyJC19ROGR    (0)    2 :  0.067 0.038 0.604 0.111 0.077 0.103 
236 OmyJC19ROGR    (1)    2 :  0.064 0.041 0.027 0.571 0.164 0.134 
237 OmyJC19ROGR    (0)    2 :  0.143 0.165 0.045 0.359 0.148 0.141 
238 OmyJC19ROGR    (0)    2 :  0.063 0.089 0.068 0.631 0.116 0.033 
239 OmyJC19ROGR    (0)    2 :  0.126 0.054 0.044 0.048 0.687 0.041 
240 OmyJC19ROGR    (0)    2 :  0.425 0.238 0.034 0.122 0.086 0.094 
241 OmyJC19ROGR    (0)    2 :  0.106 0.257 0.061 0.043 0.266 0.266 
242 OmyJC19ROGR    (0)    2 :  0.095 0.055 0.017 0.196 0.528 0.109 
243 OmyJC19ROGR    (0)    2 :  0.129 0.278 0.040 0.173 0.152 0.229 
244 OmyJC19ROGR    (0)    2 :  0.087 0.215 0.062 0.153 0.172 0.312 
245 OmyJC19ROGR    (0)    2 :  0.043 0.020 0.878 0.019 0.023 0.016 
246 OmyJC19ROGR    (0)    2 :  0.081 0.178 0.144 0.076 0.088 0.433 
247 OmyJC19ROGR    (0)    2 :  0.067 0.110 0.537 0.094 0.046 0.147 
248 OmyJC19ROGR    (0)    2 :  0.181 0.113 0.499 0.053 0.101 0.053 
249 OmyJC19ROGR    (0)    2 :  0.233 0.211 0.052 0.425 0.049 0.030 
250 OmyJC19ROGR    (0)    2 :  0.113 0.135 0.061 0.181 0.429 0.081 
251 OmyJC19ROGR    (0)    2 :  0.158 0.491 0.034 0.102 0.168 0.047 
252 OmyJC19ROGR    (0)    2 :  0.105 0.061 0.030 0.034 0.076 0.694 
253 OmyJC19ROGR    (0)    2 :  0.311 0.174 0.073 0.101 0.273 0.068 
254 OmyJC19ROGR    (0)    2 :  0.112 0.157 0.045 0.094 0.243 0.348 
255 OmyJC19ROGR    (0)    2 :  0.251 0.256 0.028 0.086 0.046 0.334 
256 OmyJC19ROGR    (0)    2 :  0.083 0.161 0.282 0.132 0.067 0.275 
257 OmyJC19ROGR    (0)    2 :  0.263 0.499 0.056 0.102 0.040 0.040 
258 OmyAC19ROGR    (0)    1 :  0.248 0.176 0.138 0.115 0.209 0.114 
259 OmyAC19ROGR    (1)    1 :  0.165 0.100 0.343 0.125 0.216 0.050 
260 OmyAC19ROGR    (0)    1 :  0.104 0.110 0.020 0.314 0.397 0.055 
261 OmyAC19ROGR    (0)    1 :  0.377 0.067 0.036 0.052 0.440 0.029 
262 OmyAC19ROGR    (0)    1 :  0.443 0.160 0.073 0.081 0.133 0.111 
263 OmyAC19ROGR    (0)    1 :  0.073 0.203 0.053 0.143 0.119 0.409 
264 OmyAC19ROGR    (0)    1 :  0.195 0.331 0.049 0.101 0.278 0.047 
265 OmyAC19ROGR    (0)    1 :  0.197 0.186 0.029 0.290 0.164 0.135 
266 OmyAC19ROGR    (0)    1 :  0.161 0.570 0.017 0.129 0.071 0.052 
267 OmyAC19ROGR    (0)    1 :  0.335 0.273 0.109 0.124 0.093 0.067 
268 OmyAC19ROGR    (1)    1 :  0.206 0.093 0.141 0.114 0.111 0.335 
269 OmyAC19ROGR    (1)    1 :  0.260 0.329 0.114 0.122 0.135 0.040 
270 OmyAC19ROGR    (0)    1 :  0.325 0.209 0.028 0.090 0.065 0.283 
271 OmyAC19ROGR    (0)    1 :  0.306 0.071 0.223 0.234 0.108 0.057 
272 OmyAC19ROGR    (0)    1 :  0.049 0.606 0.125 0.060 0.140 0.019 
273 OmyAC19ROGR    (0)    1 :  0.220 0.419 0.038 0.127 0.097 0.098 
274 OmyAC19ROGR    (0)    1 :  0.123 0.067 0.692 0.032 0.061 0.025 
275 OmyAC19ROGR    (0)    1 :  0.098 0.084 0.071 0.190 0.322 0.235 
276 OmyAC19ROGR    (0)    1 :  0.103 0.154 0.047 0.123 0.516 0.058 
277 OmyAC19ROGR    (0)    1 :  0.306 0.150 0.053 0.075 0.385 0.031 
278 OmyAC19ROGR    (0)    1 :  0.091 0.130 0.286 0.391 0.072 0.030 
279 OmyAC19ROGR    (0)    1 :  0.083 0.068 0.180 0.411 0.218 0.040 
280 OmyAC19ROGR    (0)    1 :  0.470 0.086 0.080 0.073 0.044 0.247 
281 OmyAC19ROGR    (0)    1 :  0.465 0.068 0.036 0.232 0.144 0.056 
282 OmyAC19ROGR    (0)    1 :  0.363 0.236 0.131 0.088 0.103 0.079 
283 OmyAC19ROGR    (0)    1 :  0.187 0.176 0.030 0.172 0.385 0.050 
284 OmyAC19ROGR    (0)    1 :  0.059 0.532 0.022 0.098 0.180 0.110 
285 OmyAC19ROGR    (0)    1 :  0.110 0.237 0.036 0.099 0.273 0.244 
286 OmyAC19ROGR    (0)    1 :  0.089 0.190 0.022 0.239 0.300 0.160 
287 OmyAC19ROGR    (0)    1 :  0.013 0.009 0.948 0.009 0.012 0.009 
288 OmyAC19ROGR    (0)    1 :  0.063 0.035 0.717 0.087 0.055 0.044 
289 OmyAC19ROGR    (0)    1 :  0.186 0.150 0.117 0.379 0.105 0.063 
290 OmyAC19ROGR    (1)    1 :  0.016 0.015 0.920 0.014 0.019 0.017 
291 OmyAC19ROGR    (0)    1 :  0.128 0.129 0.387 0.123 0.131 0.103 
292 OmyAC19ROGR    (1)    1 :  0.193 0.245 0.169 0.136 0.203 0.053 
293 OmyAC19ROGR    (0)    1 :  0.112 0.101 0.020 0.136 0.070 0.561 
294 OmyAC19ROGR    (0)    1 :  0.111 0.105 0.317 0.275 0.157 0.035 
295 OmyAC19ROGR    (0)    1 :  0.131 0.466 0.021 0.152 0.122 0.108 
296 OmyAC19ROGR    (0)    1 :  0.070 0.118 0.028 0.141 0.537 0.106 
297 OmyAC19ROGR    (0)    1 :  0.059 0.091 0.689 0.070 0.063 0.027 
298 OmyAC19ROGR    (0)    1 :  0.085 0.120 0.020 0.569 0.165 0.041 
299 OmyAC19ROGR    (0)    1 :  0.115 0.050 0.229 0.176 0.188 0.241 
300 OmyAC19ROGR    (0)    1 :  0.382 0.068 0.026 0.361 0.100 0.063 
301 OmyAC19ROGR    (0)    1 :  0.035 0.032 0.863 0.029 0.026 0.016 
302 OmyAC19ROGR    (0)    1 :  0.090 0.101 0.424 0.225 0.099 0.062 
303 OmyAC19ROGR    (0)    1 :  0.222 0.240 0.095 0.275 0.123 0.046 
304 OmyAC19ROGR    (0)    1 :  0.067 0.086 0.109 0.593 0.087 0.059 
305 OmyAC19ROGR    (0)    1 :  0.093 0.075 0.029 0.684 0.070 0.049 
306 OmyAC19ROGR    (0)    1 :  0.098 0.102 0.623 0.048 0.111 0.018 
307 OmyAC19ROGR    (1)    1 :  0.319 0.100 0.020 0.307 0.100 0.153 
308 OmyAC19ROGR    (0)    1 :  0.276 0.278 0.085 0.179 0.143 0.040 
309 OmyAC19ROGR    (1)    1 :  0.029 0.035 0.845 0.033 0.028 0.029 
310 OmyAC19ROGR    (0)    1 :  0.234 0.181 0.322 0.088 0.121 0.054 
311 OmyAC19ROGR    (0)    1 :  0.060 0.098 0.378 0.084 0.351 0.030 
312 OmyAC19ROGR    (0)    1 :  0.185 0.063 0.027 0.145 0.113 0.468 
313 OmyAC19ROGR    (0)    1 :  0.122 0.177 0.014 0.313 0.281 0.093 
314 OmyAC19ROGR    (0)    1 :  0.093 0.073 0.040 0.077 0.215 0.502 
315 OmyAC19ROGR    (0)    1 :  0.150 0.271 0.051 0.239 0.217 0.072 
316 OmyAC19ROGR    (0)    1 :  0.364 0.199 0.034 0.208 0.125 0.070 
317 OmyAC19ROGR    (0)    1 :  0.246 0.063 0.034 0.120 0.119 0.418 
318 OmyAC19ROGR    (0)    1 :  0.132 0.279 0.023 0.078 0.144 0.344 
319 OmyAC19ROGR    (1)    1 :  0.070 0.405 0.015 0.281 0.152 0.077 
320 OmyAC19ROGR    (0)    1 :  0.042 0.181 0.011 0.667 0.061 0.038 
321 OmyAC19ROGR    (0)    1 :  0.287 0.213 0.023 0.307 0.113 0.057 
322 OmyAC19ROGR    (0)    1 :  0.168 0.143 0.416 0.057 0.172 0.043 
323 OmyAC19ROGR    (0)    1 :  0.082 0.214 0.029 0.143 0.509 0.023 
324 OmyAC19ROGR    (0)    1 :  0.059 0.678 0.021 0.077 0.097 0.069 
325 OmyAC19ROGR    (0)    1 :  0.442 0.195 0.237 0.046 0.053 0.027 
326 OmyAC19ROGR    (0)    1 :  0.191 0.341 0.044 0.200 0.179 0.045 
327 OmyAC19ROGR    (0)    1 :  0.036 0.470 0.026 0.266 0.126 0.076 
328 OmyAC20ROGR    (1)    1 :  0.104 0.092 0.027 0.424 0.184 0.170 
329 OmyAC20ROGR    (0)    1 :  0.154 0.057 0.062 0.286 0.210 0.230 
330 OmyAC20ROGR    (0)    1 :  0.137 0.204 0.064 0.112 0.363 0.120 
331 OmyAC20ROGR    (0)    1 :  0.118 0.205 0.278 0.150 0.120 0.129 
332 OmyAC20ROGR    (0)    1 :  0.139 0.375 0.203 0.064 0.099 0.121 
333 OmyAC20ROGR    (0)    1 :  0.098 0.227 0.273 0.093 0.066 0.243 
334 OmyAC20ROGR    (0)    1 :  0.247 0.083 0.018 0.077 0.234 0.340 
335 OmyAC20ROGR    (0)    1 :  0.160 0.354 0.032 0.136 0.172 0.145 
336 OmyAC20ROGR    (0)    1 :  0.468 0.111 0.093 0.104 0.156 0.068 
337 OmyAC20ROGR    (0)    1 :  0.119 0.116 0.420 0.207 0.081 0.056 
338 OmyAC20ROGR    (0)    1 :  0.263 0.163 0.120 0.071 0.204 0.178 
339 OmyAC20ROGR    (0)    1 :  0.205 0.287 0.080 0.185 0.153 0.090 
340 OmyAC20ROGR    (0)    1 :  0.109 0.064 0.038 0.038 0.065 0.686 
341 OmyAC20ROGR    (0)    1 :  0.069 0.059 0.069 0.038 0.127 0.637 
342 OmyAC20ROGR    (0)    1 :  0.093 0.102 0.137 0.127 0.312 0.229 
343 OmyAC20ROGR    (0)    1 :  0.344 0.240 0.041 0.079 0.117 0.179 
344 OmyAC20ROGR    (0)    1 :  0.096 0.442 0.122 0.052 0.075 0.213 
345 OmyAC20ROGR    (1)    1 :  0.515 0.200 0.086 0.075 0.091 0.032 
346 OmyAC20ROGR    (0)    1 :  0.273 0.227 0.163 0.114 0.136 0.086 
347 OmyAC20ROGR    (0)    1 :  0.135 0.355 0.218 0.122 0.117 0.053 
348 OmyAC20ROGR    (0)    1 :  0.045 0.103 0.180 0.055 0.044 0.573 
349 OmyAC20ROGR    (0)    1 :  0.222 0.358 0.045 0.049 0.108 0.217 
350 OmyAC20ROGR    (0)    1 :  0.099 0.061 0.052 0.686 0.063 0.040 
351 OmyAC20ROGR    (0)    1 :  0.131 0.147 0.066 0.059 0.434 0.163 
352 OmyAC20ROGR    (0)    1 :  0.139 0.163 0.035 0.249 0.337 0.077 
353 OmyAC20ROGR    (0)    1 :  0.268 0.212 0.026 0.166 0.249 0.079 
354 OmyAC20ROGR    (0)    1 :  0.288 0.071 0.211 0.082 0.105 0.243 
355 OmyAC20ROGR    (0)    1 :  0.358 0.035 0.052 0.154 0.149 0.252 
356 OmyAC20ROGR    (0)    1 :  0.090 0.117 0.031 0.185 0.454 0.122 
357 OmyAC20ROGR    (0)    1 :  0.102 0.091 0.067 0.611 0.095 0.034 
358 OmyAC20ROGR    (0)    1 :  0.074 0.294 0.032 0.360 0.177 0.062 
359 OmyAC20ROGR    (0)    1 :  0.068 0.028 0.179 0.454 0.253 0.018 
360 OmyAC20ROGR    (0)    1 :  0.277 0.155 0.186 0.158 0.151 0.072 
361 OmyAC20ROGR    (0)    1 :  0.051 0.360 0.033 0.399 0.118 0.039 
362 OmyAC20ROGR    (0)    1 :  0.295 0.072 0.028 0.158 0.410 0.037 
363 OmyAC20ROGR    (0)    1 :  0.176 0.110 0.114 0.085 0.236 0.279 
364 OmyAC20ROGR    (1)    1 :  0.117 0.101 0.029 0.211 0.187 0.355 
365 OmyAC20ROGR    (0)    1 :  0.155 0.462 0.020 0.097 0.219 0.047 
366 OmyAC20ROGR    (0)    1 :  0.177 0.484 0.026 0.063 0.075 0.176 
367 OmyAC20ROGR    (0)    1 :  0.207 0.454 0.061 0.089 0.130 0.059 
368 OmyAC20ROGR    (1)    1 :  0.174 0.078 0.076 0.222 0.416 0.035 
369 OmyAC20ROGR    (0)    1 :  0.282 0.051 0.241 0.084 0.193 0.149 
370 OmyAC20ROGR    (0)    1 :  0.058 0.086 0.653 0.032 0.122 0.049 
371 OmyAC20ROGR    (0)    1 :  0.062 0.026 0.780 0.048 0.053 0.030 
372 OmyAC20ROGR    (2)    1 :  0.020 0.025 0.897 0.020 0.025 0.012 
373 OmyAC20ROGR    (0)    1 :  0.073 0.230 0.420 0.097 0.142 0.039 
374 OmyAC20ROGR    (0)    1 :  0.077 0.578 0.020 0.149 0.067 0.109 
375 OmyAC20ROGR    (0)    1 :  0.155 0.266 0.064 0.201 0.255 0.058 
376 OmyAC20ROGR    (0)    1 :  0.231 0.067 0.440 0.109 0.100 0.052 
377 OmyAC20ROGR    (0)    1 :  0.125 0.447 0.017 0.086 0.101 0.224 
378 OmyAC20ROGR    (0)    1 :  0.270 0.082 0.018 0.169 0.342 0.119 
379 OmyAC20ROGR    (0)    1 :  0.170 0.107 0.424 0.138 0.069 0.093 
380 OmyAC20ROGR    (1)    1 :  0.184 0.536 0.019 0.142 0.081 0.038 
381 OmyAC20ROGR    (0)    1 :  0.129 0.432 0.082 0.115 0.208 0.035 
382 OmyAC20ROGR    (0)    1 :  0.039 0.034 0.834 0.034 0.041 0.017 
383 OmyAC20ROGR    (0)    1 :  0.515 0.149 0.102 0.152 0.059 0.022 
384 OmyAC20ROGR    (0)    1 :  0.215 0.152 0.270 0.085 0.168 0.110 
385 OmyAC20ROGR    (0)    1 :  0.153 0.130 0.208 0.370 0.113 0.025 
386 OmyAC20ROGR    (0)    1 :  0.266 0.400 0.108 0.089 0.079 0.058 
387 OmyAC20ROGR    (0)    1 :  0.050 0.223 0.337 0.296 0.070 0.024 
388 OmyAC20ROGR    (0)    1 :  0.151 0.155 0.239 0.072 0.187 0.195 
389 OmyAC20ROGR    (0)    1 :  0.054 0.076 0.024 0.748 0.063 0.035 
390 OmyAC20ROGR    (0)    1 :  0.135 0.274 0.022 0.265 0.190 0.113 
391 OmyAC20ROGR    (0)    1 :  0.078 0.057 0.409 0.169 0.097 0.191 
392 OmyAC20ROGR    (0)    1 :  0.128 0.135 0.251 0.068 0.306 0.112 
393 OmyAC20ROGR    (0)    1 :  0.275 0.122 0.056 0.163 0.214 0.169 
394 OmyAC20ROGR    (1)    1 :  0.120 0.065 0.067 0.251 0.462 0.035 
395 OmyAC20ROGR    (0)    1 :  0.242 0.098 0.039 0.043 0.433 0.144 
396 OmyAC20ROGR    (0)    1 :  0.075 0.176 0.034 0.575 0.093 0.048 
397 OmyAC20ROGR    (0)    1 :  0.129 0.219 0.227 0.140 0.254 0.033 
398 OmyAC20ROGR    (0)    1 :  0.086 0.057 0.691 0.060 0.031 0.075 
399 OmyAC20ROGR    (0)    1 :  0.216 0.241 0.162 0.052 0.234 0.094 
400 OmyAC20ROGR    (0)    1 :  0.129 0.208 0.092 0.078 0.431 0.062 
401 OmyAC20ROGR    (1)    1 :  0.035 0.025 0.837 0.022 0.028 0.053 
402 OmyAC20ROGR    (0)    1 :  0.233 0.089 0.022 0.137 0.055 0.464 
403 OmyAC20ROGR    (0)    1 :  0.377 0.047 0.114 0.145 0.119 0.198 
404 OmyAC20ROGR    (0)    1 :  0.288 0.264 0.022 0.130 0.126 0.170 
405 OmyAC20ROGR    (0)    1 :  0.177 0.128 0.302 0.207 0.154 0.032 
406 OmyAC20ROGR    (0)    1 :  0.346 0.074 0.061 0.140 0.225 0.154 
407 OmyAC20ROGR    (0)    1 :  0.159 0.480 0.042 0.145 0.150 0.024 
408 OmyAC20ROGR    (0)    1 :  0.232 0.095 0.065 0.103 0.288 0.217 
409 OmyAC20ROGR    (0)    1 :  0.110 0.345 0.044 0.319 0.162 0.020 
410 OmyAC20ROGR    (0)    1 :  0.026 0.030 0.870 0.036 0.026 0.011 
411 OmyAC20ROGR    (0)    1 :  0.109 0.083 0.533 0.147 0.075 0.053 
412 OmyAC20ROGR    (0)    1 :  0.087 0.133 0.127 0.182 0.086 0.385 
413 OmyAC20ROGR    (0)    1 :  0.051 0.434 0.033 0.283 0.177 0.022 
414 OmyAC20ROGR    (0)    1 :  0.151 0.083 0.280 0.071 0.259 0.156 
415 OmyAC20ROGR    (0)    1 :  0.527 0.176 0.021 0.102 0.092 0.082 
416 OmyAC20ROGR    (0)    1 :  0.264 0.201 0.061 0.201 0.108 0.164 
417 OmyAC20ROGR    (0)    1 :  0.074 0.150 0.020 0.600 0.051 0.106 
418 OmyAC20ROGR    (0)    1 :  0.139 0.250 0.118 0.152 0.279 0.061 
419 OmyAC20ROGR    (0)    1 :  0.047 0.104 0.368 0.213 0.239 0.028 
420 OmyAC20ROGR    (0)    1 :  0.086 0.082 0.020 0.135 0.568 0.110 
421 OmyAC20ROGR    (0)    1 :  0.205 0.222 0.096 0.163 0.144 0.169 
422 OmyAC20ROGR    (0)    1 :  0.033 0.036 0.861 0.021 0.029 0.020 
423 OmyAC20ROGR    (0)    1 :  0.062 0.554 0.028 0.280 0.058 0.020 
424 OmyAC20ROGR    (0)    1 :  0.401 0.086 0.021 0.130 0.324 0.037 
425 OmyAC20ROGR    (0)    1 :  0.023 0.016 0.828 0.024 0.019 0.091 
426 OmyAC20ROGR    (0)    1 :  0.350 0.268 0.073 0.127 0.130 0.053 
427 OmyAC20ROGR    (0)    1 :  0.163 0.396 0.151 0.140 0.100 0.051 
428 OmyAC20ROGR    (0)    1 :  0.023 0.024 0.893 0.020 0.017 0.022 
429 OmyAC20ROGR    (0)    1 :  0.076 0.088 0.019 0.700 0.061 0.055 
430 OmyAC20ROGR    (0)    1 :  0.267 0.160 0.071 0.121 0.353 0.028 
431 OmyAC20ROGR    (0)    1 :  0.314 0.064 0.410 0.072 0.060 0.080 
432 OmyAC20ROGR    (0)    1 :  0.043 0.048 0.830 0.023 0.031 0.025 
433 OmyAC20ROGR    (0)    1 :  0.022 0.023 0.869 0.021 0.040 0.025 
434 OmyAC20ROGR    (0)    1 :  0.399 0.063 0.145 0.321 0.051 0.022 
435 OmyAC20ROGR    (0)    1 :  0.383 0.395 0.012 0.034 0.109 0.067 
436 OmyAC20ROGR    (0)    1 :  0.230 0.384 0.035 0.220 0.105 0.026 
437 OmyAC20ROGR    (0)    1 :  0.063 0.046 0.614 0.166 0.066 0.044 
438 OmyAC20ROGR    (0)    1 :  0.353 0.048 0.222 0.125 0.201 0.052 
439 OmyAC20ROGR    (0)    1 :  0.225 0.437 0.045 0.095 0.147 0.050 
440 OmyAC20ROGR    (0)    1 :  0.071 0.094 0.703 0.039 0.048 0.045 
441 OmyAC20ROGR    (0)    1 :  0.063 0.190 0.017 0.109 0.549 0.073 
442 OmyAC20ROGR    (0)    1 :  0.130 0.082 0.036 0.057 0.654 0.039 
443 OmyAC20ROGR    (0)    1 :  0.139 0.024 0.011 0.027 0.444 0.355 
444 OmyAC20ROGR    (0)    1 :  0.190 0.201 0.087 0.404 0.087 0.030 
445 OmyAC20ROGR    (0)    1 :  0.188 0.271 0.095 0.257 0.158 0.031 
446 OmyJC18ROGR    (0)    2 :  0.093 0.143 0.039 0.113 0.115 0.497 
447 OmyJC18ROGR    (0)    2 :  0.288 0.323 0.044 0.177 0.098 0.069 
448 OmyJC18ROGR    (0)    2 :  0.198 0.367 0.050 0.189 0.166 0.029 
449 OmyJC18ROGR    (0)    2 :  0.045 0.047 0.625 0.152 0.058 0.073 
450 OmyJC18ROGR    (0)    2 :  0.060 0.087 0.625 0.077 0.089 0.062 
451 OmyJC18ROGR    (0)    2 :  0.052 0.021 0.843 0.038 0.030 0.016 
452 OmyJC18ROGR    (0)    2 :  0.109 0.213 0.200 0.031 0.333 0.114 
453 OmyJC18ROGR    (0)    2 :  0.187 0.045 0.026 0.098 0.147 0.497 
454 OmyJC18ROGR    (0)    2 :  0.043 0.027 0.825 0.032 0.054 0.020 
455 OmyJC18ROGR    (0)    2 :  0.105 0.255 0.028 0.340 0.235 0.037 
456 OmyJC18ROGR    (0)    2 :  0.048 0.031 0.817 0.029 0.059 0.017 
457 OmyJC18ROGR    (0)    2 :  0.214 0.552 0.037 0.073 0.094 0.030 
458 OmyJC18ROGR    (0)    2 :  0.133 0.140 0.126 0.126 0.171 0.304 
459 OmyJC18ROGR    (0)    2 :  0.109 0.167 0.013 0.120 0.445 0.146 
460 OmyJC18ROGR    (2)    2 :  0.178 0.111 0.329 0.050 0.278 0.054 
461 OmyJC18ROGR    (1)    2 :  0.174 0.160 0.290 0.144 0.083 0.148 
462 OmyJC18ROGR    (3)    2 :  0.182 0.060 0.268 0.070 0.341 0.080 
463 OmyJC18ROGR    (1)    2 :  0.074 0.052 0.623 0.101 0.104 0.048 
464 OmyJC18ROGR    (3)    2 :  0.189 0.510 0.019 0.172 0.083 0.028 
465 OmyJC18ROGR    (3)    2 :  0.121 0.185 0.042 0.452 0.160 0.039 
466 OmyJC18ROGR    (0)    2 :  0.584 0.102 0.097 0.066 0.105 0.047 
467 OmyJC18ROGR    (1)    2 :  0.253 0.121 0.031 0.315 0.229 0.051 
468 OmyJC18ROGR    (0)    2 :  0.086 0.039 0.037 0.758 0.055 0.024 
469 OmyJC18ROGR    (0)    2 :  0.049 0.040 0.714 0.077 0.090 0.030 
470 OmyJC18ROGR    (3)    2 :  0.118 0.063 0.444 0.273 0.060 0.042 
471 OmyJC18ROGR    (1)    2 :  0.228 0.206 0.223 0.105 0.127 0.110 
472 OmyJC18ROGR    (1)    2 :  0.167 0.400 0.055 0.043 0.299 0.035 
473 OmyJC18ROGR    (2)    2 :  0.145 0.589 0.026 0.055 0.137 0.049 
474 OmyJC18ROGR    (0)    2 :  0.109 0.104 0.030 0.106 0.134 0.516 
475 OmyJC18ROGR    (1)    2 :  0.046 0.035 0.606 0.043 0.035 0.236 
476 OmyJC18ROGR    (2)    2 :  0.084 0.492 0.015 0.093 0.110 0.205 
477 OmyJC18ROGR    (3)    2 :  0.205 0.178 0.077 0.142 0.341 0.056 
478 OmyJC18ROGR    (0)    2 :  0.297 0.186 0.040 0.076 0.106 0.295 
479 OmyJC18ROGR    (0)    2 :  0.084 0.570 0.015 0.153 0.133 0.045 
480 OmyJC18ROGR    (0)    2 :  0.144 0.288 0.114 0.058 0.342 0.054 
481 OmyJC18ROGR    (2)    2 :  0.078 0.094 0.149 0.041 0.521 0.117 
482 OmyJC18ROGR    (3)    2 :  0.171 0.076 0.017 0.411 0.273 0.052 
483 OmyJC18ROGR    (3)    2 :  0.244 0.175 0.035 0.292 0.229 0.026 
484 OmyJC18ROGR    (3)    2 :  0.301 0.099 0.033 0.172 0.286 0.109 
485 OmyJC18ROGR    (2)    2 :  0.075 0.116 0.609 0.106 0.060 0.034 
486 OmyJC18ROGR    (2)    2 :  0.134 0.085 0.369 0.188 0.174 0.049 
487 OmyJC18ROGR    (1)    2 :  0.616 0.075 0.062 0.043 0.063 0.140 
488 OmyJC18ROGR    (3)    2 :  0.591 0.123 0.038 0.105 0.093 0.049 
489 OmyJC18ROGR    (0)    2 :  0.423 0.152 0.024 0.104 0.223 0.075 
490 OmyJC18ROGR    (2)    2 :  0.170 0.174 0.058 0.128 0.405 0.066 
491 OmyJC18ROGR    (4)    2 :  0.057 0.089 0.105 0.065 0.176 0.509 
492 OmyJC18ROGR    (4)    2 :  0.059 0.052 0.017 0.086 0.080 0.706 
493 OmyJC18ROGR    (3)    2 :  0.421 0.079 0.092 0.276 0.092 0.040 
494 OmyJC18ROGR    (3)    2 :  0.032 0.041 0.832 0.032 0.041 0.024 
495 OmyJC18ROGR    (3)    2 :  0.164 0.197 0.139 0.115 0.078 0.307 
496 OmyJC18ROGR    (0)    2 :  0.167 0.056 0.062 0.150 0.401 0.163 
497 OmyJC18ROGR    (5)    2 :  0.124 0.244 0.065 0.132 0.287 0.147 
498 OmyJC18ROGR    (3)    2 :  0.364 0.210 0.151 0.033 0.162 0.081 
499 OmyJC18ROGR    (1)    2 :  0.220 0.316 0.035 0.167 0.173 0.089 
500 OmyJC18ROGR    (1)    2 :  0.129 0.132 0.020 0.237 0.402 0.081 
501 OmyJC18ROGR    (3)    2 :  0.118 0.189 0.376 0.060 0.208 0.050 
502 OmyJC18ROGR    (1)    2 :  0.026 0.060 0.152 0.669 0.072 0.021 
503 OmyJC18ROGR    (4)    2 :  0.173 0.405 0.046 0.201 0.148 0.027 
504 OmyJC18ROGR    (1)    2 :  0.096 0.074 0.273 0.395 0.136 0.026 
505 OmyJC18ROGR    (0)    2 :  0.143 0.097 0.225 0.168 0.163 0.203 
506 OmyJC18ROGR    (6)    2 :  0.302 0.095 0.043 0.124 0.204 0.232 
507 OmyJC18ROGR    (0)    2 :  0.178 0.101 0.105 0.077 0.471 0.068 
508 OmyJC18ROGR    (0)    2 :  0.068 0.079 0.060 0.495 0.240 0.058 
509 OmyJC18ROGR    (2)    2 :  0.029 0.019 0.861 0.036 0.026 0.028 
510 OmyJC18ROGR    (1)    2 :  0.262 0.126 0.024 0.236 0.219 0.134 
511 OmyJC18ROGR    (3)    2 :  0.056 0.066 0.122 0.049 0.061 0.646 
512 OmyJC18ROGR    (2)    2 :  0.060 0.058 0.729 0.089 0.047 0.018 
513 OmyJC18ROGR    (7)    2 :  0.320 0.053 0.118 0.133 0.065 0.311 
514 OmyJC18ROGR    (3)    2 :  0.041 0.092 0.536 0.111 0.045 0.176 
515 OmyJC18ROGR    (0)    2 :  0.260 0.115 0.057 0.143 0.345 0.080 
516 OmyJC18ROGR    (2)    2 :  0.160 0.399 0.173 0.103 0.087 0.078 
517 OmyJC18ROGR    (2)    2 :  0.294 0.083 0.194 0.048 0.145 0.235 
518 OmyJC18ROGR    (0)    2 :  0.117 0.116 0.033 0.336 0.323 0.075 
519 OmyJC18ROGR    (7)    2 :  0.076 0.262 0.049 0.036 0.040 0.538 
520 OmyJC18ROGR    (4)    2 :  0.252 0.171 0.167 0.037 0.128 0.246 
521 OmyJC18ROGR    (1)    2 :  0.308 0.220 0.141 0.072 0.100 0.159 
522 OmyJC18ROGR    (1)    2 :  0.413 0.148 0.087 0.189 0.128 0.035 
523 OmyJC18ROGR    (3)    2 :  0.185 0.080 0.027 0.457 0.185 0.067 
524 OmyJC18ROGR    (1)    2 :  0.190 0.137 0.034 0.385 0.218 0.036 
525 OmyJC18ROGR    (2)    2 :  0.097 0.071 0.131 0.306 0.110 0.286 
526 OmyJC18ROGR    (1)    2 :  0.081 0.082 0.055 0.306 0.252 0.223 
527 OmyJC18ROGR    (0)    2 :  0.287 0.152 0.030 0.144 0.169 0.219 
528 OmyJC18ROGR    (0)    2 :  0.185 0.308 0.025 0.344 0.090 0.048 
529 OmyJC18ROGR    (1)    2 :  0.111 0.596 0.025 0.049 0.170 0.049 
530 OmyJC18ROGR    (0)    2 :  0.079 0.136 0.020 0.632 0.103 0.029 
531 OmyJC18ROGR    (0)    2 :  0.067 0.530 0.032 0.306 0.040 0.025 
532 OmyJC18ROGR    (1)    2 :  0.152 0.108 0.019 0.132 0.537 0.053 
533 OmyJC18ROGR    (2)    2 :  0.467 0.255 0.014 0.078 0.048 0.138 
534 OmyJC18ROGR    (2)    2 :  0.304 0.161 0.048 0.171 0.273 0.043 
535 OmyJC18ROGR    (0)    2 :  0.128 0.349 0.040 0.069 0.177 0.236 
536 OmyJC18ROGR    (0)    2 :  0.076 0.112 0.023 0.047 0.053 0.689 
537 OmyJC18ROGR    (0)    2 :  0.248 0.303 0.023 0.132 0.067 0.227 
538 OmyJC18ROGR    (0)    2 :  0.156 0.585 0.034 0.129 0.069 0.027 
539 OmyJC18ROGR    (1)    2 :  0.111 0.112 0.042 0.610 0.054 0.072 
540 OmyJC18ROGR    (6)    2 :  0.698 0.038 0.029 0.031 0.161 0.044 
541 OmyJC18ROGR    (1)    2 :  0.111 0.450 0.046 0.129 0.155 0.109 
542 OmyJC18ROGR    (1)    2 :  0.094 0.185 0.147 0.077 0.383 0.114 
543 OmyJC18ROGR    (0)    2 :  0.383 0.107 0.186 0.168 0.105 0.052 
544 OmyJC18ROGR    (2)    2 :  0.196 0.433 0.038 0.115 0.092 0.126 
545 OmyJC18ROGR    (1)    2 :  0.066 0.044 0.540 0.162 0.172 0.016 
546 OmyJC18ROGR    (6)    2 :  0.051 0.627 0.012 0.069 0.201 0.040 
547 OmyJC18ROGR    (0)    2 :  0.202 0.250 0.095 0.211 0.226 0.016 
548 OmyJC18ROGR    (1)    2 :  0.583 0.066 0.102 0.097 0.074 0.077 
549 OmyJC18ROGR    (0)    2 :  0.111 0.563 0.033 0.057 0.196 0.039 
550 OmyJC18ROGR    (1)    2 :  0.093 0.060 0.710 0.046 0.054 0.037 
