

----------------------------------------------------
STRUCTURE by Pritchard, Stephens and Donnelly (2000)
     and Falush, Stephens and Pritchard (2003)
       Code by Pritchard, Falush and Hubisz
             Version 2.3.4 (Jul 2012)
----------------------------------------------------



Command line arguments:   bin/structure -m "/Users/ddayan/FRA/premature_migration/Rogue_Half-Pounder/half-pounder/structure/halfpounder_2021/10k_20k_adm_corr/mainparams" -e "/Users/ddayan/FRA/premature_migration/Rogue_Half-Pounder/half-pounder/structure/halfpounder_2021/10k_20k_adm_corr/extraparams" 
Input File:    /Users/ddayan/FRA/premature_migration/Rogue_Half-Pounder/half-pounder/structure/halfpounder_2021/project_data

Run parameters:
   1000 individuals
   328 loci
   3 populations assumed
   10000 Burn-in period
   20000 Reps


--------------------------------------------
Proportion of membership of each pre-defined
 population in each of the 3 clusters

Given    Inferred Clusters       Number of
 Pop       1      2      3      Individuals

  1:     0.323  0.371  0.306      275
  2:     0.339  0.372  0.289      643
  3:     0.761  0.127  0.112       42
  4:     0.252  0.597  0.151       40
--------------------------------------------

Allele-freq. divergence among pops (Net nucleotide distance),
computed using point estimates of P.

      1       2       3      
 1      -    0.0031  0.0104  
 2   0.0031     -    0.0088  
 3   0.0104  0.0088     -    

Average distances (expected heterozygosity) between individuals in same cluster:
cluster  1  : 0.2902 
cluster  2  : 0.2949 
cluster  3  : 0.2635 

--------------------------------------------
Estimated Ln Prob of Data   = -285238.5
Mean value of ln likelihood = -284312.0
Variance of ln likelihood   = 1853.0
Mean value of alpha         = 0.5500

Mean value of Fst_1         = 0.0222
Mean value of Fst_2         = 0.0079
Mean value of Fst_3         = 0.0740


Inferred ancestry of individuals:
        Label (%Miss) Pop:  Inferred clusters
  1 OmyAC19ROGR    (0)    1 :  0.563 0.387 0.050 
  2 OmyAC19ROGR    (0)    1 :  0.584 0.197 0.219 
  3 OmyAC19ROGR    (0)    1 :  0.600 0.213 0.187 
  4 OmyAC19ROGR    (0)    1 :  0.378 0.543 0.078 
  5 OmyAC19ROGR    (1)    1 :  0.030 0.035 0.935 
  6 OmyAC19ROGR    (0)    1 :  0.233 0.403 0.364 
  7 OmyAC19ROGR    (0)    1 :  0.279 0.364 0.357 
  8 OmyAC19ROGR    (0)    1 :  0.500 0.439 0.060 
  9 OmyAC19ROGR    (0)    1 :  0.375 0.210 0.415 
 10 OmyAC19ROGR    (0)    1 :  0.301 0.153 0.546 
 11 OmyAC19ROGR    (0)    1 :  0.322 0.514 0.165 
 12 OmyAC19ROGR    (0)    1 :  0.168 0.590 0.243 
 13 OmyAC19ROGR    (0)    1 :  0.406 0.495 0.099 
 14 OmyAC19ROGR    (0)    1 :  0.080 0.351 0.569 
 15 OmyAC19ROGR    (0)    1 :  0.082 0.379 0.539 
 16 OmyAC19ROGR    (0)    1 :  0.345 0.429 0.226 
 17 OmyAC19ROGR    (0)    1 :  0.077 0.718 0.205 
 18 OmyAC19ROGR    (2)    1 :  0.663 0.262 0.074 
 19 OmyAC19ROGR    (1)    1 :  0.397 0.442 0.160 
 20 OmyAC19ROGR    (0)    1 :  0.136 0.499 0.365 
 21 OmyAC19ROGR    (1)    1 :  0.299 0.298 0.404 
 22 OmyAC19ROGR    (0)    1 :  0.635 0.177 0.188 
 23 OmyAC19ROGR    (0)    1 :  0.313 0.222 0.465 
 24 OmyAC19ROGR    (0)    1 :  0.824 0.127 0.049 
 25 OmyAC19ROGR    (0)    1 :  0.237 0.374 0.389 
 26 OmyAC19ROGR    (0)    1 :  0.539 0.217 0.244 
 27 OmyAC19ROGR    (1)    1 :  0.136 0.707 0.157 
 28 OmyAC19ROGR    (0)    1 :  0.847 0.073 0.080 
 29 OmyAC19ROGR    (0)    1 :  0.370 0.444 0.186 
 30 OmyAC19ROGR    (0)    1 :  0.134 0.110 0.756 
 31 OmyAC19ROGR    (0)    1 :  0.387 0.475 0.137 
 32 OmyAC19ROGR    (0)    1 :  0.450 0.262 0.288 
 33 OmyAC19ROGR    (1)    1 :  0.533 0.241 0.225 
 34 OmyAC19ROGR    (0)    1 :  0.147 0.247 0.606 
 35 OmyAC19ROGR    (0)    1 :  0.633 0.208 0.158 
 36 OmyAC19ROGR    (0)    1 :  0.263 0.386 0.351 
 37 OmyAC19ROGR    (0)    1 :  0.626 0.131 0.242 
 38 OmyAC19ROGR    (0)    1 :  0.373 0.102 0.525 
 39 OmyAC19ROGR    (0)    1 :  0.246 0.497 0.257 
 40 OmyAC19ROGR    (0)    1 :  0.137 0.429 0.434 
 41 OmyAC19ROGR    (1)    1 :  0.188 0.691 0.120 
 42 OmyAC19ROGR    (0)    1 :  0.053 0.100 0.847 
 43 OmyAC19ROGR    (0)    1 :  0.436 0.436 0.128 
 44 OmyAC19ROGR    (6)    1 :  0.382 0.497 0.120 
 45 OmyAC19ROGR    (1)    1 :  0.397 0.164 0.439 
 46 OmyAC19ROGR    (0)    1 :  0.621 0.185 0.194 
 47 OmyAC19ROGR    (0)    1 :  0.691 0.145 0.164 
 48 OmyAC19ROGR    (0)    1 :  0.379 0.493 0.129 
 49 OmyAC19ROGR    (0)    1 :  0.540 0.362 0.098 
 50 OmyAC19ROGR    (0)    1 :  0.102 0.825 0.073 
 51 OmyAC19ROGR    (2)    1 :  0.098 0.123 0.779 
 52 OmyAC19ROGR    (0)    1 :  0.072 0.069 0.859 
 53 OmyAC19ROGR    (1)    1 :  0.780 0.126 0.094 
 54 OmyAC19ROGR    (0)    1 :  0.624 0.198 0.179 
 55 OmyAC19ROGR    (3)    1 :  0.188 0.604 0.208 
 56 OmyAC19ROGR    (0)    1 :  0.659 0.146 0.196 
 57 OmyAC19ROGR    (0)    1 :  0.777 0.165 0.058 
 58 OmyAC19ROGR    (0)    1 :  0.115 0.136 0.748 
 59 OmyAC19ROGR    (0)    1 :  0.710 0.231 0.058 
 60 OmyAC19ROGR    (1)    1 :  0.248 0.470 0.282 
 61 OmyAC19ROGR    (0)    1 :  0.633 0.218 0.150 
 62 OmyAC19ROGR    (0)    1 :  0.363 0.523 0.114 
 63 OmyAC19ROGR    (0)    1 :  0.497 0.157 0.346 
 64 OmyAC19ROGR    (2)    1 :  0.259 0.544 0.197 
 65 OmyAC19ROGR    (0)    1 :  0.331 0.555 0.114 
 66 OmyAC19ROGR    (3)    1 :  0.134 0.391 0.475 
 67 OmyAC19ROGR    (0)    1 :  0.733 0.186 0.081 
 68 OmyAC19ROGR    (1)    1 :  0.610 0.227 0.164 
 69 OmyAC19ROGR    (2)    1 :  0.544 0.100 0.357 
 70 OmyAC19ROGR    (0)    1 :  0.525 0.376 0.099 
 71 OmyAC19ROGR    (0)    1 :  0.406 0.489 0.105 
 72 OmyAC19ROGR    (4)    1 :  0.275 0.644 0.081 
 73 OmyAC19ROGR    (0)    1 :  0.466 0.172 0.362 
 74 OmyAC19ROGR    (0)    1 :  0.096 0.813 0.091 
 75 OmyAC19ROGR    (0)    1 :  0.401 0.321 0.278 
 76 OmyAC19ROGR    (0)    1 :  0.760 0.109 0.131 
 77 OmyAC19ROGR    (1)    1 :  0.043 0.048 0.909 
 78 OmyAC19ROGR    (0)    1 :  0.258 0.609 0.133 
 79 OmyAC19ROGR    (2)    1 :  0.482 0.345 0.173 
 80 OmyAC19ROGR    (1)    1 :  0.127 0.136 0.737 
 81 OmyAC19ROGR    (2)    1 :  0.200 0.231 0.569 
 82 OmyAC19ROGR    (1)    1 :  0.786 0.161 0.053 
 83 OmyAC19ROGR    (0)    1 :  0.617 0.238 0.145 
 84 OmyAC19ROGR    (0)    1 :  0.233 0.398 0.369 
 85 OmyAC19ROGR    (5)    1 :  0.490 0.401 0.109 
 86 OmyAC19ROGR    (0)    1 :  0.081 0.651 0.268 
 87 OmyAC19ROGR    (1)    1 :  0.653 0.218 0.128 
 88 OmyJC19ROGR    (0)    2 :  0.066 0.079 0.855 
 89 OmyJC19ROGR    (0)    2 :  0.274 0.504 0.223 
 90 OmyJC19ROGR    (0)    2 :  0.047 0.052 0.902 
 91 OmyJC19ROGR    (1)    2 :  0.501 0.456 0.044 
 92 OmyJC19ROGR    (0)    2 :  0.717 0.137 0.145 
 93 OmyJC19ROGR    (0)    2 :  0.831 0.120 0.049 
 94 OmyJC19ROGR    (0)    2 :  0.138 0.541 0.321 
 95 OmyJC19ROGR    (0)    2 :  0.175 0.526 0.299 
 96 OmyJC19ROGR    (0)    2 :  0.173 0.631 0.196 
 97 OmyJC19ROGR    (0)    2 :  0.690 0.059 0.251 
 98 OmyJC19ROGR    (0)    2 :  0.339 0.561 0.100 
 99 OmyJC19ROGR    (0)    2 :  0.643 0.173 0.184 
100 OmyJC19ROGR    (1)    2 :  0.322 0.525 0.153 
101 OmyJC19ROGR    (0)    2 :  0.293 0.134 0.573 
102 OmyJC19ROGR    (0)    2 :  0.203 0.574 0.223 
103 OmyJC19ROGR    (0)    2 :  0.458 0.236 0.307 
104 OmyJC19ROGR    (0)    2 :  0.729 0.189 0.082 
105 OmyJC19ROGR    (0)    2 :  0.567 0.167 0.266 
106 OmyJC19ROGR    (0)    2 :  0.056 0.035 0.909 
107 OmyJC19ROGR    (1)    2 :  0.266 0.494 0.240 
108 OmyJC19ROGR    (0)    2 :  0.492 0.343 0.165 
109 OmyJC19ROGR    (0)    2 :  0.089 0.574 0.337 
110 OmyJC19ROGR    (0)    2 :  0.513 0.107 0.380 
111 OmyJC19ROGR    (1)    2 :  0.658 0.137 0.205 
112 OmyJC19ROGR    (2)    2 :  0.159 0.580 0.261 
113 OmyJC19ROGR    (0)    2 :  0.122 0.172 0.705 
114 OmyJC19ROGR    (3)    2 :  0.410 0.447 0.143 
115 OmyJC19ROGR    (1)    2 :  0.662 0.195 0.143 
116 OmyJC19ROGR    (0)    2 :  0.285 0.460 0.254 
117 OmyJC19ROGR    (0)    2 :  0.209 0.452 0.339 
118 OmyJC19ROGR    (0)    2 :  0.490 0.431 0.079 
119 OmyJC19ROGR    (2)    2 :  0.183 0.668 0.149 
120 OmyJC19ROGR    (0)    2 :  0.822 0.124 0.054 
121 OmyJC19ROGR    (0)    2 :  0.179 0.680 0.141 
122 OmyJC19ROGR    (0)    2 :  0.430 0.399 0.172 
123 OmyJC19ROGR    (0)    2 :  0.399 0.522 0.079 
124 OmyJC19ROGR    (0)    2 :  0.210 0.494 0.295 
125 OmyJC19ROGR    (0)    2 :  0.610 0.167 0.224 
126 OmyJC19ROGR    (1)    2 :  0.090 0.159 0.751 
127 OmyJC19ROGR    (0)    2 :  0.152 0.742 0.106 
128 OmyJC19ROGR    (1)    2 :  0.749 0.132 0.119 
129 OmyJC19ROGR    (0)    2 :  0.391 0.176 0.434 
130 OmyJC19ROGR    (2)    2 :  0.115 0.727 0.158 
131 OmyJC19ROGR    (0)    2 :  0.521 0.272 0.207 
132 OmyJC19ROGR    (1)    2 :  0.674 0.202 0.125 
133 OmyJC19ROGR    (0)    2 :  0.421 0.488 0.091 
134 OmyJC19ROGR    (0)    2 :  0.351 0.427 0.222 
135 OmyJC19ROGR    (1)    2 :  0.856 0.066 0.078 
136 OmyJC19ROGR    (3)    2 :  0.381 0.503 0.116 
137 OmyJC19ROGR    (0)    2 :  0.124 0.548 0.328 
138 OmyJC19ROGR    (0)    2 :  0.087 0.143 0.771 
139 OmyJC19ROGR    (2)    2 :  0.301 0.620 0.078 
140 OmyJC19ROGR    (2)    2 :  0.243 0.533 0.225 
141 OmyJC19ROGR    (0)    2 :  0.298 0.258 0.444 
142 OmyJC19ROGR    (0)    2 :  0.301 0.262 0.436 
143 OmyJC19ROGR    (0)    2 :  0.763 0.109 0.127 
144 OmyJC19ROGR    (0)    2 :  0.346 0.596 0.058 
145 OmyJC19ROGR    (0)    2 :  0.157 0.739 0.104 
146 OmyJC19ROGR    (1)    2 :  0.705 0.135 0.160 
147 OmyJC19ROGR    (0)    2 :  0.341 0.471 0.188 
148 OmyJC19ROGR    (0)    2 :  0.377 0.553 0.070 
149 OmyJC19ROGR    (1)    2 :  0.596 0.214 0.190 
150 OmyJC19ROGR    (1)    2 :  0.660 0.198 0.142 
151 OmyJC19ROGR    (0)    2 :  0.372 0.341 0.287 
152 OmyJC19ROGR    (0)    2 :  0.323 0.538 0.139 
153 OmyJC19ROGR    (0)    2 :  0.825 0.082 0.093 
154 OmyJC19ROGR    (1)    2 :  0.183 0.634 0.183 
155 OmyJC19ROGR    (0)    2 :  0.461 0.318 0.222 
156 OmyJC19ROGR    (1)    2 :  0.332 0.432 0.235 
157 OmyJC19ROGR    (0)    2 :  0.492 0.316 0.192 
158 OmyJC19ROGR    (0)    2 :  0.521 0.425 0.054 
159 OmyJC19ROGR    (0)    2 :  0.121 0.754 0.125 
160 OmyJC19ROGR    (0)    2 :  0.489 0.354 0.157 
161 OmyJC19ROGR    (0)    2 :  0.548 0.373 0.079 
162 OmyJC19ROGR    (0)    2 :  0.345 0.500 0.155 
163 OmyJC19ROGR    (0)    2 :  0.712 0.174 0.113 
164 OmyJC19ROGR    (0)    2 :  0.240 0.671 0.089 
165 OmyJC19ROGR    (0)    2 :  0.364 0.566 0.070 
166 OmyJC19ROGR    (0)    2 :  0.226 0.622 0.152 
167 OmyJC19ROGR    (1)    2 :  0.568 0.221 0.210 
168 OmyJC19ROGR    (0)    2 :  0.292 0.529 0.179 
169 OmyJC19ROGR    (0)    2 :  0.033 0.055 0.912 
170 OmyJC19ROGR    (0)    2 :  0.747 0.106 0.147 
171 OmyJC19ROGR    (0)    2 :  0.207 0.712 0.081 
172 OmyJC19ROGR    (0)    2 :  0.399 0.141 0.461 
173 OmyJC19ROGR    (0)    2 :  0.061 0.068 0.871 
174 OmyJC19ROGR    (0)    2 :  0.424 0.472 0.104 
175 OmyJC19ROGR    (0)    2 :  0.280 0.619 0.100 
176 OmyJC19ROGR    (0)    2 :  0.635 0.165 0.201 
177 OmyJC19ROGR    (0)    2 :  0.866 0.092 0.042 
178 OmyJC19ROGR    (0)    2 :  0.066 0.812 0.122 
179 OmyJC19ROGR    (0)    2 :  0.699 0.238 0.063 
180 OmyJC19ROGR    (0)    2 :  0.098 0.060 0.842 
181 OmyJC19ROGR    (0)    2 :  0.294 0.536 0.170 
182 OmyJC19ROGR    (0)    2 :  0.266 0.413 0.321 
183 OmyJC19ROGR    (0)    2 :  0.280 0.615 0.105 
184 OmyJC19ROGR    (0)    2 :  0.174 0.148 0.678 
185 OmyJC19ROGR    (1)    2 :  0.461 0.491 0.047 
186 OmyJC19ROGR    (0)    2 :  0.694 0.124 0.182 
187 OmyJC19ROGR    (0)    2 :  0.208 0.711 0.081 
188 OmyJC19ROGR    (0)    2 :  0.332 0.563 0.105 
189 OmyJC19ROGR    (0)    2 :  0.504 0.180 0.316 
190 OmyJC19ROGR    (0)    2 :  0.755 0.137 0.108 
191 OmyJC19ROGR    (0)    2 :  0.716 0.190 0.094 
192 OmyJC19ROGR    (0)    2 :  0.085 0.800 0.115 
193 OmyJC19ROGR    (1)    2 :  0.321 0.399 0.279 
194 OmyJC19ROGR    (0)    2 :  0.152 0.793 0.055 
195 OmyJC19ROGR    (0)    2 :  0.070 0.134 0.797 
196 OmyJC19ROGR    (0)    2 :  0.136 0.749 0.114 
197 OmyJC19ROGR    (0)    2 :  0.596 0.240 0.163 
198 OmyJC19ROGR    (0)    2 :  0.110 0.115 0.775 
199 OmyJC19ROGR    (0)    2 :  0.295 0.625 0.079 
200 OmyJC19ROGR    (0)    2 :  0.672 0.149 0.179 
201 OmyJC19ROGR    (0)    2 :  0.234 0.689 0.077 
202 OmyJC19ROGR    (0)    2 :  0.849 0.111 0.040 
203 OmyJC19ROGR    (0)    2 :  0.425 0.447 0.128 
204 OmyJC19ROGR    (0)    2 :  0.323 0.554 0.123 
205 OmyJC19ROGR    (0)    2 :  0.262 0.461 0.277 
206 OmyJC19ROGR    (0)    2 :  0.077 0.065 0.858 
207 OmyJC19ROGR    (0)    2 :  0.204 0.368 0.427 
208 OmyJC19ROGR    (0)    2 :  0.134 0.767 0.099 
209 OmyJC19ROGR    (0)    2 :  0.291 0.123 0.587 
210 OmyJC19ROGR    (0)    2 :  0.041 0.073 0.886 
211 OmyJC19ROGR    (0)    2 :  0.374 0.285 0.341 
212 OmyJC19ROGR    (1)    2 :  0.561 0.154 0.285 
213 OmyJC19ROGR    (1)    2 :  0.346 0.539 0.115 
214 OmyJC19ROGR    (0)    2 :  0.166 0.703 0.131 
215 OmyJC19ROGR    (0)    2 :  0.248 0.669 0.083 
216 OmyJC19ROGR    (0)    2 :  0.062 0.109 0.829 
217 OmyJC19ROGR    (0)    2 :  0.193 0.272 0.534 
218 OmyJC19ROGR    (0)    2 :  0.674 0.236 0.089 
219 OmyJC19ROGR    (0)    2 :  0.115 0.650 0.235 
220 OmyJC19ROGR    (0)    2 :  0.404 0.558 0.038 
221 OmyJC19ROGR    (0)    2 :  0.248 0.328 0.424 
222 OmyJC19ROGR    (0)    2 :  0.614 0.284 0.101 
223 OmyJC19ROGR    (0)    2 :  0.278 0.580 0.142 
224 OmyJC19ROGR    (0)    2 :  0.145 0.774 0.081 
225 OmyJC19ROGR    (0)    2 :  0.037 0.046 0.917 
226 OmyJC19ROGR    (0)    2 :  0.136 0.474 0.391 
227 OmyJC19ROGR    (1)    2 :  0.072 0.047 0.881 
228 OmyJC19ROGR    (0)    2 :  0.102 0.803 0.095 
229 OmyJC19ROGR    (1)    2 :  0.501 0.400 0.099 
230 OmyJC19ROGR    (0)    2 :  0.399 0.251 0.350 
231 OmyJC19ROGR    (0)    2 :  0.177 0.593 0.231 
232 OmyJC19ROGR    (1)    2 :  0.420 0.432 0.147 
233 OmyJC19ROGR    (0)    2 :  0.251 0.428 0.322 
234 OmyJC19ROGR    (0)    2 :  0.075 0.049 0.876 
235 OmyJC19ROGR    (0)    2 :  0.177 0.126 0.698 
236 OmyJC19ROGR    (1)    2 :  0.366 0.538 0.097 
237 OmyJC19ROGR    (0)    2 :  0.317 0.530 0.153 
238 OmyJC19ROGR    (0)    2 :  0.147 0.616 0.237 
239 OmyJC19ROGR    (0)    2 :  0.284 0.481 0.235 
240 OmyJC19ROGR    (0)    2 :  0.369 0.487 0.145 
241 OmyJC19ROGR    (0)    2 :  0.588 0.188 0.225 
242 OmyJC19ROGR    (0)    2 :  0.371 0.553 0.076 
243 OmyJC19ROGR    (0)    2 :  0.552 0.322 0.126 
244 OmyJC19ROGR    (0)    2 :  0.604 0.240 0.157 
245 OmyJC19ROGR    (0)    2 :  0.043 0.044 0.913 
246 OmyJC19ROGR    (0)    2 :  0.513 0.156 0.331 
247 OmyJC19ROGR    (0)    2 :  0.203 0.155 0.642 
248 OmyJC19ROGR    (0)    2 :  0.215 0.163 0.623 
249 OmyJC19ROGR    (0)    2 :  0.190 0.602 0.208 
250 OmyJC19ROGR    (0)    2 :  0.284 0.479 0.237 
251 OmyJC19ROGR    (0)    2 :  0.288 0.574 0.137 
252 OmyJC19ROGR    (0)    2 :  0.810 0.096 0.095 
253 OmyJC19ROGR    (0)    2 :  0.293 0.460 0.247 
254 OmyJC19ROGR    (0)    2 :  0.609 0.231 0.160 
255 OmyJC19ROGR    (0)    2 :  0.715 0.185 0.100 
256 OmyJC19ROGR    (0)    2 :  0.409 0.155 0.436 
257 OmyJC19ROGR    (0)    2 :  0.258 0.505 0.237 
258 OmyAC19ROGR    (0)    1 :  0.313 0.365 0.322 
259 OmyAC19ROGR    (1)    1 :  0.169 0.274 0.558 
260 OmyAC19ROGR    (0)    1 :  0.182 0.732 0.087 
261 OmyAC19ROGR    (0)    1 :  0.197 0.626 0.177 
262 OmyAC19ROGR    (0)    1 :  0.301 0.432 0.267 
263 OmyAC19ROGR    (0)    1 :  0.632 0.230 0.138 
264 OmyAC19ROGR    (0)    1 :  0.312 0.508 0.180 
265 OmyAC19ROGR    (0)    1 :  0.448 0.409 0.143 
266 OmyAC19ROGR    (0)    1 :  0.197 0.730 0.073 
267 OmyAC19ROGR    (0)    1 :  0.306 0.379 0.316 
268 OmyAC19ROGR    (1)    1 :  0.517 0.191 0.292 
269 OmyAC19ROGR    (1)    1 :  0.201 0.474 0.324 
270 OmyAC19ROGR    (0)    1 :  0.655 0.244 0.101 
271 OmyAC19ROGR    (0)    1 :  0.203 0.325 0.473 
272 OmyAC19ROGR    (0)    1 :  0.145 0.524 0.331 
273 OmyAC19ROGR    (0)    1 :  0.450 0.432 0.118 
274 OmyAC19ROGR    (0)    1 :  0.094 0.084 0.822 
275 OmyAC19ROGR    (0)    1 :  0.493 0.254 0.253 
276 OmyAC19ROGR    (0)    1 :  0.311 0.485 0.204 
277 OmyAC19ROGR    (0)    1 :  0.141 0.640 0.219 
278 OmyAC19ROGR    (0)    1 :  0.152 0.360 0.488 
279 OmyAC19ROGR    (0)    1 :  0.133 0.503 0.363 
280 OmyAC19ROGR    (0)    1 :  0.489 0.238 0.273 
281 OmyAC19ROGR    (0)    1 :  0.283 0.563 0.154 
282 OmyAC19ROGR    (0)    1 :  0.377 0.293 0.329 
283 OmyAC19ROGR    (0)    1 :  0.178 0.690 0.132 
284 OmyAC19ROGR    (0)    1 :  0.359 0.570 0.071 
285 OmyAC19ROGR    (0)    1 :  0.488 0.381 0.131 
286 OmyAC19ROGR    (0)    1 :  0.407 0.528 0.065 
287 OmyAC19ROGR    (0)    1 :  0.022 0.029 0.948 
288 OmyAC19ROGR    (0)    1 :  0.076 0.110 0.814 
289 OmyAC19ROGR    (0)    1 :  0.218 0.477 0.305 
290 OmyAC19ROGR    (1)    1 :  0.046 0.038 0.915 
291 OmyAC19ROGR    (0)    1 :  0.313 0.171 0.517 
292 OmyAC19ROGR    (1)    1 :  0.189 0.478 0.333 
293 OmyAC19ROGR    (0)    1 :  0.777 0.148 0.075 
294 OmyAC19ROGR    (0)    1 :  0.134 0.350 0.516 
295 OmyAC19ROGR    (0)    1 :  0.374 0.536 0.089 
296 OmyAC19ROGR    (0)    1 :  0.237 0.649 0.114 
297 OmyAC19ROGR    (0)    1 :  0.060 0.114 0.826 
298 OmyAC19ROGR    (0)    1 :  0.145 0.772 0.083 
299 OmyAC19ROGR    (0)    1 :  0.422 0.190 0.388 
300 OmyAC19ROGR    (0)    1 :  0.324 0.562 0.113 
301 OmyAC19ROGR    (0)    1 :  0.046 0.065 0.889 
302 OmyAC19ROGR    (0)    1 :  0.115 0.308 0.577 
303 OmyAC19ROGR    (0)    1 :  0.191 0.551 0.258 
304 OmyAC19ROGR    (0)    1 :  0.218 0.486 0.296 
305 OmyAC19ROGR    (0)    1 :  0.271 0.623 0.106 
306 OmyAC19ROGR    (0)    1 :  0.059 0.180 0.761 
307 OmyAC19ROGR    (1)    1 :  0.502 0.429 0.068 
308 OmyAC19ROGR    (0)    1 :  0.172 0.605 0.223 
309 OmyAC19ROGR    (1)    1 :  0.063 0.059 0.877 
310 OmyAC19ROGR    (0)    1 :  0.197 0.283 0.519 
311 OmyAC19ROGR    (0)    1 :  0.125 0.301 0.574 
312 OmyAC19ROGR    (0)    1 :  0.621 0.272 0.107 
313 OmyAC19ROGR    (0)    1 :  0.316 0.623 0.061 
314 OmyAC19ROGR    (0)    1 :  0.721 0.167 0.112 
315 OmyAC19ROGR    (0)    1 :  0.289 0.517 0.194 
316 OmyAC19ROGR    (0)    1 :  0.316 0.562 0.123 
317 OmyAC19ROGR    (0)    1 :  0.699 0.184 0.117 
318 OmyAC19ROGR    (0)    1 :  0.680 0.246 0.073 
319 OmyAC19ROGR    (1)    1 :  0.344 0.593 0.063 
320 OmyAC19ROGR    (0)    1 :  0.205 0.756 0.039 
321 OmyAC19ROGR    (0)    1 :  0.215 0.684 0.101 
322 OmyAC19ROGR    (0)    1 :  0.202 0.223 0.575 
323 OmyAC19ROGR    (0)    1 :  0.087 0.831 0.082 
324 OmyAC19ROGR    (0)    1 :  0.364 0.534 0.102 
325 OmyAC19ROGR    (0)    1 :  0.181 0.281 0.538 
326 OmyAC19ROGR    (0)    1 :  0.158 0.691 0.151 
327 OmyAC19ROGR    (0)    1 :  0.305 0.585 0.110 
328 OmyAC20ROGR    (1)    1 :  0.348 0.563 0.089 
329 OmyAC20ROGR    (0)    1 :  0.538 0.265 0.197 
330 OmyAC20ROGR    (0)    1 :  0.415 0.401 0.184 
331 OmyAC20ROGR    (0)    1 :  0.290 0.239 0.471 
332 OmyAC20ROGR    (0)    1 :  0.416 0.231 0.354 
333 OmyAC20ROGR    (0)    1 :  0.393 0.174 0.433 
334 OmyAC20ROGR    (0)    1 :  0.753 0.180 0.067 
335 OmyAC20ROGR    (0)    1 :  0.462 0.405 0.133 
336 OmyAC20ROGR    (0)    1 :  0.338 0.333 0.328 
337 OmyAC20ROGR    (0)    1 :  0.181 0.241 0.578 
338 OmyAC20ROGR    (0)    1 :  0.471 0.247 0.282 
339 OmyAC20ROGR    (0)    1 :  0.249 0.502 0.249 
340 OmyAC20ROGR    (0)    1 :  0.751 0.109 0.139 
341 OmyAC20ROGR    (0)    1 :  0.658 0.152 0.190 
342 OmyAC20ROGR    (0)    1 :  0.370 0.300 0.330 
343 OmyAC20ROGR    (0)    1 :  0.618 0.218 0.164 
344 OmyAC20ROGR    (0)    1 :  0.487 0.186 0.327 
345 OmyAC20ROGR    (1)    1 :  0.161 0.502 0.337 
346 OmyAC20ROGR    (0)    1 :  0.316 0.309 0.375 
347 OmyAC20ROGR    (0)    1 :  0.283 0.336 0.381 
348 OmyAC20ROGR    (0)    1 :  0.525 0.147 0.328 
349 OmyAC20ROGR    (0)    1 :  0.640 0.197 0.163 
350 OmyAC20ROGR    (0)    1 :  0.256 0.527 0.217 
351 OmyAC20ROGR    (0)    1 :  0.463 0.249 0.288 
352 OmyAC20ROGR    (0)    1 :  0.253 0.607 0.140 
353 OmyAC20ROGR    (0)    1 :  0.420 0.476 0.103 
354 OmyAC20ROGR    (0)    1 :  0.469 0.140 0.391 
355 OmyAC20ROGR    (0)    1 :  0.596 0.227 0.177 
356 OmyAC20ROGR    (0)    1 :  0.280 0.605 0.115 
357 OmyAC20ROGR    (0)    1 :  0.175 0.560 0.264 
358 OmyAC20ROGR    (0)    1 :  0.188 0.683 0.129 
359 OmyAC20ROGR    (0)    1 :  0.068 0.579 0.353 
360 OmyAC20ROGR    (0)    1 :  0.295 0.323 0.382 
361 OmyAC20ROGR    (0)    1 :  0.132 0.756 0.112 
362 OmyAC20ROGR    (0)    1 :  0.170 0.693 0.137 
363 OmyAC20ROGR    (0)    1 :  0.506 0.204 0.289 
364 OmyAC20ROGR    (1)    1 :  0.635 0.261 0.105 
365 OmyAC20ROGR    (0)    1 :  0.293 0.643 0.064 
366 OmyAC20ROGR    (0)    1 :  0.517 0.386 0.097 
367 OmyAC20ROGR    (0)    1 :  0.288 0.437 0.274 
368 OmyAC20ROGR    (1)    1 :  0.134 0.633 0.233 
369 OmyAC20ROGR    (0)    1 :  0.335 0.211 0.455 
370 OmyAC20ROGR    (0)    1 :  0.132 0.115 0.753 
371 OmyAC20ROGR    (0)    1 :  0.078 0.094 0.827 
372 OmyAC20ROGR    (2)    1 :  0.044 0.058 0.898 
373 OmyAC20ROGR    (0)    1 :  0.113 0.343 0.544 
374 OmyAC20ROGR    (0)    1 :  0.439 0.475 0.086 
375 OmyAC20ROGR    (0)    1 :  0.251 0.531 0.218 
376 OmyAC20ROGR    (0)    1 :  0.199 0.187 0.614 
377 OmyAC20ROGR    (0)    1 :  0.622 0.312 0.066 
378 OmyAC20ROGR    (0)    1 :  0.553 0.368 0.079 
379 OmyAC20ROGR    (0)    1 :  0.253 0.207 0.540 
380 OmyAC20ROGR    (1)    1 :  0.325 0.602 0.073 
381 OmyAC20ROGR    (0)    1 :  0.129 0.625 0.246 
382 OmyAC20ROGR    (0)    1 :  0.039 0.061 0.900 
383 OmyAC20ROGR    (0)    1 :  0.116 0.531 0.353 
384 OmyAC20ROGR    (0)    1 :  0.320 0.212 0.469 
385 OmyAC20ROGR    (0)    1 :  0.083 0.518 0.399 
386 OmyAC20ROGR    (0)    1 :  0.373 0.340 0.287 
387 OmyAC20ROGR    (0)    1 :  0.131 0.420 0.449 
388 OmyAC20ROGR    (0)    1 :  0.418 0.167 0.414 
389 OmyAC20ROGR    (0)    1 :  0.138 0.770 0.092 
390 OmyAC20ROGR    (0)    1 :  0.271 0.662 0.067 
391 OmyAC20ROGR    (0)    1 :  0.274 0.207 0.519 
392 OmyAC20ROGR    (0)    1 :  0.315 0.264 0.420 
393 OmyAC20ROGR    (0)    1 :  0.496 0.322 0.182 
394 OmyAC20ROGR    (1)    1 :  0.196 0.577 0.226 
395 OmyAC20ROGR    (0)    1 :  0.441 0.368 0.191 
396 OmyAC20ROGR    (0)    1 :  0.233 0.634 0.133 
397 OmyAC20ROGR    (0)    1 :  0.148 0.422 0.430 
398 OmyAC20ROGR    (0)    1 :  0.181 0.100 0.720 
399 OmyAC20ROGR    (0)    1 :  0.249 0.390 0.361 
400 OmyAC20ROGR    (0)    1 :  0.318 0.400 0.282 
401 OmyAC20ROGR    (1)    1 :  0.078 0.054 0.868 
402 OmyAC20ROGR    (0)    1 :  0.659 0.268 0.074 
403 OmyAC20ROGR    (0)    1 :  0.477 0.230 0.293 
404 OmyAC20ROGR    (0)    1 :  0.612 0.309 0.078 
405 OmyAC20ROGR    (0)    1 :  0.140 0.399 0.461 
406 OmyAC20ROGR    (0)    1 :  0.492 0.298 0.210 
407 OmyAC20ROGR    (0)    1 :  0.100 0.763 0.137 
408 OmyAC20ROGR    (0)    1 :  0.463 0.339 0.198 
409 OmyAC20ROGR    (0)    1 :  0.090 0.743 0.166 
410 OmyAC20ROGR    (0)    1 :  0.039 0.069 0.892 
411 OmyAC20ROGR    (0)    1 :  0.150 0.194 0.657 
412 OmyAC20ROGR    (0)    1 :  0.502 0.251 0.246 
413 OmyAC20ROGR    (0)    1 :  0.087 0.782 0.131 
414 OmyAC20ROGR    (0)    1 :  0.356 0.161 0.483 
415 OmyAC20ROGR    (0)    1 :  0.393 0.524 0.083 
416 OmyAC20ROGR    (0)    1 :  0.393 0.407 0.200 
417 OmyAC20ROGR    (0)    1 :  0.296 0.619 0.084 
418 OmyAC20ROGR    (0)    1 :  0.230 0.440 0.331 
419 OmyAC20ROGR    (0)    1 :  0.117 0.372 0.511 
420 OmyAC20ROGR    (0)    1 :  0.482 0.425 0.093 
421 OmyAC20ROGR    (0)    1 :  0.472 0.288 0.240 
422 OmyAC20ROGR    (0)    1 :  0.065 0.050 0.885 
423 OmyAC20ROGR    (0)    1 :  0.088 0.826 0.085 
424 OmyAC20ROGR    (0)    1 :  0.168 0.745 0.087 
425 OmyAC20ROGR    (0)    1 :  0.106 0.045 0.849 
426 OmyAC20ROGR    (0)    1 :  0.241 0.534 0.225 
427 OmyAC20ROGR    (0)    1 :  0.210 0.389 0.401 
428 OmyAC20ROGR    (0)    1 :  0.040 0.043 0.917 
429 OmyAC20ROGR    (0)    1 :  0.184 0.734 0.082 
430 OmyAC20ROGR    (0)    1 :  0.094 0.675 0.231 
431 OmyAC20ROGR    (0)    1 :  0.218 0.174 0.609 
432 OmyAC20ROGR    (0)    1 :  0.080 0.068 0.852 
433 OmyAC20ROGR    (0)    1 :  0.071 0.052 0.877 
434 OmyAC20ROGR    (0)    1 :  0.079 0.549 0.372 
435 OmyAC20ROGR    (0)    1 :  0.634 0.300 0.067 
436 OmyAC20ROGR    (0)    1 :  0.098 0.777 0.125 
437 OmyAC20ROGR    (0)    1 :  0.107 0.188 0.705 
438 OmyAC20ROGR    (0)    1 :  0.186 0.257 0.557 
439 OmyAC20ROGR    (0)    1 :  0.170 0.652 0.178 
440 OmyAC20ROGR    (0)    1 :  0.097 0.107 0.796 
441 OmyAC20ROGR    (0)    1 :  0.266 0.664 0.070 
442 OmyAC20ROGR    (0)    1 :  0.242 0.574 0.184 
443 OmyAC20ROGR    (0)    1 :  0.701 0.236 0.063 
444 OmyAC20ROGR    (0)    1 :  0.112 0.633 0.255 
445 OmyAC20ROGR    (0)    1 :  0.157 0.592 0.251 
446 OmyJC18ROGR    (0)    2 :  0.590 0.278 0.132 
447 OmyJC18ROGR    (0)    2 :  0.241 0.594 0.165 
448 OmyJC18ROGR    (0)    2 :  0.123 0.698 0.179 
449 OmyJC18ROGR    (0)    2 :  0.135 0.141 0.724 
450 OmyJC18ROGR    (0)    2 :  0.137 0.139 0.724 
451 OmyJC18ROGR    (0)    2 :  0.057 0.068 0.875 
452 OmyJC18ROGR    (0)    2 :  0.364 0.240 0.396 
453 OmyJC18ROGR    (0)    2 :  0.726 0.188 0.086 
454 OmyJC18ROGR    (0)    2 :  0.061 0.070 0.869 
455 OmyJC18ROGR    (0)    2 :  0.164 0.731 0.105 
456 OmyJC18ROGR    (0)    2 :  0.047 0.079 0.875 
457 OmyJC18ROGR    (0)    2 :  0.221 0.620 0.159 
458 OmyJC18ROGR    (0)    2 :  0.522 0.202 0.276 
459 OmyJC18ROGR    (0)    2 :  0.601 0.333 0.066 
460 OmyJC18ROGR    (2)    2 :  0.211 0.233 0.557 
461 OmyJC18ROGR    (1)    2 :  0.383 0.194 0.423 
462 OmyJC18ROGR    (3)    2 :  0.270 0.203 0.527 
463 OmyJC18ROGR    (1)    2 :  0.123 0.120 0.757 
464 OmyJC18ROGR    (3)    2 :  0.118 0.811 0.072 
465 OmyJC18ROGR    (3)    2 :  0.147 0.704 0.149 
466 OmyJC18ROGR    (0)    2 :  0.255 0.373 0.372 
467 OmyJC18ROGR    (1)    2 :  0.240 0.633 0.127 
468 OmyJC18ROGR    (0)    2 :  0.153 0.684 0.163 
469 OmyJC18ROGR    (0)    2 :  0.078 0.133 0.789 
470 OmyJC18ROGR    (3)    2 :  0.160 0.195 0.645 
471 OmyJC18ROGR    (1)    2 :  0.300 0.258 0.442 
472 OmyJC18ROGR    (1)    2 :  0.242 0.517 0.241 
473 OmyJC18ROGR    (2)    2 :  0.301 0.604 0.094 
474 OmyJC18ROGR    (0)    2 :  0.637 0.269 0.094 
475 OmyJC18ROGR    (1)    2 :  0.221 0.067 0.712 
476 OmyJC18ROGR    (2)    2 :  0.571 0.360 0.069 
477 OmyJC18ROGR    (3)    2 :  0.275 0.459 0.265 
478 OmyJC18ROGR    (0)    2 :  0.648 0.203 0.149 
479 OmyJC18ROGR    (0)    2 :  0.176 0.753 0.071 
480 OmyJC18ROGR    (0)    2 :  0.218 0.468 0.314 
481 OmyJC18ROGR    (2)    2 :  0.382 0.244 0.374 
482 OmyJC18ROGR    (3)    2 :  0.222 0.717 0.061 
483 OmyJC18ROGR    (3)    2 :  0.103 0.763 0.134 
484 OmyJC18ROGR    (3)    2 :  0.399 0.460 0.140 
485 OmyJC18ROGR    (2)    2 :  0.107 0.175 0.719 
486 OmyJC18ROGR    (2)    2 :  0.145 0.298 0.557 
487 OmyJC18ROGR    (1)    2 :  0.567 0.193 0.240 
488 OmyJC18ROGR    (3)    2 :  0.392 0.422 0.186 
489 OmyJC18ROGR    (0)    2 :  0.503 0.383 0.114 
490 OmyJC18ROGR    (2)    2 :  0.265 0.521 0.213 
491 OmyJC18ROGR    (4)    2 :  0.615 0.141 0.244 
492 OmyJC18ROGR    (4)    2 :  0.794 0.144 0.062 
493 OmyJC18ROGR    (3)    2 :  0.162 0.559 0.278 
494 OmyJC18ROGR    (3)    2 :  0.050 0.061 0.889 
495 OmyJC18ROGR    (3)    2 :  0.574 0.152 0.274 
496 OmyJC18ROGR    (0)    2 :  0.489 0.322 0.189 
497 OmyJC18ROGR    (5)    2 :  0.375 0.386 0.238 
498 OmyJC18ROGR    (3)    2 :  0.405 0.214 0.381 
499 OmyJC18ROGR    (1)    2 :  0.416 0.435 0.149 
500 OmyJC18ROGR    (1)    2 :  0.338 0.578 0.084 
501 OmyJC18ROGR    (3)    2 :  0.198 0.213 0.589 
502 OmyJC18ROGR    (1)    2 :  0.101 0.544 0.355 
503 OmyJC18ROGR    (4)    2 :  0.082 0.779 0.138 
504 OmyJC18ROGR    (1)    2 :  0.093 0.457 0.450 
505 OmyJC18ROGR    (0)    2 :  0.390 0.217 0.394 
506 OmyJC18ROGR    (6)    2 :  0.587 0.258 0.154 
507 OmyJC18ROGR    (0)    2 :  0.229 0.469 0.302 
508 OmyJC18ROGR    (0)    2 :  0.203 0.593 0.204 
509 OmyJC18ROGR    (2)    2 :  0.069 0.057 0.874 
510 OmyJC18ROGR    (1)    2 :  0.313 0.590 0.096 
511 OmyJC18ROGR    (3)    2 :  0.640 0.106 0.255 
512 OmyJC18ROGR    (2)    2 :  0.063 0.157 0.780 
513 OmyJC18ROGR    (7)    2 :  0.529 0.126 0.345 
514 OmyJC18ROGR    (3)    2 :  0.239 0.143 0.619 
515 OmyJC18ROGR    (0)    2 :  0.273 0.542 0.185 
516 OmyJC18ROGR    (2)    2 :  0.309 0.338 0.353 
517 OmyJC18ROGR    (2)    2 :  0.387 0.202 0.411 
518 OmyJC18ROGR    (0)    2 :  0.231 0.631 0.138 
519 OmyJC18ROGR    (7)    2 :  0.740 0.100 0.160 
520 OmyJC18ROGR    (4)    2 :  0.541 0.111 0.349 
521 OmyJC18ROGR    (1)    2 :  0.469 0.222 0.310 
522 OmyJC18ROGR    (1)    2 :  0.134 0.587 0.279 
523 OmyJC18ROGR    (3)    2 :  0.231 0.632 0.137 
524 OmyJC18ROGR    (1)    2 :  0.132 0.748 0.119 
525 OmyJC18ROGR    (2)    2 :  0.430 0.261 0.310 
526 OmyJC18ROGR    (1)    2 :  0.446 0.338 0.216 
527 OmyJC18ROGR    (0)    2 :  0.565 0.335 0.100 
528 OmyJC18ROGR    (0)    2 :  0.256 0.632 0.112 
529 OmyJC18ROGR    (1)    2 :  0.367 0.521 0.112 
530 OmyJC18ROGR    (0)    2 :  0.086 0.832 0.082 
531 OmyJC18ROGR    (0)    2 :  0.099 0.775 0.126 
532 OmyJC18ROGR    (1)    2 :  0.156 0.765 0.079 
533 OmyJC18ROGR    (2)    2 :  0.618 0.317 0.065 
534 OmyJC18ROGR    (2)    2 :  0.249 0.561 0.190 
535 OmyJC18ROGR    (0)    2 :  0.526 0.333 0.141 
536 OmyJC18ROGR    (0)    2 :  0.812 0.103 0.085 
537 OmyJC18ROGR    (0)    2 :  0.658 0.264 0.078 
538 OmyJC18ROGR    (0)    2 :  0.126 0.751 0.123 
539 OmyJC18ROGR    (1)    2 :  0.180 0.666 0.154 
540 OmyJC18ROGR    (6)    2 :  0.509 0.332 0.160 
541 OmyJC18ROGR    (1)    2 :  0.395 0.450 0.155 
542 OmyJC18ROGR    (1)    2 :  0.328 0.344 0.328 
543 OmyJC18ROGR    (0)    2 :  0.242 0.350 0.407 
544 OmyJC18ROGR    (2)    2 :  0.454 0.407 0.139 
545 OmyJC18ROGR    (1)    2 :  0.055 0.278 0.667 
546 OmyJC18ROGR    (6)    2 :  0.170 0.775 0.055 
547 OmyJC18ROGR    (0)    2 :  0.083 0.648 0.269 
548 OmyJC18ROGR    (1)    2 :  0.423 0.276 0.302 
549 OmyJC18ROGR    (0)    2 :  0.171 0.674 0.155 
550 OmyJC18ROGR    (1)    2 :  0.114 0.093 0.793 
551 OmyJC18ROGR    (1)    2 :  0.715 0.140 0.145 
552 OmyJC18ROGR    (2)    2 :  0.270 0.463 0.267 
553 OmyJC18ROGR    (7)    2 :  0.277 0.549 0.175 
554 OmyJC18ROGR    (2)    2 :  0.320 0.583 0.097 
555 OmyJC18ROGR    (3)    2 :  0.534 0.358 0.107 
556 OmyJC18ROGR    (0)    2 :  0.775 0.078 0.147 
557 OmyJC18ROGR    (1)    2 :  0.168 0.193 0.640 
558 OmyJC18ROGR    (0)    2 :  0.642 0.086 0.272 
559 OmyJC18ROGR    (0)    2 :  0.167 0.750 0.084 
560 OmyJC18ROGR    (5)    2 :  0.460 0.282 0.258 
561 OmyJC18ROGR    (0)    2 :  0.099 0.828 0.074 
562 OmyJC18ROGR    (6)    2 :  0.628 0.257 0.115 
563 OmyJC18ROGR    (2)    2 :  0.451 0.373 0.176 
564 OmyJC18ROGR    (3)    2 :  0.475 0.128 0.397 
565 OmyJC18ROGR    (3)    2 :  0.324 0.443 0.233 
566 OmyJC18ROGR    (1)    2 :  0.215 0.583 0.202 
567 OmyJC18ROGR    (0)    2 :  0.161 0.750 0.089 
568 OmyJC18ROGR    (3)    2 :  0.541 0.202 0.258 
569 OmyJC18ROGR    (2)    2 :  0.252 0.590 0.158 
570 OmyJC18ROGR    (0)    2 :  0.100 0.722 0.178 
571 OmyJC18ROGR    (1)    2 :  0.099 0.837 0.064 
572 OmyJC18ROGR    (4)    2 :  0.588 0.284 0.128 
573 OmyJC18ROGR    (3)    2 :  0.233 0.207 0.560 
574 OmyJC18ROGR    (5)    2 :  0.309 0.339 0.352 
575 OmyJC18ROGR    (3)    2 :  0.695 0.228 0.076 
576 OmyJC18ROGR    (0)    2 :  0.387 0.446 0.168 
577 OmyJC18ROGR    (0)    2 :  0.053 0.082 0.865 
578 OmyJC18ROGR    (1)    2 :  0.168 0.718 0.114 
579 OmyJC18ROGR    (0)    2 :  0.129 0.081 0.790 
580 OmyJC18ROGR    (0)    2 :  0.527 0.418 0.055 
581 OmyJC18ROGR    (3)    2 :  0.215 0.633 0.152 
582 OmyJC18ROGR    (6)    2 :  0.414 0.498 0.088 
583 OmyJC18ROGR    (3)    2 :  0.598 0.314 0.089 
584 OmyJC18ROGR    (3)    2 :  0.423 0.410 0.166 
585 OmyJC18ROGR    (1)    2 :  0.347 0.431 0.222 
586 OmyJC18ROGR    (1)    2 :  0.229 0.717 0.054 
587 OmyJC18ROGR    (0)    2 :  0.039 0.050 0.912 
588 OmyJC18ROGR    (0)    2 :  0.514 0.139 0.347 
589 OmyJC18ROGR    (1)    2 :  0.462 0.341 0.196 
590 OmyJC18ROGR    (2)    2 :  0.090 0.881 0.028 
591 OmyJC18ROGR    (0)    2 :  0.285 0.562 0.154 
592 OmyJC18ROGR    (3)    2 :  0.197 0.625 0.178 
593 OmyJC18ROGR    (0)    2 :  0.526 0.229 0.245 
594 OmyJC18ROGR    (1)    2 :  0.275 0.614 0.112 
595 OmyJC18ROGR    (0)    2 :  0.636 0.183 0.181 
596 OmyJC18ROGR    (1)    2 :  0.305 0.452 0.243 
597 OmyJC18ROGR    (0)    2 :  0.406 0.416 0.179 
598 OmyJC18ROGR    (1)    2 :  0.199 0.620 0.181 
599 OmyJC18ROGR    (0)    2 :  0.192 0.643 0.165 
600 OmyJC18ROGR    (0)    2 :  0.678 0.208 0.114 
601 OmyJC18ROGR    (0)    2 :  0.479 0.423 0.098 
602 OmyJC18ROGR    (0)    2 :  0.164 0.603 0.233 
603 OmyJC18ROGR    (0)    2 :  0.606 0.303 0.091 
604 OmyJC18ROGR    (0)    2 :  0.404 0.461 0.135 
605 OmyJC18ROGR    (0)    2 :  0.800 0.119 0.081 
606 OmyJC18ROGR    (0)    2 :  0.582 0.247 0.170 
607 OmyJC18ROGR    (0)    2 :  0.198 0.642 0.159 
608 OmyJC18ROGR    (0)    2 :  0.102 0.825 0.072 
609 OmyJC18ROGR    (0)    2 :  0.698 0.170 0.132 
610 OmyJC18ROGR    (4)    2 :  0.116 0.058 0.826 
611 OmyJC18ROGR    (0)    2 :  0.445 0.147 0.408 
612 OmyJC18ROGR    (2)    2 :  0.346 0.530 0.125 
613 OmyJC18ROGR    (0)    2 :  0.519 0.271 0.210 
614 OmyJC18ROGR    (0)    2 :  0.130 0.565 0.304 
615 OmyJC18ROGR    (0)    2 :  0.551 0.392 0.057 
616 OmyJC18ROGR    (0)    2 :  0.392 0.327 0.281 
617 OmyJC18ROGR    (0)    2 :  0.423 0.445 0.132 
618 OmyJC18ROGR    (0)    2 :  0.101 0.661 0.238 
619 OmyJC18ROGR    (0)    2 :  0.691 0.222 0.087 
620 OmyJC18ROGR    (0)    2 :  0.591 0.139 0.271 
621 OmyJC18ROGR    (1)    2 :  0.466 0.316 0.218 
622 OmyJC18ROGR    (2)    2 :  0.679 0.181 0.139 
623 OmyJC18ROGR    (1)    2 :  0.160 0.655 0.185 
624 OmyJC18ROGR    (2)    2 :  0.301 0.539 0.159 
625 OmyJC18ROGR    (0)    2 :  0.151 0.568 0.280 
626 OmyJC18ROGR    (6)    2 :  0.386 0.485 0.129 
627 OmyJC18ROGR    (0)    2 :  0.445 0.257 0.298 
628 OmyJC18ROGR    (0)    2 :  0.040 0.035 0.925 
629 OmyJC18ROGR    (1)    2 :  0.557 0.171 0.272 
630 OmyJC18ROGR    (1)    2 :  0.743 0.186 0.072 
631 OmyJC18ROGR    (3)    2 :  0.270 0.625 0.105 
632 OmyJC18ROGR    (0)    2 :  0.802 0.122 0.077 
633 OmyJC18ROGR    (4)    2 :  0.361 0.523 0.115 
634 OmyJC18ROGR    (2)    2 :  0.457 0.103 0.440 
635 OmyJC18ROGR    (0)    2 :  0.511 0.430 0.059 
636 OmyJC18ROGR    (0)    2 :  0.228 0.180 0.591 
637 OmyJC18ROGR    (0)    2 :  0.488 0.286 0.225 
638 OmyJC18ROGR    (0)    2 :  0.368 0.501 0.131 
639 OmyJC18ROGR    (1)    2 :  0.386 0.341 0.273 
640 OmyJC18ROGR    (1)    2 :  0.166 0.312 0.523 
641 OmyJC18ROGR    (0)    2 :  0.410 0.146 0.444 
642 OmyJC18ROGR    (3)    2 :  0.289 0.446 0.265 
643 OmyJC18ROGR    (1)    2 :  0.592 0.275 0.133 
644 OmyJC18ROGR    (7)    2 :  0.192 0.756 0.053 
645 OmyJC18ROGR    (4)    2 :  0.202 0.578 0.220 
646 OmyJC18ROGR    (0)    2 :  0.358 0.564 0.078 
647 OmyJC18ROGR    (1)    2 :  0.142 0.762 0.096 
648 OmyJC18ROGR    (1)    2 :  0.576 0.227 0.197 
649 OmyJC18ROGR    (0)    2 :  0.249 0.642 0.109 
650 OmyJC18ROGR    (1)    2 :  0.287 0.656 0.056 
651 OmyJC18ROGR    (5)    2 :  0.097 0.059 0.844 
652 OmyJC18ROGR    (1)    2 :  0.404 0.339 0.257 
653 OmyJC18ROGR    (3)    2 :  0.568 0.257 0.175 
654 OmyJC18ROGR    (1)    2 :  0.191 0.581 0.228 
655 OmyJC18ROGR    (2)    2 :  0.239 0.339 0.422 
656 OmyJC18ROGR    (0)    2 :  0.272 0.642 0.087 
657 OmyJC18ROGR    (0)    2 :  0.498 0.380 0.122 
658 OmyJC18ROGR    (0)    2 :  0.306 0.545 0.149 
659 OmyJC18ROGR    (5)    2 :  0.499 0.459 0.041 
660 OmyJC18ROGR    (3)    2 :  0.341 0.388 0.271 
661 OmyJC18ROGR    (2)    2 :  0.621 0.317 0.062 
662 OmyJC18ROGR    (1)    2 :  0.640 0.170 0.190 
663 OmyJC18ROGR    (2)    2 :  0.335 0.230 0.435 
664 OmyJC18ROGR    (0)    2 :  0.617 0.260 0.123 
665 OmyJC18ROGR    (0)    2 :  0.622 0.184 0.194 
666 OmyJC18ROGR    (0)    2 :  0.083 0.098 0.819 
667 OmyJC18ROGR    (0)    2 :  0.320 0.217 0.463 
668 OmyJC18ROGR    (2)    2 :  0.192 0.405 0.402 
669 OmyJC18ROGR    (4)    2 :  0.147 0.605 0.248 
670 OmyJC18ROGR    (6)    2 :  0.082 0.801 0.116 
671 OmyJC18ROGR    (3)    2 :  0.850 0.077 0.073 
672 OmyJC18ROGR    (0)    2 :  0.755 0.182 0.062 
673 OmyJC18ROGR    (4)    2 :  0.538 0.385 0.077 
674 OmyJC18ROGR    (0)    2 :  0.430 0.334 0.237 
675 OmyJC18ROGR    (0)    2 :  0.529 0.361 0.109 
676 OmyJC18ROGR    (1)    2 :  0.522 0.360 0.118 
677 OmyJC18ROGR    (3)    2 :  0.183 0.411 0.406 
678 OmyJC18ROGR    (6)    2 :  0.649 0.263 0.088 
679 OmyJC18ROGR    (1)    2 :  0.096 0.571 0.333 
680 OmyJC18ROGR    (1)    2 :  0.646 0.236 0.119 
681 OmyJC18ROGR    (1)    2 :  0.384 0.177 0.439 
682 OmyJC18ROGR    (1)    2 :  0.278 0.208 0.514 
683 OmyJC18ROGR    (0)    2 :  0.128 0.677 0.195 
684 OmyJC18ROGR    (0)    2 :  0.239 0.669 0.093 
685 OmyJC18ROGR    (0)    2 :  0.115 0.779 0.106 
686 OmyJC18ROGR    (0)    2 :  0.180 0.755 0.065 
687 OmyJC18ROGR    (3)    2 :  0.264 0.627 0.109 
688 OmyJC18ROGR    (1)    2 :  0.417 0.171 0.412 
689 OmyJC18ROGR    (1)    2 :  0.209 0.183 0.608 
690 OmyJC18ROGR    (5)    2 :  0.706 0.092 0.202 
691 OmyJC18ROGR    (5)    2 :  0.336 0.288 0.377 
692 OmyJC18ROGR    (0)    2 :  0.148 0.441 0.411 
693 OmyJC18ROGR    (2)    2 :  0.566 0.344 0.090 
694 OmyJC18ROGR    (0)    2 :  0.801 0.137 0.061 
695 OmyJC18ROGR    (0)    2 :  0.180 0.352 0.468 
696 OmyJC18ROGR    (0)    2 :  0.059 0.877 0.064 
697 OmyJC18ROGR    (2)    2 :  0.675 0.169 0.156 
698 OmyJC18ROGR    (0)    2 :  0.628 0.319 0.053 
699 OmyJC18ROGR    (1)    2 :  0.685 0.123 0.192 
700 OmyJC18ROGR    (0)    2 :  0.122 0.662 0.217 
701 OmyJC18ROGR    (0)    2 :  0.552 0.269 0.179 
702 OmyJC18ROGR    (1)    2 :  0.296 0.238 0.466 
703 OmyJC18ROGR    (1)    2 :  0.067 0.592 0.342 
704 OmyJC18ROGR    (0)    2 :  0.152 0.203 0.644 
705 OmyJC18ROGR    (0)    2 :  0.426 0.473 0.102 
706 OmyJC18ROGR    (0)    2 :  0.307 0.191 0.502 
707 OmyJC18ROGR    (1)    2 :  0.821 0.085 0.094 
708 OmyJC18ROGR    (1)    2 :  0.434 0.249 0.317 
709 OmyJC18ROGR    (0)    2 :  0.245 0.253 0.502 
710 OmyJC18ROGR    (0)    2 :  0.430 0.381 0.189 
711 OmyJC18ROGR    (0)    2 :  0.112 0.556 0.332 
712 OmyJC18ROGR    (1)    2 :  0.302 0.552 0.146 
713 OmyJC18ROGR    (0)    2 :  0.204 0.590 0.206 
714 OmyJC18ROGR    (0)    2 :  0.185 0.619 0.196 
715 OmyJC18ROGR    (0)    2 :  0.128 0.622 0.251 
716 OmyJC18ROGR    (0)    2 :  0.171 0.198 0.631 
717 OmyJC18ROGR    (1)    2 :  0.652 0.180 0.168 
718 OmyJC18ROGR    (1)    2 :  0.710 0.185 0.105 
719 OmyJC18ROGR    (7)    2 :  0.733 0.222 0.045 
720 OmyJC18ROGR    (2)    2 :  0.161 0.682 0.157 
721 OmyJC18ROGR    (1)    2 :  0.575 0.301 0.124 
722 OmyJC18ROGR    (0)    2 :  0.400 0.465 0.135 
723 OmyJC18ROGR    (1)    2 :  0.634 0.254 0.112 
724 OmyJC18ROGR    (0)    2 :  0.107 0.343 0.550 
725 OmyJC18ROGR    (0)    2 :  0.389 0.472 0.139 
726 OmyJC18ROGR    (0)    2 :  0.425 0.457 0.118 
727 OmyJC18ROGR    (1)    2 :  0.780 0.087 0.133 
728 OmyJC18ROGR    (0)    2 :  0.410 0.238 0.352 
729 OmyJC18ROGR    (1)    2 :  0.544 0.315 0.140 
730 OmyJC18ROGR    (0)    2 :  0.216 0.523 0.261 
731 OmyJC18ROGR    (2)    2 :  0.148 0.121 0.731 
732 OmyJC18ROGR    (1)    2 :  0.562 0.079 0.359 
733 OmyJC18ROGR    (0)    2 :  0.221 0.687 0.092 
734 OmyJC18ROGR    (0)    2 :  0.239 0.659 0.102 
735 OmyJC18ROGR    (0)    2 :  0.543 0.363 0.094 
736 OmyJC18ROGR    (0)    2 :  0.150 0.581 0.269 
737 OmyJC18ROGR    (0)    2 :  0.158 0.617 0.225 
738 OmyJC18ROGR    (0)    2 :  0.265 0.356 0.379 
739 OmyJC18ROGR    (0)    2 :  0.532 0.228 0.240 
740 OmyJC18ROGR    (0)    2 :  0.605 0.360 0.035 
741 OmyJC18ROGR    (0)    2 :  0.173 0.428 0.399 
742 OmyJC18ROGR    (0)    2 :  0.450 0.342 0.208 
743 OmyJC18ROGR    (0)    2 :  0.091 0.785 0.124 
744 OmyJC18ROGR    (0)    2 :  0.291 0.640 0.069 
745 OmyJC18ROGR    (0)    2 :  0.247 0.655 0.098 
746 OmyJC18ROGR    (0)    2 :  0.127 0.304 0.569 
747 OmyJC18ROGR    (0)    2 :  0.035 0.064 0.901 
748 OmyJC18ROGR    (2)    2 :  0.075 0.691 0.233 
749 OmyJC18ROGR    (5)    2 :  0.509 0.129 0.363 
750 OmyJC18ROGR    (1)    2 :  0.280 0.522 0.198 
751 OmyJC18ROGR    (0)    2 :  0.078 0.486 0.436 
752 OmyJC18ROGR    (3)    2 :  0.278 0.668 0.054 
753 OmyJC18ROGR    (0)    2 :  0.059 0.890 0.051 
754 OmyJC18ROGR    (0)    2 :  0.297 0.577 0.125 
755 OmyJC18ROGR    (0)    2 :  0.865 0.064 0.071 
756 OmyJC18ROGR    (0)    2 :  0.122 0.575 0.303 
757 OmyJC18ROGR    (0)    2 :  0.632 0.223 0.145 
758 OmyJC18ROGR    (1)    2 :  0.283 0.446 0.271 
759 OmyJC18ROGR    (0)    2 :  0.337 0.451 0.212 
