

----------------------------------------------------
STRUCTURE by Pritchard, Stephens and Donnelly (2000)
     and Falush, Stephens and Pritchard (2003)
       Code by Pritchard, Falush and Hubisz
             Version 2.3.4 (Jul 2012)
----------------------------------------------------



Command line arguments:   bin/structure -m "/Users/ddayan/FRA/premature_migration/Rogue_Half-Pounder/half-pounder/structure/halfpounder_2021/10k_20k_adm_corr/mainparams" -e "/Users/ddayan/FRA/premature_migration/Rogue_Half-Pounder/half-pounder/structure/halfpounder_2021/10k_20k_adm_corr/extraparams" 
Input File:    /Users/ddayan/FRA/premature_migration/Rogue_Half-Pounder/half-pounder/structure/halfpounder_2021/project_data

Run parameters:
   1000 individuals
   328 loci
   3 populations assumed
   10000 Burn-in period
   20000 Reps


--------------------------------------------
Proportion of membership of each pre-defined
 population in each of the 3 clusters

Given    Inferred Clusters       Number of
 Pop       1      2      3      Individuals

  1:     0.373  0.306  0.321      275
  2:     0.372  0.290  0.338      643
  3:     0.125  0.113  0.762       42
  4:     0.594  0.150  0.256       40
--------------------------------------------

Allele-freq. divergence among pops (Net nucleotide distance),
computed using point estimates of P.

      1       2       3      
 1      -    0.0087  0.0031  
 2   0.0087     -    0.0104  
 3   0.0031  0.0104     -    

Average distances (expected heterozygosity) between individuals in same cluster:
cluster  1  : 0.2948 
cluster  2  : 0.2637 
cluster  3  : 0.2902 

--------------------------------------------
Estimated Ln Prob of Data   = -285255.1
Mean value of ln likelihood = -284313.7
Variance of ln likelihood   = 1882.7
Mean value of alpha         = 0.5392

Mean value of Fst_1         = 0.0068
Mean value of Fst_2         = 0.0737
Mean value of Fst_3         = 0.0225


Inferred ancestry of individuals:
        Label (%Miss) Pop:  Inferred clusters
  1 OmyAC19ROGR    (0)    1 :  0.425 0.051 0.524 
  2 OmyAC19ROGR    (0)    1 :  0.187 0.207 0.606 
  3 OmyAC19ROGR    (0)    1 :  0.223 0.189 0.588 
  4 OmyAC19ROGR    (0)    1 :  0.543 0.072 0.384 
  5 OmyAC19ROGR    (1)    1 :  0.037 0.936 0.027 
  6 OmyAC19ROGR    (0)    1 :  0.400 0.376 0.224 
  7 OmyAC19ROGR    (0)    1 :  0.350 0.364 0.286 
  8 OmyAC19ROGR    (0)    1 :  0.416 0.061 0.523 
  9 OmyAC19ROGR    (0)    1 :  0.202 0.422 0.376 
 10 OmyAC19ROGR    (0)    1 :  0.159 0.559 0.282 
 11 OmyAC19ROGR    (0)    1 :  0.515 0.159 0.326 
 12 OmyAC19ROGR    (0)    1 :  0.614 0.235 0.151 
 13 OmyAC19ROGR    (0)    1 :  0.506 0.085 0.409 
 14 OmyAC19ROGR    (0)    1 :  0.351 0.564 0.085 
 15 OmyAC19ROGR    (0)    1 :  0.380 0.530 0.090 
 16 OmyAC19ROGR    (0)    1 :  0.425 0.218 0.357 
 17 OmyAC19ROGR    (0)    1 :  0.707 0.209 0.084 
 18 OmyAC19ROGR    (2)    1 :  0.242 0.082 0.676 
 19 OmyAC19ROGR    (1)    1 :  0.403 0.164 0.433 
 20 OmyAC19ROGR    (0)    1 :  0.498 0.370 0.132 
 21 OmyAC19ROGR    (1)    1 :  0.274 0.419 0.306 
 22 OmyAC19ROGR    (0)    1 :  0.187 0.186 0.626 
 23 OmyAC19ROGR    (0)    1 :  0.230 0.454 0.316 
 24 OmyAC19ROGR    (0)    1 :  0.119 0.049 0.832 
 25 OmyAC19ROGR    (0)    1 :  0.381 0.384 0.235 
 26 OmyAC19ROGR    (0)    1 :  0.218 0.258 0.524 
 27 OmyAC19ROGR    (1)    1 :  0.706 0.152 0.142 
 28 OmyAC19ROGR    (0)    1 :  0.084 0.083 0.833 
 29 OmyAC19ROGR    (0)    1 :  0.432 0.184 0.384 
 30 OmyAC19ROGR    (0)    1 :  0.102 0.771 0.127 
 31 OmyAC19ROGR    (0)    1 :  0.479 0.128 0.392 
 32 OmyAC19ROGR    (0)    1 :  0.257 0.290 0.452 
 33 OmyAC19ROGR    (1)    1 :  0.248 0.213 0.539 
 34 OmyAC19ROGR    (0)    1 :  0.228 0.613 0.159 
 35 OmyAC19ROGR    (0)    1 :  0.216 0.176 0.608 
 36 OmyAC19ROGR    (0)    1 :  0.390 0.342 0.268 
 37 OmyAC19ROGR    (0)    1 :  0.126 0.242 0.632 
 38 OmyAC19ROGR    (0)    1 :  0.106 0.537 0.357 
 39 OmyAC19ROGR    (0)    1 :  0.492 0.266 0.242 
 40 OmyAC19ROGR    (0)    1 :  0.431 0.441 0.128 
 41 OmyAC19ROGR    (1)    1 :  0.695 0.115 0.190 
 42 OmyAC19ROGR    (0)    1 :  0.099 0.845 0.056 
 43 OmyAC19ROGR    (0)    1 :  0.453 0.130 0.417 
 44 OmyAC19ROGR    (6)    1 :  0.471 0.126 0.403 
 45 OmyAC19ROGR    (1)    1 :  0.167 0.458 0.374 
 46 OmyAC19ROGR    (0)    1 :  0.179 0.180 0.641 
 47 OmyAC19ROGR    (0)    1 :  0.141 0.153 0.706 
 48 OmyAC19ROGR    (0)    1 :  0.523 0.127 0.350 
 49 OmyAC19ROGR    (0)    1 :  0.372 0.093 0.535 
 50 OmyAC19ROGR    (0)    1 :  0.810 0.073 0.117 
 51 OmyAC19ROGR    (2)    1 :  0.130 0.777 0.093 
 52 OmyAC19ROGR    (0)    1 :  0.066 0.856 0.078 
 53 OmyAC19ROGR    (1)    1 :  0.131 0.095 0.774 
 54 OmyAC19ROGR    (0)    1 :  0.196 0.184 0.620 
 55 OmyAC19ROGR    (3)    1 :  0.602 0.206 0.192 
 56 OmyAC19ROGR    (0)    1 :  0.136 0.200 0.664 
 57 OmyAC19ROGR    (0)    1 :  0.152 0.062 0.786 
 58 OmyAC19ROGR    (0)    1 :  0.144 0.739 0.117 
 59 OmyAC19ROGR    (0)    1 :  0.246 0.055 0.699 
 60 OmyAC19ROGR    (1)    1 :  0.440 0.301 0.259 
 61 OmyAC19ROGR    (0)    1 :  0.227 0.129 0.644 
 62 OmyAC19ROGR    (0)    1 :  0.513 0.111 0.376 
 63 OmyAC19ROGR    (0)    1 :  0.152 0.347 0.501 
 64 OmyAC19ROGR    (2)    1 :  0.574 0.186 0.240 
 65 OmyAC19ROGR    (0)    1 :  0.534 0.127 0.339 
 66 OmyAC19ROGR    (3)    1 :  0.417 0.464 0.119 
 67 OmyAC19ROGR    (0)    1 :  0.202 0.095 0.704 
 68 OmyAC19ROGR    (1)    1 :  0.228 0.167 0.605 
 69 OmyAC19ROGR    (2)    1 :  0.078 0.357 0.565 
 70 OmyAC19ROGR    (0)    1 :  0.397 0.090 0.513 
 71 OmyAC19ROGR    (0)    1 :  0.463 0.116 0.421 
 72 OmyAC19ROGR    (4)    1 :  0.644 0.083 0.272 
 73 OmyAC19ROGR    (0)    1 :  0.168 0.357 0.475 
 74 OmyAC19ROGR    (0)    1 :  0.812 0.087 0.101 
 75 OmyAC19ROGR    (0)    1 :  0.323 0.262 0.415 
 76 OmyAC19ROGR    (0)    1 :  0.107 0.131 0.762 
 77 OmyAC19ROGR    (1)    1 :  0.048 0.911 0.042 
 78 OmyAC19ROGR    (0)    1 :  0.596 0.124 0.279 
 79 OmyAC19ROGR    (2)    1 :  0.324 0.160 0.516 
 80 OmyAC19ROGR    (1)    1 :  0.141 0.730 0.129 
 81 OmyAC19ROGR    (2)    1 :  0.260 0.554 0.186 
 82 OmyAC19ROGR    (1)    1 :  0.152 0.054 0.794 
 83 OmyAC19ROGR    (0)    1 :  0.233 0.147 0.620 
 84 OmyAC19ROGR    (0)    1 :  0.395 0.353 0.252 
 85 OmyAC19ROGR    (5)    1 :  0.381 0.107 0.512 
 86 OmyAC19ROGR    (0)    1 :  0.664 0.253 0.083 
 87 OmyAC19ROGR    (1)    1 :  0.221 0.121 0.657 
 88 OmyJC19ROGR    (0)    2 :  0.078 0.860 0.062 
 89 OmyJC19ROGR    (0)    2 :  0.452 0.240 0.307 
 90 OmyJC19ROGR    (0)    2 :  0.052 0.907 0.041 
 91 OmyJC19ROGR    (1)    2 :  0.434 0.046 0.520 
 92 OmyJC19ROGR    (0)    2 :  0.136 0.135 0.730 
 93 OmyJC19ROGR    (0)    2 :  0.104 0.046 0.850 
 94 OmyJC19ROGR    (0)    2 :  0.543 0.321 0.136 
 95 OmyJC19ROGR    (0)    2 :  0.526 0.306 0.169 
 96 OmyJC19ROGR    (0)    2 :  0.629 0.189 0.181 
 97 OmyJC19ROGR    (0)    2 :  0.062 0.264 0.674 
 98 OmyJC19ROGR    (0)    2 :  0.534 0.112 0.354 
 99 OmyJC19ROGR    (0)    2 :  0.180 0.192 0.628 
100 OmyJC19ROGR    (1)    2 :  0.517 0.146 0.337 
101 OmyJC19ROGR    (0)    2 :  0.121 0.601 0.278 
102 OmyJC19ROGR    (0)    2 :  0.558 0.218 0.224 
103 OmyJC19ROGR    (0)    2 :  0.271 0.316 0.414 
104 OmyJC19ROGR    (0)    2 :  0.197 0.088 0.715 
105 OmyJC19ROGR    (0)    2 :  0.161 0.283 0.555 
106 OmyJC19ROGR    (0)    2 :  0.033 0.912 0.055 
107 OmyJC19ROGR    (1)    2 :  0.471 0.238 0.291 
108 OmyJC19ROGR    (0)    2 :  0.341 0.163 0.496 
109 OmyJC19ROGR    (0)    2 :  0.518 0.370 0.112 
110 OmyJC19ROGR    (0)    2 :  0.106 0.404 0.490 
111 OmyJC19ROGR    (1)    2 :  0.125 0.204 0.671 
112 OmyJC19ROGR    (2)    2 :  0.579 0.256 0.165 
113 OmyJC19ROGR    (0)    2 :  0.172 0.709 0.118 
114 OmyJC19ROGR    (3)    2 :  0.433 0.153 0.414 
115 OmyJC19ROGR    (1)    2 :  0.177 0.151 0.672 
116 OmyJC19ROGR    (0)    2 :  0.474 0.260 0.266 
117 OmyJC19ROGR    (0)    2 :  0.441 0.348 0.211 
118 OmyJC19ROGR    (0)    2 :  0.444 0.076 0.480 
119 OmyJC19ROGR    (2)    2 :  0.650 0.142 0.207 
120 OmyJC19ROGR    (0)    2 :  0.114 0.048 0.838 
121 OmyJC19ROGR    (0)    2 :  0.690 0.132 0.178 
122 OmyJC19ROGR    (0)    2 :  0.435 0.165 0.400 
123 OmyJC19ROGR    (0)    2 :  0.525 0.068 0.408 
124 OmyJC19ROGR    (0)    2 :  0.499 0.295 0.205 
125 OmyJC19ROGR    (0)    2 :  0.174 0.228 0.598 
126 OmyJC19ROGR    (1)    2 :  0.151 0.762 0.088 
127 OmyJC19ROGR    (0)    2 :  0.732 0.113 0.155 
128 OmyJC19ROGR    (1)    2 :  0.138 0.122 0.740 
129 OmyJC19ROGR    (0)    2 :  0.182 0.450 0.368 
130 OmyJC19ROGR    (2)    2 :  0.739 0.150 0.111 
131 OmyJC19ROGR    (0)    2 :  0.261 0.231 0.509 
132 OmyJC19ROGR    (1)    2 :  0.196 0.123 0.682 
133 OmyJC19ROGR    (0)    2 :  0.464 0.092 0.445 
134 OmyJC19ROGR    (0)    2 :  0.458 0.215 0.326 
135 OmyJC19ROGR    (1)    2 :  0.070 0.071 0.859 
136 OmyJC19ROGR    (3)    2 :  0.500 0.115 0.385 
137 OmyJC19ROGR    (0)    2 :  0.545 0.332 0.123 
138 OmyJC19ROGR    (0)    2 :  0.156 0.775 0.069 
139 OmyJC19ROGR    (2)    2 :  0.609 0.083 0.307 
140 OmyJC19ROGR    (2)    2 :  0.507 0.241 0.251 
141 OmyJC19ROGR    (0)    2 :  0.265 0.452 0.283 
142 OmyJC19ROGR    (0)    2 :  0.243 0.444 0.313 
143 OmyJC19ROGR    (0)    2 :  0.100 0.118 0.782 
144 OmyJC19ROGR    (0)    2 :  0.579 0.060 0.362 
145 OmyJC19ROGR    (0)    2 :  0.734 0.102 0.163 
146 OmyJC19ROGR    (1)    2 :  0.152 0.160 0.689 
147 OmyJC19ROGR    (0)    2 :  0.496 0.191 0.312 
148 OmyJC19ROGR    (0)    2 :  0.530 0.076 0.394 
149 OmyJC19ROGR    (1)    2 :  0.192 0.179 0.628 
150 OmyJC19ROGR    (1)    2 :  0.187 0.142 0.671 
151 OmyJC19ROGR    (0)    2 :  0.345 0.284 0.370 
152 OmyJC19ROGR    (0)    2 :  0.525 0.135 0.340 
153 OmyJC19ROGR    (0)    2 :  0.073 0.097 0.830 
154 OmyJC19ROGR    (1)    2 :  0.638 0.184 0.178 
155 OmyJC19ROGR    (0)    2 :  0.340 0.211 0.449 
156 OmyJC19ROGR    (1)    2 :  0.412 0.241 0.348 
157 OmyJC19ROGR    (0)    2 :  0.342 0.176 0.482 
158 OmyJC19ROGR    (0)    2 :  0.400 0.063 0.537 
159 OmyJC19ROGR    (0)    2 :  0.757 0.121 0.123 
160 OmyJC19ROGR    (0)    2 :  0.366 0.168 0.466 
161 OmyJC19ROGR    (0)    2 :  0.372 0.077 0.552 
162 OmyJC19ROGR    (0)    2 :  0.503 0.157 0.340 
163 OmyJC19ROGR    (0)    2 :  0.179 0.112 0.709 
164 OmyJC19ROGR    (0)    2 :  0.664 0.089 0.246 
165 OmyJC19ROGR    (0)    2 :  0.558 0.074 0.369 
166 OmyJC19ROGR    (0)    2 :  0.643 0.149 0.208 
167 OmyJC19ROGR    (1)    2 :  0.227 0.192 0.581 
168 OmyJC19ROGR    (0)    2 :  0.516 0.173 0.311 
169 OmyJC19ROGR    (0)    2 :  0.048 0.921 0.030 
170 OmyJC19ROGR    (0)    2 :  0.128 0.129 0.742 
171 OmyJC19ROGR    (0)    2 :  0.724 0.077 0.199 
172 OmyJC19ROGR    (0)    2 :  0.141 0.464 0.395 
173 OmyJC19ROGR    (0)    2 :  0.074 0.874 0.051 
174 OmyJC19ROGR    (0)    2 :  0.466 0.099 0.434 
175 OmyJC19ROGR    (0)    2 :  0.620 0.098 0.282 
176 OmyJC19ROGR    (0)    2 :  0.161 0.202 0.637 
177 OmyJC19ROGR    (0)    2 :  0.097 0.043 0.860 
178 OmyJC19ROGR    (0)    2 :  0.823 0.115 0.061 
179 OmyJC19ROGR    (0)    2 :  0.244 0.064 0.692 
180 OmyJC19ROGR    (0)    2 :  0.060 0.848 0.092 
181 OmyJC19ROGR    (0)    2 :  0.561 0.175 0.264 
182 OmyJC19ROGR    (0)    2 :  0.403 0.332 0.265 
183 OmyJC19ROGR    (0)    2 :  0.663 0.086 0.251 
184 OmyJC19ROGR    (0)    2 :  0.131 0.690 0.178 
185 OmyJC19ROGR    (1)    2 :  0.460 0.046 0.494 
186 OmyJC19ROGR    (0)    2 :  0.138 0.192 0.671 
187 OmyJC19ROGR    (0)    2 :  0.738 0.089 0.173 
188 OmyJC19ROGR    (0)    2 :  0.534 0.109 0.358 
189 OmyJC19ROGR    (0)    2 :  0.171 0.310 0.519 
190 OmyJC19ROGR    (0)    2 :  0.131 0.101 0.767 
191 OmyJC19ROGR    (0)    2 :  0.210 0.088 0.702 
192 OmyJC19ROGR    (0)    2 :  0.788 0.119 0.092 
193 OmyJC19ROGR    (1)    2 :  0.416 0.274 0.311 
194 OmyJC19ROGR    (0)    2 :  0.796 0.057 0.148 
195 OmyJC19ROGR    (0)    2 :  0.132 0.811 0.057 
196 OmyJC19ROGR    (0)    2 :  0.751 0.110 0.139 
197 OmyJC19ROGR    (0)    2 :  0.283 0.154 0.563 
198 OmyJC19ROGR    (0)    2 :  0.105 0.786 0.109 
199 OmyJC19ROGR    (0)    2 :  0.616 0.077 0.307 
200 OmyJC19ROGR    (0)    2 :  0.144 0.181 0.675 
201 OmyJC19ROGR    (0)    2 :  0.692 0.070 0.238 
202 OmyJC19ROGR    (0)    2 :  0.114 0.038 0.848 
203 OmyJC19ROGR    (0)    2 :  0.466 0.134 0.399 
204 OmyJC19ROGR    (0)    2 :  0.520 0.138 0.341 
205 OmyJC19ROGR    (0)    2 :  0.465 0.276 0.259 
206 OmyJC19ROGR    (0)    2 :  0.066 0.867 0.066 
207 OmyJC19ROGR    (0)    2 :  0.373 0.416 0.211 
208 OmyJC19ROGR    (0)    2 :  0.771 0.101 0.128 
209 OmyJC19ROGR    (0)    2 :  0.120 0.565 0.316 
210 OmyJC19ROGR    (0)    2 :  0.064 0.897 0.039 
211 OmyJC19ROGR    (0)    2 :  0.300 0.330 0.370 
212 OmyJC19ROGR    (1)    2 :  0.159 0.297 0.545 
213 OmyJC19ROGR    (1)    2 :  0.542 0.114 0.344 
214 OmyJC19ROGR    (0)    2 :  0.706 0.131 0.162 
215 OmyJC19ROGR    (0)    2 :  0.646 0.090 0.264 
216 OmyJC19ROGR    (0)    2 :  0.123 0.816 0.062 
217 OmyJC19ROGR    (0)    2 :  0.281 0.533 0.186 
218 OmyJC19ROGR    (0)    2 :  0.248 0.093 0.658 
219 OmyJC19ROGR    (0)    2 :  0.660 0.234 0.106 
220 OmyJC19ROGR    (0)    2 :  0.495 0.039 0.466 
221 OmyJC19ROGR    (0)    2 :  0.321 0.433 0.246 
222 OmyJC19ROGR    (0)    2 :  0.285 0.100 0.615 
223 OmyJC19ROGR    (0)    2 :  0.596 0.150 0.254 
224 OmyJC19ROGR    (0)    2 :  0.780 0.074 0.146 
225 OmyJC19ROGR    (0)    2 :  0.039 0.921 0.040 
226 OmyJC19ROGR    (0)    2 :  0.468 0.389 0.144 
227 OmyJC19ROGR    (1)    2 :  0.048 0.880 0.072 
228 OmyJC19ROGR    (0)    2 :  0.798 0.098 0.104 
229 OmyJC19ROGR    (1)    2 :  0.363 0.102 0.535 
230 OmyJC19ROGR    (0)    2 :  0.242 0.366 0.392 
231 OmyJC19ROGR    (0)    2 :  0.616 0.220 0.164 
232 OmyJC19ROGR    (1)    2 :  0.416 0.145 0.439 
233 OmyJC19ROGR    (0)    2 :  0.433 0.314 0.253 
234 OmyJC19ROGR    (0)    2 :  0.047 0.895 0.058 
235 OmyJC19ROGR    (0)    2 :  0.136 0.687 0.178 
236 OmyJC19ROGR    (1)    2 :  0.556 0.095 0.350 
237 OmyJC19ROGR    (0)    2 :  0.539 0.151 0.310 
238 OmyJC19ROGR    (0)    2 :  0.628 0.221 0.151 
239 OmyJC19ROGR    (0)    2 :  0.503 0.247 0.250 
240 OmyJC19ROGR    (0)    2 :  0.501 0.145 0.354 
241 OmyJC19ROGR    (0)    2 :  0.218 0.212 0.570 
242 OmyJC19ROGR    (0)    2 :  0.523 0.074 0.402 
243 OmyJC19ROGR    (0)    2 :  0.299 0.136 0.565 
244 OmyJC19ROGR    (0)    2 :  0.254 0.166 0.580 
245 OmyJC19ROGR    (0)    2 :  0.049 0.913 0.038 
246 OmyJC19ROGR    (0)    2 :  0.155 0.329 0.516 
247 OmyJC19ROGR    (0)    2 :  0.160 0.661 0.178 
248 OmyJC19ROGR    (0)    2 :  0.156 0.631 0.213 
249 OmyJC19ROGR    (0)    2 :  0.609 0.202 0.188 
250 OmyJC19ROGR    (0)    2 :  0.495 0.214 0.291 
251 OmyJC19ROGR    (0)    2 :  0.592 0.141 0.268 
252 OmyJC19ROGR    (0)    2 :  0.086 0.092 0.822 
253 OmyJC19ROGR    (0)    2 :  0.449 0.238 0.314 
254 OmyJC19ROGR    (0)    2 :  0.259 0.162 0.580 
255 OmyJC19ROGR    (0)    2 :  0.185 0.090 0.725 
256 OmyJC19ROGR    (0)    2 :  0.166 0.430 0.404 
257 OmyJC19ROGR    (0)    2 :  0.511 0.246 0.243 
258 OmyAC19ROGR    (0)    1 :  0.377 0.324 0.299 
259 OmyAC19ROGR    (1)    1 :  0.272 0.565 0.163 
260 OmyAC19ROGR    (0)    1 :  0.734 0.079 0.187 
261 OmyAC19ROGR    (0)    1 :  0.628 0.178 0.193 
262 OmyAC19ROGR    (0)    1 :  0.430 0.250 0.320 
263 OmyAC19ROGR    (0)    1 :  0.239 0.143 0.618 
264 OmyAC19ROGR    (0)    1 :  0.517 0.178 0.305 
265 OmyAC19ROGR    (0)    1 :  0.435 0.128 0.437 
266 OmyAC19ROGR    (0)    1 :  0.759 0.073 0.169 
267 OmyAC19ROGR    (0)    1 :  0.386 0.315 0.299 
268 OmyAC19ROGR    (1)    1 :  0.179 0.316 0.504 
269 OmyAC19ROGR    (1)    1 :  0.480 0.332 0.187 
270 OmyAC19ROGR    (0)    1 :  0.246 0.103 0.651 
271 OmyAC19ROGR    (0)    1 :  0.333 0.477 0.190 
272 OmyAC19ROGR    (0)    1 :  0.544 0.317 0.139 
273 OmyAC19ROGR    (0)    1 :  0.384 0.112 0.504 
274 OmyAC19ROGR    (0)    1 :  0.094 0.807 0.099 
275 OmyAC19ROGR    (0)    1 :  0.276 0.243 0.481 
276 OmyAC19ROGR    (0)    1 :  0.526 0.193 0.281 
277 OmyAC19ROGR    (0)    1 :  0.659 0.211 0.129 
278 OmyAC19ROGR    (0)    1 :  0.379 0.470 0.151 
279 OmyAC19ROGR    (0)    1 :  0.507 0.360 0.133 
280 OmyAC19ROGR    (0)    1 :  0.254 0.271 0.475 
281 OmyAC19ROGR    (0)    1 :  0.570 0.146 0.284 
282 OmyAC19ROGR    (0)    1 :  0.305 0.329 0.366 
283 OmyAC19ROGR    (0)    1 :  0.707 0.124 0.169 
284 OmyAC19ROGR    (0)    1 :  0.543 0.078 0.379 
285 OmyAC19ROGR    (0)    1 :  0.369 0.125 0.505 
286 OmyAC19ROGR    (0)    1 :  0.524 0.066 0.410 
287 OmyAC19ROGR    (0)    1 :  0.030 0.944 0.026 
288 OmyAC19ROGR    (0)    1 :  0.105 0.814 0.081 
289 OmyAC19ROGR    (0)    1 :  0.469 0.304 0.227 
290 OmyAC19ROGR    (1)    1 :  0.041 0.917 0.042 
291 OmyAC19ROGR    (0)    1 :  0.192 0.514 0.294 
292 OmyAC19ROGR    (1)    1 :  0.456 0.345 0.199 
293 OmyAC19ROGR    (0)    1 :  0.149 0.080 0.772 
294 OmyAC19ROGR    (0)    1 :  0.369 0.496 0.135 
295 OmyAC19ROGR    (0)    1 :  0.555 0.087 0.358 
296 OmyAC19ROGR    (0)    1 :  0.626 0.113 0.261 
297 OmyAC19ROGR    (0)    1 :  0.123 0.807 0.070 
298 OmyAC19ROGR    (0)    1 :  0.779 0.083 0.138 
299 OmyAC19ROGR    (0)    1 :  0.197 0.403 0.400 
300 OmyAC19ROGR    (0)    1 :  0.599 0.108 0.293 
301 OmyAC19ROGR    (0)    1 :  0.060 0.893 0.047 
302 OmyAC19ROGR    (0)    1 :  0.335 0.563 0.103 
303 OmyAC19ROGR    (0)    1 :  0.545 0.274 0.181 
304 OmyAC19ROGR    (0)    1 :  0.477 0.310 0.213 
305 OmyAC19ROGR    (0)    1 :  0.609 0.105 0.286 
306 OmyAC19ROGR    (0)    1 :  0.198 0.744 0.058 
307 OmyAC19ROGR    (1)    1 :  0.404 0.074 0.522 
308 OmyAC19ROGR    (0)    1 :  0.575 0.241 0.184 
309 OmyAC19ROGR    (1)    1 :  0.059 0.884 0.057 
310 OmyAC19ROGR    (0)    1 :  0.285 0.517 0.198 
311 OmyAC19ROGR    (0)    1 :  0.280 0.596 0.124 
312 OmyAC19ROGR    (0)    1 :  0.291 0.110 0.599 
313 OmyAC19ROGR    (0)    1 :  0.588 0.068 0.344 
314 OmyAC19ROGR    (0)    1 :  0.166 0.107 0.728 
315 OmyAC19ROGR    (0)    1 :  0.514 0.202 0.284 
316 OmyAC19ROGR    (0)    1 :  0.627 0.107 0.266 
317 OmyAC19ROGR    (0)    1 :  0.196 0.118 0.686 
318 OmyAC19ROGR    (0)    1 :  0.218 0.072 0.710 
319 OmyAC19ROGR    (1)    1 :  0.576 0.057 0.368 
320 OmyAC19ROGR    (0)    1 :  0.787 0.040 0.173 
321 OmyAC19ROGR    (0)    1 :  0.693 0.100 0.207 
322 OmyAC19ROGR    (0)    1 :  0.223 0.583 0.194 
323 OmyAC19ROGR    (0)    1 :  0.824 0.082 0.094 
324 OmyAC19ROGR    (0)    1 :  0.550 0.103 0.347 
325 OmyAC19ROGR    (0)    1 :  0.278 0.532 0.190 
326 OmyAC19ROGR    (0)    1 :  0.707 0.141 0.152 
327 OmyAC19ROGR    (0)    1 :  0.604 0.113 0.282 
328 OmyAC20ROGR    (1)    1 :  0.548 0.088 0.364 
329 OmyAC20ROGR    (0)    1 :  0.274 0.190 0.535 
330 OmyAC20ROGR    (0)    1 :  0.446 0.188 0.366 
331 OmyAC20ROGR    (0)    1 :  0.244 0.472 0.284 
332 OmyAC20ROGR    (0)    1 :  0.230 0.349 0.420 
333 OmyAC20ROGR    (0)    1 :  0.180 0.437 0.383 
334 OmyAC20ROGR    (0)    1 :  0.196 0.070 0.734 
335 OmyAC20ROGR    (0)    1 :  0.437 0.126 0.437 
336 OmyAC20ROGR    (0)    1 :  0.342 0.321 0.337 
337 OmyAC20ROGR    (0)    1 :  0.256 0.572 0.172 
338 OmyAC20ROGR    (0)    1 :  0.263 0.278 0.459 
339 OmyAC20ROGR    (0)    1 :  0.488 0.251 0.261 
340 OmyAC20ROGR    (0)    1 :  0.133 0.147 0.720 
341 OmyAC20ROGR    (0)    1 :  0.145 0.185 0.669 
342 OmyAC20ROGR    (0)    1 :  0.295 0.331 0.374 
343 OmyAC20ROGR    (0)    1 :  0.228 0.167 0.605 
344 OmyAC20ROGR    (0)    1 :  0.204 0.322 0.474 
345 OmyAC20ROGR    (1)    1 :  0.518 0.334 0.148 
346 OmyAC20ROGR    (0)    1 :  0.334 0.367 0.299 
347 OmyAC20ROGR    (0)    1 :  0.342 0.394 0.264 
348 OmyAC20ROGR    (0)    1 :  0.167 0.339 0.494 
349 OmyAC20ROGR    (0)    1 :  0.224 0.165 0.611 
350 OmyAC20ROGR    (0)    1 :  0.540 0.212 0.248 
351 OmyAC20ROGR    (0)    1 :  0.275 0.278 0.447 
352 OmyAC20ROGR    (0)    1 :  0.645 0.139 0.215 
353 OmyAC20ROGR    (0)    1 :  0.488 0.101 0.411 
354 OmyAC20ROGR    (0)    1 :  0.123 0.429 0.448 
355 OmyAC20ROGR    (0)    1 :  0.244 0.174 0.582 
356 OmyAC20ROGR    (0)    1 :  0.593 0.117 0.290 
357 OmyAC20ROGR    (0)    1 :  0.617 0.227 0.156 
358 OmyAC20ROGR    (0)    1 :  0.684 0.121 0.195 
359 OmyAC20ROGR    (0)    1 :  0.569 0.371 0.061 
360 OmyAC20ROGR    (0)    1 :  0.319 0.391 0.290 
361 OmyAC20ROGR    (0)    1 :  0.770 0.100 0.130 
362 OmyAC20ROGR    (0)    1 :  0.683 0.143 0.173 
363 OmyAC20ROGR    (0)    1 :  0.229 0.288 0.483 
364 OmyAC20ROGR    (1)    1 :  0.257 0.111 0.632 
365 OmyAC20ROGR    (0)    1 :  0.662 0.061 0.276 
366 OmyAC20ROGR    (0)    1 :  0.378 0.096 0.525 
367 OmyAC20ROGR    (0)    1 :  0.474 0.262 0.264 
368 OmyAC20ROGR    (1)    1 :  0.638 0.226 0.136 
369 OmyAC20ROGR    (0)    1 :  0.200 0.449 0.350 
370 OmyAC20ROGR    (0)    1 :  0.114 0.765 0.121 
371 OmyAC20ROGR    (0)    1 :  0.096 0.834 0.070 
372 OmyAC20ROGR    (2)    1 :  0.053 0.895 0.052 
373 OmyAC20ROGR    (0)    1 :  0.325 0.551 0.125 
374 OmyAC20ROGR    (0)    1 :  0.491 0.082 0.428 
375 OmyAC20ROGR    (0)    1 :  0.555 0.197 0.248 
376 OmyAC20ROGR    (0)    1 :  0.194 0.613 0.193 
377 OmyAC20ROGR    (0)    1 :  0.278 0.063 0.660 
378 OmyAC20ROGR    (0)    1 :  0.371 0.075 0.554 
379 OmyAC20ROGR    (0)    1 :  0.176 0.560 0.264 
380 OmyAC20ROGR    (1)    1 :  0.670 0.066 0.264 
381 OmyAC20ROGR    (0)    1 :  0.614 0.257 0.129 
382 OmyAC20ROGR    (0)    1 :  0.073 0.882 0.045 
383 OmyAC20ROGR    (0)    1 :  0.530 0.364 0.107 
384 OmyAC20ROGR    (0)    1 :  0.209 0.482 0.308 
385 OmyAC20ROGR    (0)    1 :  0.508 0.400 0.092 
386 OmyAC20ROGR    (0)    1 :  0.363 0.292 0.345 
387 OmyAC20ROGR    (0)    1 :  0.424 0.467 0.109 
388 OmyAC20ROGR    (0)    1 :  0.173 0.428 0.399 
389 OmyAC20ROGR    (0)    1 :  0.743 0.100 0.157 
390 OmyAC20ROGR    (0)    1 :  0.658 0.072 0.271 
391 OmyAC20ROGR    (0)    1 :  0.215 0.510 0.275 
392 OmyAC20ROGR    (0)    1 :  0.244 0.433 0.323 
393 OmyAC20ROGR    (0)    1 :  0.350 0.189 0.461 
394 OmyAC20ROGR    (1)    1 :  0.593 0.220 0.187 
395 OmyAC20ROGR    (0)    1 :  0.387 0.181 0.432 
396 OmyAC20ROGR    (0)    1 :  0.659 0.129 0.212 
397 OmyAC20ROGR    (0)    1 :  0.418 0.439 0.144 
398 OmyAC20ROGR    (0)    1 :  0.108 0.724 0.168 
399 OmyAC20ROGR    (0)    1 :  0.396 0.362 0.243 
400 OmyAC20ROGR    (0)    1 :  0.442 0.283 0.276 
401 OmyAC20ROGR    (1)    1 :  0.051 0.871 0.078 
402 OmyAC20ROGR    (0)    1 :  0.230 0.079 0.691 
403 OmyAC20ROGR    (0)    1 :  0.241 0.291 0.468 
404 OmyAC20ROGR    (0)    1 :  0.268 0.076 0.657 
405 OmyAC20ROGR    (0)    1 :  0.403 0.457 0.140 
406 OmyAC20ROGR    (0)    1 :  0.282 0.223 0.495 
407 OmyAC20ROGR    (0)    1 :  0.752 0.151 0.097 
408 OmyAC20ROGR    (0)    1 :  0.341 0.206 0.454 
409 OmyAC20ROGR    (0)    1 :  0.764 0.135 0.101 
410 OmyAC20ROGR    (0)    1 :  0.070 0.892 0.037 
411 OmyAC20ROGR    (0)    1 :  0.194 0.662 0.145 
412 OmyAC20ROGR    (0)    1 :  0.250 0.250 0.500 
413 OmyAC20ROGR    (0)    1 :  0.784 0.123 0.093 
414 OmyAC20ROGR    (0)    1 :  0.156 0.487 0.357 
415 OmyAC20ROGR    (0)    1 :  0.492 0.086 0.421 
416 OmyAC20ROGR    (0)    1 :  0.383 0.198 0.419 
417 OmyAC20ROGR    (0)    1 :  0.616 0.096 0.288 
418 OmyAC20ROGR    (0)    1 :  0.429 0.340 0.231 
419 OmyAC20ROGR    (0)    1 :  0.369 0.521 0.110 
420 OmyAC20ROGR    (0)    1 :  0.426 0.094 0.479 
421 OmyAC20ROGR    (0)    1 :  0.281 0.251 0.468 
422 OmyAC20ROGR    (0)    1 :  0.049 0.902 0.049 
423 OmyAC20ROGR    (0)    1 :  0.831 0.090 0.079 
424 OmyAC20ROGR    (0)    1 :  0.733 0.082 0.185 
425 OmyAC20ROGR    (0)    1 :  0.045 0.844 0.111 
426 OmyAC20ROGR    (0)    1 :  0.540 0.221 0.240 
427 OmyAC20ROGR    (0)    1 :  0.394 0.382 0.224 
428 OmyAC20ROGR    (0)    1 :  0.042 0.915 0.042 
429 OmyAC20ROGR    (0)    1 :  0.707 0.079 0.214 
430 OmyAC20ROGR    (0)    1 :  0.666 0.239 0.096 
431 OmyAC20ROGR    (0)    1 :  0.171 0.613 0.215 
432 OmyAC20ROGR    (0)    1 :  0.071 0.864 0.065 
433 OmyAC20ROGR    (0)    1 :  0.050 0.889 0.061 
434 OmyAC20ROGR    (0)    1 :  0.526 0.384 0.090 
435 OmyAC20ROGR    (0)    1 :  0.328 0.072 0.600 
436 OmyAC20ROGR    (0)    1 :  0.801 0.110 0.089 
437 OmyAC20ROGR    (0)    1 :  0.191 0.710 0.099 
438 OmyAC20ROGR    (0)    1 :  0.273 0.552 0.174 
439 OmyAC20ROGR    (0)    1 :  0.644 0.191 0.165 
440 OmyAC20ROGR    (0)    1 :  0.108 0.796 0.096 
441 OmyAC20ROGR    (0)    1 :  0.663 0.071 0.266 
442 OmyAC20ROGR    (0)    1 :  0.572 0.183 0.244 
443 OmyAC20ROGR    (0)    1 :  0.258 0.063 0.679 
444 OmyAC20ROGR    (0)    1 :  0.640 0.248 0.112 
445 OmyAC20ROGR    (0)    1 :  0.600 0.243 0.157 
446 OmyJC18ROGR    (0)    2 :  0.275 0.129 0.596 
447 OmyJC18ROGR    (0)    2 :  0.597 0.164 0.239 
448 OmyJC18ROGR    (0)    2 :  0.720 0.164 0.117 
449 OmyJC18ROGR    (0)    2 :  0.146 0.721 0.133 
450 OmyJC18ROGR    (0)    2 :  0.117 0.740 0.143 
451 OmyJC18ROGR    (0)    2 :  0.072 0.858 0.070 
452 OmyJC18ROGR    (0)    2 :  0.232 0.402 0.367 
453 OmyJC18ROGR    (0)    2 :  0.194 0.080 0.726 
454 OmyJC18ROGR    (0)    2 :  0.060 0.880 0.059 
455 OmyJC18ROGR    (0)    2 :  0.730 0.103 0.167 
456 OmyJC18ROGR    (0)    2 :  0.073 0.885 0.042 
457 OmyJC18ROGR    (0)    2 :  0.630 0.162 0.208 
458 OmyJC18ROGR    (0)    2 :  0.215 0.276 0.508 
459 OmyJC18ROGR    (0)    2 :  0.343 0.065 0.593 
460 OmyJC18ROGR    (2)    2 :  0.246 0.553 0.202 
461 OmyJC18ROGR    (1)    2 :  0.183 0.424 0.393 
462 OmyJC18ROGR    (3)    2 :  0.206 0.544 0.250 
463 OmyJC18ROGR    (1)    2 :  0.113 0.763 0.124 
464 OmyJC18ROGR    (3)    2 :  0.829 0.074 0.098 
465 OmyJC18ROGR    (3)    2 :  0.694 0.157 0.150 
466 OmyJC18ROGR    (0)    2 :  0.385 0.367 0.247 
467 OmyJC18ROGR    (1)    2 :  0.640 0.127 0.233 
468 OmyJC18ROGR    (0)    2 :  0.722 0.155 0.123 
469 OmyJC18ROGR    (0)    2 :  0.114 0.791 0.094 
470 OmyJC18ROGR    (3)    2 :  0.209 0.638 0.153 
471 OmyJC18ROGR    (1)    2 :  0.240 0.442 0.318 
472 OmyJC18ROGR    (1)    2 :  0.502 0.245 0.253 
473 OmyJC18ROGR    (2)    2 :  0.586 0.103 0.311 
474 OmyJC18ROGR    (0)    2 :  0.285 0.096 0.619 
475 OmyJC18ROGR    (1)    2 :  0.070 0.709 0.221 
476 OmyJC18ROGR    (2)    2 :  0.323 0.066 0.611 
477 OmyJC18ROGR    (3)    2 :  0.460 0.259 0.280 
478 OmyJC18ROGR    (0)    2 :  0.213 0.141 0.646 
479 OmyJC18ROGR    (0)    2 :  0.793 0.066 0.141 
480 OmyJC18ROGR    (0)    2 :  0.470 0.317 0.213 
481 OmyJC18ROGR    (2)    2 :  0.245 0.384 0.371 
482 OmyJC18ROGR    (3)    2 :  0.704 0.064 0.232 
483 OmyJC18ROGR    (3)    2 :  0.785 0.121 0.094 
484 OmyJC18ROGR    (3)    2 :  0.464 0.143 0.393 
485 OmyJC18ROGR    (2)    2 :  0.179 0.702 0.118 
486 OmyJC18ROGR    (2)    2 :  0.315 0.547 0.138 
487 OmyJC18ROGR    (1)    2 :  0.183 0.246 0.571 
488 OmyJC18ROGR    (3)    2 :  0.419 0.188 0.393 
489 OmyJC18ROGR    (0)    2 :  0.388 0.103 0.509 
490 OmyJC18ROGR    (2)    2 :  0.493 0.227 0.280 
491 OmyJC18ROGR    (4)    2 :  0.151 0.249 0.600 
492 OmyJC18ROGR    (4)    2 :  0.140 0.063 0.797 
493 OmyJC18ROGR    (3)    2 :  0.563 0.289 0.148 
494 OmyJC18ROGR    (3)    2 :  0.063 0.890 0.047 
495 OmyJC18ROGR    (3)    2 :  0.148 0.275 0.576 
496 OmyJC18ROGR    (0)    2 :  0.296 0.195 0.509 
497 OmyJC18ROGR    (5)    2 :  0.383 0.243 0.374 
498 OmyJC18ROGR    (3)    2 :  0.216 0.381 0.403 
499 OmyJC18ROGR    (1)    2 :  0.428 0.148 0.424 
500 OmyJC18ROGR    (1)    2 :  0.565 0.079 0.357 
501 OmyJC18ROGR    (3)    2 :  0.222 0.580 0.198 
502 OmyJC18ROGR    (1)    2 :  0.544 0.357 0.098 
503 OmyJC18ROGR    (4)    2 :  0.785 0.139 0.076 
504 OmyJC18ROGR    (1)    2 :  0.462 0.445 0.094 
505 OmyJC18ROGR    (0)    2 :  0.215 0.385 0.399 
506 OmyJC18ROGR    (6)    2 :  0.231 0.167 0.603 
507 OmyJC18ROGR    (0)    2 :  0.465 0.313 0.222 
508 OmyJC18ROGR    (0)    2 :  0.623 0.202 0.175 
509 OmyJC18ROGR    (2)    2 :  0.055 0.872 0.073 
510 OmyJC18ROGR    (1)    2 :  0.589 0.093 0.318 
511 OmyJC18ROGR    (3)    2 :  0.104 0.256 0.640 
512 OmyJC18ROGR    (2)    2 :  0.140 0.799 0.062 
513 OmyJC18ROGR    (7)    2 :  0.127 0.319 0.554 
514 OmyJC18ROGR    (3)    2 :  0.144 0.618 0.238 
515 OmyJC18ROGR    (0)    2 :  0.512 0.194 0.294 
516 OmyJC18ROGR    (2)    2 :  0.374 0.347 0.279 
517 OmyJC18ROGR    (2)    2 :  0.214 0.391 0.395 
518 OmyJC18ROGR    (0)    2 :  0.614 0.137 0.249 
519 OmyJC18ROGR    (7)    2 :  0.102 0.150 0.747 
520 OmyJC18ROGR    (4)    2 :  0.128 0.355 0.517 
521 OmyJC18ROGR    (1)    2 :  0.211 0.315 0.473 
522 OmyJC18ROGR    (1)    2 :  0.581 0.281 0.138 
523 OmyJC18ROGR    (3)    2 :  0.620 0.139 0.240 
524 OmyJC18ROGR    (1)    2 :  0.767 0.110 0.124 
525 OmyJC18ROGR    (2)    2 :  0.244 0.311 0.445 
526 OmyJC18ROGR    (1)    2 :  0.322 0.210 0.468 
527 OmyJC18ROGR    (0)    2 :  0.319 0.107 0.574 
528 OmyJC18ROGR    (0)    2 :  0.645 0.119 0.236 
529 OmyJC18ROGR    (1)    2 :  0.524 0.103 0.373 
530 OmyJC18ROGR    (0)    2 :  0.804 0.082 0.114 
531 OmyJC18ROGR    (0)    2 :  0.802 0.108 0.091 
532 OmyJC18ROGR    (1)    2 :  0.742 0.075 0.183 
533 OmyJC18ROGR    (2)    2 :  0.367 0.068 0.564 
534 OmyJC18ROGR    (2)    2 :  0.596 0.183 0.221 
535 OmyJC18ROGR    (0)    2 :  0.316 0.157 0.527 
536 OmyJC18ROGR    (0)    2 :  0.128 0.084 0.788 
537 OmyJC18ROGR    (0)    2 :  0.288 0.085 0.627 
538 OmyJC18ROGR    (0)    2 :  0.752 0.127 0.121 
539 OmyJC18ROGR    (1)    2 :  0.667 0.153 0.180 
540 OmyJC18ROGR    (6)    2 :  0.319 0.161 0.520 
541 OmyJC18ROGR    (1)    2 :  0.461 0.150 0.389 
542 OmyJC18ROGR    (1)    2 :  0.360 0.321 0.319 
543 OmyJC18ROGR    (0)    2 :  0.340 0.416 0.244 
544 OmyJC18ROGR    (2)    2 :  0.455 0.125 0.421 
545 OmyJC18ROGR    (1)    2 :  0.266 0.670 0.064 
546 OmyJC18ROGR    (6)    2 :  0.791 0.050 0.159 
547 OmyJC18ROGR    (0)    2 :  0.638 0.272 0.089 
548 OmyJC18ROGR    (1)    2 :  0.248 0.306 0.446 
549 OmyJC18ROGR    (0)    2 :  0.680 0.138 0.182 
550 OmyJC18ROGR    (1)    2 :  0.084 0.805 0.111 
551 OmyJC18ROGR    (1)    2 :  0.145 0.142 0.714 
552 OmyJC18ROGR    (2)    2 :  0.468 0.265 0.267 
553 OmyJC18ROGR    (7)    2 :  0.534 0.181 0.284 
554 OmyJC18ROGR    (2)    2 :  0.578 0.101 0.321 
555 OmyJC18ROGR    (3)    2 :  0.374 0.106 0.519 
556 OmyJC18ROGR    (0)    2 :  0.071 0.150 0.779 
557 OmyJC18ROGR    (1)    2 :  0.207 0.632 0.161 
558 OmyJC18ROGR    (0)    2 :  0.087 0.265 0.647 
559 OmyJC18ROGR    (0)    2 :  0.763 0.080 0.158 
560 OmyJC18ROGR    (5)    2 :  0.296 0.247 0.458 
561 OmyJC18ROGR    (0)    2 :  0.827 0.070 0.103 
562 OmyJC18ROGR    (6)    2 :  0.271 0.113 0.617 
563 OmyJC18ROGR    (2)    2 :  0.363 0.177 0.460 
564 OmyJC18ROGR    (3)    2 :  0.123 0.377 0.500 
565 OmyJC18ROGR    (3)    2 :  0.447 0.238 0.315 
566 OmyJC18ROGR    (1)    2 :  0.582 0.198 0.220 
567 OmyJC18ROGR    (0)    2 :  0.727 0.088 0.185 
568 OmyJC18ROGR    (3)    2 :  0.213 0.269 0.518 
569 OmyJC18ROGR    (2)    2 :  0.574 0.146 0.280 
570 OmyJC18ROGR    (0)    2 :  0.715 0.178 0.107 
571 OmyJC18ROGR    (1)    2 :  0.847 0.060 0.093 
572 OmyJC18ROGR    (4)    2 :  0.259 0.129 0.612 
573 OmyJC18ROGR    (3)    2 :  0.185 0.560 0.255 
574 OmyJC18ROGR    (5)    2 :  0.362 0.339 0.300 
575 OmyJC18ROGR    (3)    2 :  0.231 0.084 0.685 
576 OmyJC18ROGR    (0)    2 :  0.444 0.174 0.382 
577 OmyJC18ROGR    (0)    2 :  0.075 0.871 0.053 
578 OmyJC18ROGR    (1)    2 :  0.748 0.106 0.146 
579 OmyJC18ROGR    (0)    2 :  0.085 0.788 0.127 
580 OmyJC18ROGR    (0)    2 :  0.437 0.049 0.514 
581 OmyJC18ROGR    (3)    2 :  0.636 0.151 0.213 
582 OmyJC18ROGR    (6)    2 :  0.481 0.086 0.433 
583 OmyJC18ROGR    (3)    2 :  0.308 0.091 0.601 
584 OmyJC18ROGR    (3)    2 :  0.412 0.169 0.419 
585 OmyJC18ROGR    (1)    2 :  0.423 0.238 0.339 
586 OmyJC18ROGR    (1)    2 :  0.737 0.047 0.216 
587 OmyJC18ROGR    (0)    2 :  0.047 0.913 0.040 
588 OmyJC18ROGR    (0)    2 :  0.158 0.346 0.496 
589 OmyJC18ROGR    (1)    2 :  0.304 0.193 0.503 
590 OmyJC18ROGR    (2)    2 :  0.877 0.031 0.092 
591 OmyJC18ROGR    (0)    2 :  0.534 0.158 0.308 
592 OmyJC18ROGR    (3)    2 :  0.642 0.173 0.185 
593 OmyJC18ROGR    (0)    2 :  0.218 0.259 0.523 
594 OmyJC18ROGR    (1)    2 :  0.583 0.116 0.300 
595 OmyJC18ROGR    (0)    2 :  0.161 0.187 0.652 
596 OmyJC18ROGR    (1)    2 :  0.479 0.247 0.274 
597 OmyJC18ROGR    (0)    2 :  0.390 0.181 0.429 
598 OmyJC18ROGR    (1)    2 :  0.615 0.185 0.200 
599 OmyJC18ROGR    (0)    2 :  0.642 0.154 0.204 
600 OmyJC18ROGR    (0)    2 :  0.210 0.111 0.679 
601 OmyJC18ROGR    (0)    2 :  0.430 0.104 0.466 
602 OmyJC18ROGR    (0)    2 :  0.581 0.227 0.192 
603 OmyJC18ROGR    (0)    2 :  0.303 0.092 0.605 
604 OmyJC18ROGR    (0)    2 :  0.437 0.132 0.431 
605 OmyJC18ROGR    (0)    2 :  0.118 0.075 0.807 
606 OmyJC18ROGR    (0)    2 :  0.253 0.186 0.560 
607 OmyJC18ROGR    (0)    2 :  0.656 0.155 0.189 
608 OmyJC18ROGR    (0)    2 :  0.818 0.067 0.115 
609 OmyJC18ROGR    (0)    2 :  0.173 0.132 0.694 
610 OmyJC18ROGR    (4)    2 :  0.052 0.821 0.127 
611 OmyJC18ROGR    (0)    2 :  0.177 0.412 0.411 
612 OmyJC18ROGR    (2)    2 :  0.566 0.126 0.308 
613 OmyJC18ROGR    (0)    2 :  0.288 0.203 0.509 
614 OmyJC18ROGR    (0)    2 :  0.577 0.295 0.128 
615 OmyJC18ROGR    (0)    2 :  0.418 0.051 0.532 
616 OmyJC18ROGR    (0)    2 :  0.303 0.274 0.423 
617 OmyJC18ROGR    (0)    2 :  0.459 0.115 0.426 
618 OmyJC18ROGR    (0)    2 :  0.672 0.228 0.100 
619 OmyJC18ROGR    (0)    2 :  0.248 0.086 0.665 
620 OmyJC18ROGR    (0)    2 :  0.131 0.286 0.583 
621 OmyJC18ROGR    (1)    2 :  0.344 0.212 0.444 
622 OmyJC18ROGR    (2)    2 :  0.159 0.154 0.687 
623 OmyJC18ROGR    (1)    2 :  0.692 0.167 0.141 
624 OmyJC18ROGR    (2)    2 :  0.571 0.161 0.268 
625 OmyJC18ROGR    (0)    2 :  0.604 0.255 0.141 
626 OmyJC18ROGR    (6)    2 :  0.494 0.123 0.383 
627 OmyJC18ROGR    (0)    2 :  0.267 0.298 0.435 
628 OmyJC18ROGR    (0)    2 :  0.028 0.936 0.035 
629 OmyJC18ROGR    (1)    2 :  0.166 0.269 0.566 
630 OmyJC18ROGR    (1)    2 :  0.192 0.078 0.730 
631 OmyJC18ROGR    (3)    2 :  0.613 0.107 0.280 
632 OmyJC18ROGR    (0)    2 :  0.111 0.077 0.812 
633 OmyJC18ROGR    (4)    2 :  0.495 0.127 0.378 
634 OmyJC18ROGR    (2)    2 :  0.111 0.451 0.438 
635 OmyJC18ROGR    (0)    2 :  0.428 0.062 0.510 
636 OmyJC18ROGR    (0)    2 :  0.190 0.598 0.212 
637 OmyJC18ROGR    (0)    2 :  0.279 0.234 0.487 
638 OmyJC18ROGR    (0)    2 :  0.509 0.133 0.358 
639 OmyJC18ROGR    (1)    2 :  0.346 0.272 0.382 
640 OmyJC18ROGR    (1)    2 :  0.303 0.531 0.166 
641 OmyJC18ROGR    (0)    2 :  0.133 0.447 0.420 
642 OmyJC18ROGR    (3)    2 :  0.461 0.273 0.266 
643 OmyJC18ROGR    (1)    2 :  0.286 0.135 0.579 
644 OmyJC18ROGR    (7)    2 :  0.769 0.058 0.174 
645 OmyJC18ROGR    (4)    2 :  0.578 0.232 0.190 
646 OmyJC18ROGR    (0)    2 :  0.540 0.069 0.391 
647 OmyJC18ROGR    (1)    2 :  0.778 0.093 0.128 
648 OmyJC18ROGR    (1)    2 :  0.214 0.191 0.594 
649 OmyJC18ROGR    (0)    2 :  0.623 0.116 0.261 
650 OmyJC18ROGR    (1)    2 :  0.650 0.054 0.296 
651 OmyJC18ROGR    (5)    2 :  0.059 0.856 0.085 
652 OmyJC18ROGR    (1)    2 :  0.350 0.265 0.384 
653 OmyJC18ROGR    (3)    2 :  0.276 0.179 0.545 
654 OmyJC18ROGR    (1)    2 :  0.586 0.235 0.178 
655 OmyJC18ROGR    (2)    2 :  0.345 0.425 0.230 
656 OmyJC18ROGR    (0)    2 :  0.645 0.082 0.273 
657 OmyJC18ROGR    (0)    2 :  0.387 0.122 0.491 
658 OmyJC18ROGR    (0)    2 :  0.555 0.139 0.305 
659 OmyJC18ROGR    (5)    2 :  0.447 0.042 0.512 
660 OmyJC18ROGR    (3)    2 :  0.412 0.264 0.324 
661 OmyJC18ROGR    (2)    2 :  0.327 0.064 0.609 
662 OmyJC18ROGR    (1)    2 :  0.171 0.189 0.640 
663 OmyJC18ROGR    (2)    2 :  0.237 0.421 0.342 
664 OmyJC18ROGR    (0)    2 :  0.266 0.118 0.616 
665 OmyJC18ROGR    (0)    2 :  0.202 0.196 0.602 
666 OmyJC18ROGR    (0)    2 :  0.096 0.821 0.082 
667 OmyJC18ROGR    (0)    2 :  0.203 0.476 0.321 
668 OmyJC18ROGR    (2)    2 :  0.434 0.378 0.188 
669 OmyJC18ROGR    (4)    2 :  0.604 0.255 0.141 
670 OmyJC18ROGR    (6)    2 :  0.807 0.108 0.086 
671 OmyJC18ROGR    (3)    2 :  0.078 0.077 0.844 
672 OmyJC18ROGR    (0)    2 :  0.192 0.065 0.743 
673 OmyJC18ROGR    (4)    2 :  0.354 0.077 0.569 
674 OmyJC18ROGR    (0)    2 :  0.301 0.237 0.462 
675 OmyJC18ROGR    (0)    2 :  0.372 0.110 0.518 
676 OmyJC18ROGR    (1)    2 :  0.361 0.131 0.508 
677 OmyJC18ROGR    (3)    2 :  0.414 0.406 0.180 
678 OmyJC18ROGR    (6)    2 :  0.278 0.091 0.632 
679 OmyJC18ROGR    (1)    2 :  0.587 0.313 0.100 
680 OmyJC18ROGR    (1)    2 :  0.229 0.125 0.646 
681 OmyJC18ROGR    (1)    2 :  0.185 0.438 0.377 
682 OmyJC18ROGR    (1)    2 :  0.216 0.527 0.257 
683 OmyJC18ROGR    (0)    2 :  0.697 0.166 0.136 
684 OmyJC18ROGR    (0)    2 :  0.701 0.088 0.210 
685 OmyJC18ROGR    (0)    2 :  0.795 0.104 0.101 
686 OmyJC18ROGR    (0)    2 :  0.753 0.068 0.179 
687 OmyJC18ROGR    (3)    2 :  0.617 0.099 0.285 
688 OmyJC18ROGR    (1)    2 :  0.177 0.420 0.403 
689 OmyJC18ROGR    (1)    2 :  0.183 0.618 0.199 
690 OmyJC18ROGR    (5)    2 :  0.107 0.214 0.679 
691 OmyJC18ROGR    (5)    2 :  0.273 0.366 0.360 
692 OmyJC18ROGR    (0)    2 :  0.441 0.406 0.153 
693 OmyJC18ROGR    (2)    2 :  0.325 0.085 0.590 
694 OmyJC18ROGR    (0)    2 :  0.152 0.052 0.796 
695 OmyJC18ROGR    (0)    2 :  0.364 0.465 0.172 
696 OmyJC18ROGR    (0)    2 :  0.879 0.060 0.062 
697 OmyJC18ROGR    (2)    2 :  0.166 0.179 0.655 
698 OmyJC18ROGR    (0)    2 :  0.306 0.054 0.640 
699 OmyJC18ROGR    (1)    2 :  0.120 0.193 0.687 
700 OmyJC18ROGR    (0)    2 :  0.653 0.225 0.122 
701 OmyJC18ROGR    (0)    2 :  0.264 0.179 0.557 
702 OmyJC18ROGR    (1)    2 :  0.234 0.468 0.298 
703 OmyJC18ROGR    (1)    2 :  0.580 0.338 0.082 
704 OmyJC18ROGR    (0)    2 :  0.200 0.638 0.162 
705 OmyJC18ROGR    (0)    2 :  0.455 0.094 0.451 
706 OmyJC18ROGR    (0)    2 :  0.181 0.516 0.303 
707 OmyJC18ROGR    (1)    2 :  0.090 0.087 0.823 
708 OmyJC18ROGR    (1)    2 :  0.267 0.291 0.442 
709 OmyJC18ROGR    (0)    2 :  0.255 0.492 0.253 
710 OmyJC18ROGR    (0)    2 :  0.372 0.196 0.431 
711 OmyJC18ROGR    (0)    2 :  0.551 0.345 0.104 
712 OmyJC18ROGR    (1)    2 :  0.591 0.129 0.280 
713 OmyJC18ROGR    (0)    2 :  0.551 0.214 0.235 
714 OmyJC18ROGR    (0)    2 :  0.613 0.192 0.195 
715 OmyJC18ROGR    (0)    2 :  0.638 0.236 0.126 
716 OmyJC18ROGR    (0)    2 :  0.207 0.625 0.168 
717 OmyJC18ROGR    (1)    2 :  0.170 0.165 0.665 
718 OmyJC18ROGR    (1)    2 :  0.191 0.105 0.705 
719 OmyJC18ROGR    (7)    2 :  0.177 0.044 0.779 
720 OmyJC18ROGR    (2)    2 :  0.660 0.173 0.168 
721 OmyJC18ROGR    (1)    2 :  0.305 0.131 0.564 
722 OmyJC18ROGR    (0)    2 :  0.469 0.134 0.398 
723 OmyJC18ROGR    (1)    2 :  0.268 0.112 0.620 
724 OmyJC18ROGR    (0)    2 :  0.330 0.564 0.106 
725 OmyJC18ROGR    (0)    2 :  0.480 0.133 0.387 
726 OmyJC18ROGR    (0)    2 :  0.478 0.118 0.404 
727 OmyJC18ROGR    (1)    2 :  0.087 0.148 0.765 
728 OmyJC18ROGR    (0)    2 :  0.227 0.357 0.416 
729 OmyJC18ROGR    (1)    2 :  0.312 0.142 0.545 
730 OmyJC18ROGR    (0)    2 :  0.521 0.267 0.211 
731 OmyJC18ROGR    (2)    2 :  0.119 0.734 0.147 
732 OmyJC18ROGR    (1)    2 :  0.081 0.382 0.536 
733 OmyJC18ROGR    (0)    2 :  0.611 0.106 0.283 
734 OmyJC18ROGR    (0)    2 :  0.660 0.107 0.233 
735 OmyJC18ROGR    (0)    2 :  0.397 0.081 0.521 
736 OmyJC18ROGR    (0)    2 :  0.566 0.295 0.140 
737 OmyJC18ROGR    (0)    2 :  0.612 0.232 0.156 
738 OmyJC18ROGR    (0)    2 :  0.333 0.408 0.259 
739 OmyJC18ROGR    (0)    2 :  0.248 0.234 0.518 
740 OmyJC18ROGR    (0)    2 :  0.338 0.038 0.624 
741 OmyJC18ROGR    (0)    2 :  0.437 0.395 0.168 
742 OmyJC18ROGR    (0)    2 :  0.345 0.199 0.456 
743 OmyJC18ROGR    (0)    2 :  0.792 0.126 0.082 
744 OmyJC18ROGR    (0)    2 :  0.670 0.070 0.261 
745 OmyJC18ROGR    (0)    2 :  0.672 0.099 0.229 
746 OmyJC18ROGR    (0)    2 :  0.289 0.586 0.125 
747 OmyJC18ROGR    (0)    2 :  0.067 0.898 0.035 
748 OmyJC18ROGR    (2)    2 :  0.679 0.232 0.089 
749 OmyJC18ROGR    (5)    2 :  0.134 0.370 0.496 
750 OmyJC18ROGR    (1)    2 :  0.484 0.206 0.310 
751 OmyJC18ROGR    (0)    2 :  0.499 0.427 0.074 
752 OmyJC18ROGR    (3)    2 :  0.619 0.060 0.321 
753 OmyJC18ROGR    (0)    2 :  0.883 0.056 0.061 
754 OmyJC18ROGR    (0)    2 :  0.584 0.121 0.295 
755 OmyJC18ROGR    (0)    2 :  0.067 0.071 0.862 
756 OmyJC18ROGR    (0)    2 :  0.552 0.332 0.116 
757 OmyJC18ROGR    (0)    2 :  0.228 0.145 0.627 
758 OmyJC18ROGR    (1)    2 :  0.434 0.285 0.281 
759 OmyJC18ROGR    (0)    2 :  0.464 0.208 0.328 
