

----------------------------------------------------
STRUCTURE by Pritchard, Stephens and Donnelly (2000)
     and Falush, Stephens and Pritchard (2003)
       Code by Pritchard, Falush and Hubisz
             Version 2.3.4 (Jul 2012)
----------------------------------------------------



Command line arguments:   bin/structure -m "/Users/ddayan/FRA/premature_migration/Rogue_Half-Pounder/half-pounder/structure/halfpounder_2021/10k_20k_adm_corr/mainparams" -e "/Users/ddayan/FRA/premature_migration/Rogue_Half-Pounder/half-pounder/structure/halfpounder_2021/10k_20k_adm_corr/extraparams" 
Input File:    /Users/ddayan/FRA/premature_migration/Rogue_Half-Pounder/half-pounder/structure/halfpounder_2021/project_data

Run parameters:
   1000 individuals
   328 loci
   5 populations assumed
   10000 Burn-in period
   20000 Reps


--------------------------------------------
Proportion of membership of each pre-defined
 population in each of the 5 clusters

Given    Inferred Clusters                     Number of
 Pop       1      2      3      4      5      Individuals

  1:     0.171  0.204  0.212  0.210  0.204      275
  2:     0.190  0.192  0.200  0.210  0.207      643
  3:     0.691  0.048  0.105  0.073  0.084       42
  4:     0.082  0.055  0.261  0.295  0.307       40
--------------------------------------------

Allele-freq. divergence among pops (Net nucleotide distance),
computed using point estimates of P.

      1       2       3       4       5      
 1      -    0.0114  0.0030  0.0036  0.0037  
 2   0.0114     -    0.0084  0.0088  0.0087  
 3   0.0030  0.0084     -    0.0007  0.0007  
 4   0.0036  0.0088  0.0007     -    0.0007  
 5   0.0037  0.0087  0.0007  0.0007     -    

Average distances (expected heterozygosity) between individuals in same cluster:
cluster  1  : 0.2869 
cluster  2  : 0.2597 
cluster  3  : 0.2931 
cluster  4  : 0.2919 
cluster  5  : 0.2923 

--------------------------------------------
Estimated Ln Prob of Data   = -286297.5
Mean value of ln likelihood = -283629.4
Variance of ln likelihood   = 5336.3
Mean value of alpha         = 0.2097

Mean value of Fst_1         = 0.0255
Mean value of Fst_2         = 0.0754
Mean value of Fst_3         = 0.0099
Mean value of Fst_4         = 0.0116
Mean value of Fst_5         = 0.0130


Inferred ancestry of individuals:
        Label (%Miss) Pop:  Inferred clusters
  1 OmyAC19ROGR    (0)    1 :  0.239 0.016 0.267 0.322 0.155 
  2 OmyAC19ROGR    (0)    1 :  0.181 0.082 0.463 0.183 0.092 
  3 OmyAC19ROGR    (0)    1 :  0.192 0.070 0.361 0.285 0.092 
  4 OmyAC19ROGR    (0)    1 :  0.124 0.025 0.163 0.347 0.342 
  5 OmyAC19ROGR    (1)    1 :  0.014 0.942 0.015 0.016 0.013 
  6 OmyAC19ROGR    (0)    1 :  0.051 0.170 0.152 0.519 0.108 
  7 OmyAC19ROGR    (0)    1 :  0.164 0.180 0.174 0.180 0.301 
  8 OmyAC19ROGR    (0)    1 :  0.162 0.017 0.514 0.105 0.201 
  9 OmyAC19ROGR    (0)    1 :  0.158 0.268 0.194 0.279 0.101 
 10 OmyAC19ROGR    (0)    1 :  0.162 0.468 0.156 0.087 0.127 
 11 OmyAC19ROGR    (0)    1 :  0.156 0.063 0.075 0.377 0.329 
 12 OmyAC19ROGR    (0)    1 :  0.053 0.096 0.168 0.511 0.172 
 13 OmyAC19ROGR    (0)    1 :  0.121 0.024 0.427 0.069 0.359 
 14 OmyAC19ROGR    (0)    1 :  0.035 0.431 0.116 0.122 0.297 
 15 OmyAC19ROGR    (0)    1 :  0.045 0.438 0.102 0.122 0.293 
 16 OmyAC19ROGR    (0)    1 :  0.133 0.097 0.215 0.238 0.318 
 17 OmyAC19ROGR    (0)    1 :  0.021 0.075 0.519 0.197 0.189 
 18 OmyAC19ROGR    (2)    1 :  0.236 0.029 0.405 0.114 0.216 
 19 OmyAC19ROGR    (1)    1 :  0.125 0.046 0.426 0.090 0.313 
 20 OmyAC19ROGR    (0)    1 :  0.035 0.256 0.124 0.259 0.326 
 21 OmyAC19ROGR    (1)    1 :  0.106 0.243 0.312 0.114 0.224 
 22 OmyAC19ROGR    (0)    1 :  0.322 0.080 0.204 0.194 0.200 
 23 OmyAC19ROGR    (0)    1 :  0.103 0.258 0.355 0.197 0.086 
 24 OmyAC19ROGR    (0)    1 :  0.803 0.018 0.048 0.088 0.044 
 25 OmyAC19ROGR    (0)    1 :  0.087 0.237 0.255 0.139 0.282 
 26 OmyAC19ROGR    (0)    1 :  0.269 0.111 0.423 0.116 0.081 
 27 OmyAC19ROGR    (1)    1 :  0.049 0.051 0.104 0.296 0.500 
 28 OmyAC19ROGR    (0)    1 :  0.853 0.027 0.038 0.053 0.030 
 29 OmyAC19ROGR    (0)    1 :  0.131 0.072 0.368 0.256 0.174 
 30 OmyAC19ROGR    (0)    1 :  0.056 0.716 0.112 0.061 0.054 
 31 OmyAC19ROGR    (0)    1 :  0.132 0.042 0.328 0.300 0.197 
 32 OmyAC19ROGR    (0)    1 :  0.218 0.132 0.319 0.130 0.201 
 33 OmyAC19ROGR    (1)    1 :  0.342 0.115 0.177 0.253 0.113 
 34 OmyAC19ROGR    (0)    1 :  0.080 0.542 0.114 0.082 0.183 
 35 OmyAC19ROGR    (0)    1 :  0.334 0.076 0.293 0.129 0.168 
 36 OmyAC19ROGR    (0)    1 :  0.090 0.159 0.316 0.242 0.193 
 37 OmyAC19ROGR    (0)    1 :  0.638 0.112 0.087 0.069 0.094 
 38 OmyAC19ROGR    (0)    1 :  0.347 0.422 0.091 0.062 0.078 
 39 OmyAC19ROGR    (0)    1 :  0.043 0.064 0.623 0.096 0.173 
 40 OmyAC19ROGR    (0)    1 :  0.046 0.325 0.164 0.265 0.199 
 41 OmyAC19ROGR    (1)    1 :  0.103 0.044 0.151 0.301 0.400 
 42 OmyAC19ROGR    (0)    1 :  0.017 0.822 0.061 0.057 0.043 
 43 OmyAC19ROGR    (0)    1 :  0.148 0.044 0.292 0.367 0.149 
 44 OmyAC19ROGR    (6)    1 :  0.110 0.035 0.386 0.356 0.113 
 45 OmyAC19ROGR    (1)    1 :  0.265 0.356 0.109 0.181 0.089 
 46 OmyAC19ROGR    (0)    1 :  0.405 0.086 0.213 0.101 0.195 
 47 OmyAC19ROGR    (0)    1 :  0.715 0.054 0.071 0.087 0.073 
 48 OmyAC19ROGR    (0)    1 :  0.136 0.041 0.314 0.347 0.161 
 49 OmyAC19ROGR    (0)    1 :  0.310 0.034 0.168 0.231 0.258 
 50 OmyAC19ROGR    (0)    1 :  0.031 0.024 0.321 0.206 0.418 
 51 OmyAC19ROGR    (2)    1 :  0.059 0.729 0.055 0.076 0.081 
 52 OmyAC19ROGR    (0)    1 :  0.033 0.838 0.049 0.038 0.042 
 53 OmyAC19ROGR    (1)    1 :  0.713 0.039 0.096 0.100 0.052 
 54 OmyAC19ROGR    (0)    1 :  0.530 0.068 0.144 0.141 0.117 
 55 OmyAC19ROGR    (3)    1 :  0.056 0.101 0.447 0.225 0.172 
 56 OmyAC19ROGR    (0)    1 :  0.610 0.079 0.094 0.064 0.154 
 57 OmyAC19ROGR    (0)    1 :  0.650 0.021 0.151 0.078 0.100 
 58 OmyAC19ROGR    (0)    1 :  0.049 0.680 0.098 0.101 0.073 
 59 OmyAC19ROGR    (0)    1 :  0.536 0.022 0.168 0.155 0.119 
 60 OmyAC19ROGR    (1)    1 :  0.104 0.108 0.170 0.243 0.374 
 61 OmyAC19ROGR    (0)    1 :  0.413 0.057 0.196 0.152 0.182 
 62 OmyAC19ROGR    (0)    1 :  0.075 0.032 0.357 0.388 0.148 
 63 OmyAC19ROGR    (0)    1 :  0.440 0.232 0.092 0.148 0.088 
 64 OmyAC19ROGR    (2)    1 :  0.114 0.082 0.170 0.372 0.261 
 65 OmyAC19ROGR    (0)    1 :  0.129 0.055 0.374 0.210 0.232 
 66 OmyAC19ROGR    (3)    1 :  0.044 0.299 0.204 0.102 0.351 
 67 OmyAC19ROGR    (0)    1 :  0.504 0.029 0.153 0.130 0.185 
 68 OmyAC19ROGR    (1)    1 :  0.328 0.065 0.331 0.170 0.106 
 69 OmyAC19ROGR    (2)    1 :  0.564 0.214 0.100 0.059 0.063 
 70 OmyAC19ROGR    (0)    1 :  0.263 0.033 0.273 0.232 0.198 
 71 OmyAC19ROGR    (0)    1 :  0.137 0.045 0.346 0.275 0.197 
 72 OmyAC19ROGR    (4)    1 :  0.111 0.029 0.193 0.477 0.190 
 73 OmyAC19ROGR    (0)    1 :  0.247 0.191 0.295 0.174 0.093 
 74 OmyAC19ROGR    (0)    1 :  0.042 0.035 0.099 0.569 0.255 
 75 OmyAC19ROGR    (0)    1 :  0.236 0.126 0.252 0.138 0.247 
 76 OmyAC19ROGR    (0)    1 :  0.730 0.045 0.077 0.069 0.079 
 77 OmyAC19ROGR    (1)    1 :  0.021 0.912 0.015 0.031 0.021 
 78 OmyAC19ROGR    (0)    1 :  0.085 0.043 0.477 0.242 0.152 
 79 OmyAC19ROGR    (2)    1 :  0.163 0.057 0.414 0.173 0.193 
 80 OmyAC19ROGR    (1)    1 :  0.071 0.691 0.051 0.088 0.099 
 81 OmyAC19ROGR    (2)    1 :  0.090 0.409 0.158 0.203 0.139 
 82 OmyAC19ROGR    (1)    1 :  0.649 0.019 0.113 0.149 0.069 
 83 OmyAC19ROGR    (0)    1 :  0.366 0.055 0.262 0.116 0.200 
 84 OmyAC19ROGR    (0)    1 :  0.058 0.158 0.318 0.220 0.246 
 85 OmyAC19ROGR    (5)    1 :  0.201 0.036 0.392 0.176 0.195 
 86 OmyAC19ROGR    (0)    1 :  0.029 0.110 0.108 0.206 0.546 
 87 OmyAC19ROGR    (1)    1 :  0.393 0.041 0.195 0.219 0.152 
 88 OmyJC19ROGR    (0)    2 :  0.032 0.821 0.070 0.029 0.048 
 89 OmyJC19ROGR    (0)    2 :  0.076 0.078 0.433 0.152 0.261 
 90 OmyJC19ROGR    (0)    2 :  0.020 0.905 0.027 0.029 0.018 
 91 OmyJC19ROGR    (1)    2 :  0.365 0.015 0.200 0.199 0.222 
 92 OmyJC19ROGR    (0)    2 :  0.616 0.052 0.135 0.101 0.097 
 93 OmyJC19ROGR    (0)    2 :  0.778 0.019 0.092 0.062 0.050 
 94 OmyJC19ROGR    (0)    2 :  0.042 0.145 0.289 0.344 0.180 
 95 OmyJC19ROGR    (0)    2 :  0.039 0.109 0.428 0.253 0.171 
 96 OmyJC19ROGR    (0)    2 :  0.060 0.072 0.192 0.248 0.427 
 97 OmyJC19ROGR    (0)    2 :  0.695 0.163 0.072 0.038 0.032 
 98 OmyJC19ROGR    (0)    2 :  0.157 0.032 0.229 0.336 0.246 
 99 OmyJC19ROGR    (0)    2 :  0.544 0.082 0.116 0.126 0.132 
100 OmyJC19ROGR    (1)    2 :  0.067 0.048 0.535 0.201 0.149 
101 OmyJC19ROGR    (0)    2 :  0.155 0.505 0.183 0.081 0.076 
102 OmyJC19ROGR    (0)    2 :  0.059 0.075 0.303 0.191 0.372 
103 OmyJC19ROGR    (0)    2 :  0.152 0.152 0.341 0.186 0.168 
104 OmyJC19ROGR    (0)    2 :  0.406 0.034 0.328 0.136 0.096 
105 OmyJC19ROGR    (0)    2 :  0.599 0.154 0.033 0.144 0.070 
106 OmyJC19ROGR    (0)    2 :  0.035 0.915 0.015 0.016 0.018 
107 OmyJC19ROGR    (1)    2 :  0.163 0.094 0.094 0.240 0.409 
108 OmyJC19ROGR    (0)    2 :  0.253 0.072 0.198 0.238 0.239 
109 OmyJC19ROGR    (0)    2 :  0.031 0.160 0.136 0.268 0.406 
110 OmyJC19ROGR    (0)    2 :  0.459 0.280 0.112 0.086 0.064 
111 OmyJC19ROGR    (1)    2 :  0.472 0.083 0.231 0.097 0.117 
112 OmyJC19ROGR    (2)    2 :  0.068 0.125 0.224 0.371 0.211 
113 OmyJC19ROGR    (0)    2 :  0.062 0.613 0.092 0.093 0.139 
114 OmyJC19ROGR    (3)    2 :  0.087 0.047 0.483 0.175 0.209 
115 OmyJC19ROGR    (1)    2 :  0.368 0.054 0.112 0.396 0.071 
116 OmyJC19ROGR    (0)    2 :  0.069 0.088 0.510 0.169 0.163 
117 OmyJC19ROGR    (0)    2 :  0.059 0.151 0.380 0.247 0.163 
118 OmyJC19ROGR    (0)    2 :  0.131 0.028 0.432 0.162 0.247 
119 OmyJC19ROGR    (2)    2 :  0.062 0.056 0.151 0.235 0.496 
120 OmyJC19ROGR    (0)    2 :  0.839 0.017 0.063 0.036 0.045 
121 OmyJC19ROGR    (0)    2 :  0.050 0.042 0.231 0.275 0.402 
122 OmyJC19ROGR    (0)    2 :  0.151 0.065 0.332 0.235 0.218 
123 OmyJC19ROGR    (0)    2 :  0.186 0.019 0.151 0.217 0.427 
124 OmyJC19ROGR    (0)    2 :  0.056 0.125 0.113 0.526 0.180 
125 OmyJC19ROGR    (0)    2 :  0.412 0.107 0.188 0.201 0.093 
126 OmyJC19ROGR    (1)    2 :  0.049 0.694 0.073 0.116 0.068 
127 OmyJC19ROGR    (0)    2 :  0.044 0.036 0.085 0.152 0.682 
128 OmyJC19ROGR    (1)    2 :  0.642 0.044 0.104 0.085 0.125 
129 OmyJC19ROGR    (0)    2 :  0.127 0.268 0.458 0.086 0.062 
130 OmyJC19ROGR    (2)    2 :  0.029 0.042 0.215 0.547 0.166 
131 OmyJC19ROGR    (0)    2 :  0.171 0.075 0.358 0.265 0.131 
132 OmyJC19ROGR    (1)    2 :  0.494 0.049 0.124 0.146 0.187 
133 OmyJC19ROGR    (0)    2 :  0.089 0.025 0.458 0.251 0.177 
134 OmyJC19ROGR    (0)    2 :  0.125 0.070 0.186 0.125 0.494 
135 OmyJC19ROGR    (1)    2 :  0.868 0.031 0.035 0.031 0.036 
136 OmyJC19ROGR    (3)    2 :  0.126 0.038 0.336 0.190 0.309 
137 OmyJC19ROGR    (0)    2 :  0.046 0.179 0.082 0.286 0.407 
138 OmyJC19ROGR    (0)    2 :  0.027 0.711 0.110 0.094 0.058 
139 OmyJC19ROGR    (2)    2 :  0.067 0.021 0.504 0.251 0.157 
140 OmyJC19ROGR    (2)    2 :  0.069 0.100 0.467 0.143 0.221 
141 OmyJC19ROGR    (0)    2 :  0.135 0.278 0.262 0.115 0.210 
142 OmyJC19ROGR    (0)    2 :  0.199 0.291 0.171 0.163 0.177 
143 OmyJC19ROGR    (0)    2 :  0.701 0.051 0.084 0.113 0.050 
144 OmyJC19ROGR    (0)    2 :  0.048 0.014 0.640 0.174 0.123 
145 OmyJC19ROGR    (0)    2 :  0.041 0.037 0.118 0.571 0.233 
146 OmyJC19ROGR    (1)    2 :  0.584 0.068 0.165 0.094 0.089 
147 OmyJC19ROGR    (0)    2 :  0.143 0.067 0.148 0.198 0.444 
148 OmyJC19ROGR    (0)    2 :  0.192 0.027 0.173 0.348 0.260 
149 OmyJC19ROGR    (1)    2 :  0.437 0.093 0.210 0.104 0.157 
150 OmyJC19ROGR    (1)    2 :  0.477 0.053 0.129 0.106 0.235 
151 OmyJC19ROGR    (0)    2 :  0.128 0.105 0.460 0.096 0.211 
152 OmyJC19ROGR    (0)    2 :  0.100 0.048 0.074 0.411 0.368 
153 OmyJC19ROGR    (0)    2 :  0.838 0.036 0.036 0.031 0.059 
154 OmyJC19ROGR    (1)    2 :  0.049 0.060 0.245 0.321 0.324 
155 OmyJC19ROGR    (0)    2 :  0.246 0.083 0.244 0.213 0.213 
156 OmyJC19ROGR    (1)    2 :  0.238 0.119 0.155 0.218 0.270 
157 OmyJC19ROGR    (0)    2 :  0.208 0.073 0.269 0.330 0.119 
158 OmyJC19ROGR    (0)    2 :  0.187 0.018 0.350 0.202 0.242 
159 OmyJC19ROGR    (0)    2 :  0.034 0.038 0.217 0.413 0.297 
160 OmyJC19ROGR    (0)    2 :  0.261 0.059 0.098 0.210 0.372 
161 OmyJC19ROGR    (0)    2 :  0.312 0.028 0.225 0.293 0.144 
162 OmyJC19ROGR    (0)    2 :  0.144 0.057 0.147 0.230 0.422 
163 OmyJC19ROGR    (0)    2 :  0.605 0.038 0.084 0.170 0.103 
164 OmyJC19ROGR    (0)    2 :  0.076 0.029 0.305 0.311 0.279 
165 OmyJC19ROGR    (0)    2 :  0.169 0.023 0.272 0.364 0.173 
166 OmyJC19ROGR    (0)    2 :  0.059 0.047 0.282 0.393 0.219 
167 OmyJC19ROGR    (1)    2 :  0.371 0.095 0.191 0.197 0.146 
168 OmyJC19ROGR    (0)    2 :  0.078 0.062 0.524 0.145 0.192 
169 OmyJC19ROGR    (0)    2 :  0.015 0.911 0.020 0.025 0.028 
170 OmyJC19ROGR    (0)    2 :  0.644 0.051 0.104 0.117 0.085 
171 OmyJC19ROGR    (0)    2 :  0.084 0.030 0.254 0.331 0.302 
172 OmyJC19ROGR    (0)    2 :  0.350 0.297 0.158 0.094 0.100 
173 OmyJC19ROGR    (0)    2 :  0.033 0.873 0.024 0.029 0.042 
174 OmyJC19ROGR    (0)    2 :  0.122 0.033 0.237 0.481 0.127 
175 OmyJC19ROGR    (0)    2 :  0.057 0.031 0.464 0.258 0.190 
176 OmyJC19ROGR    (0)    2 :  0.520 0.082 0.185 0.064 0.149 
177 OmyJC19ROGR    (0)    2 :  0.823 0.014 0.047 0.075 0.042 
178 OmyJC19ROGR    (0)    2 :  0.021 0.053 0.073 0.384 0.469 
179 OmyJC19ROGR    (0)    2 :  0.444 0.022 0.187 0.187 0.160 
180 OmyJC19ROGR    (0)    2 :  0.045 0.835 0.050 0.032 0.038 
181 OmyJC19ROGR    (0)    2 :  0.081 0.045 0.178 0.421 0.275 
182 OmyJC19ROGR    (0)    2 :  0.076 0.130 0.499 0.124 0.170 
183 OmyJC19ROGR    (0)    2 :  0.092 0.037 0.267 0.343 0.261 
184 OmyJC19ROGR    (0)    2 :  0.102 0.605 0.149 0.053 0.091 
185 OmyJC19ROGR    (1)    2 :  0.055 0.013 0.813 0.055 0.064 
186 OmyJC19ROGR    (0)    2 :  0.530 0.076 0.229 0.102 0.064 
187 OmyJC19ROGR    (0)    2 :  0.050 0.024 0.047 0.726 0.153 
188 OmyJC19ROGR    (0)    2 :  0.125 0.042 0.350 0.355 0.128 
189 OmyJC19ROGR    (0)    2 :  0.330 0.185 0.186 0.128 0.170 
190 OmyJC19ROGR    (0)    2 :  0.702 0.036 0.085 0.066 0.110 
191 OmyJC19ROGR    (0)    2 :  0.459 0.038 0.094 0.331 0.079 
192 OmyJC19ROGR    (0)    2 :  0.042 0.033 0.091 0.126 0.709 
193 OmyJC19ROGR    (1)    2 :  0.131 0.114 0.147 0.308 0.300 
194 OmyJC19ROGR    (0)    2 :  0.050 0.018 0.115 0.137 0.681 
195 OmyJC19ROGR    (0)    2 :  0.026 0.767 0.063 0.074 0.071 
196 OmyJC19ROGR    (0)    2 :  0.030 0.034 0.114 0.679 0.143 
197 OmyJC19ROGR    (0)    2 :  0.396 0.062 0.168 0.149 0.226 
198 OmyJC19ROGR    (0)    2 :  0.059 0.712 0.069 0.062 0.098 
199 OmyJC19ROGR    (0)    2 :  0.079 0.023 0.549 0.156 0.192 
200 OmyJC19ROGR    (0)    2 :  0.628 0.074 0.148 0.083 0.067 
201 OmyJC19ROGR    (0)    2 :  0.086 0.023 0.155 0.409 0.327 
202 OmyJC19ROGR    (0)    2 :  0.800 0.015 0.073 0.039 0.073 
203 OmyJC19ROGR    (0)    2 :  0.139 0.045 0.138 0.443 0.235 
204 OmyJC19ROGR    (0)    2 :  0.172 0.048 0.154 0.333 0.292 
205 OmyJC19ROGR    (0)    2 :  0.093 0.121 0.124 0.536 0.126 
206 OmyJC19ROGR    (0)    2 :  0.037 0.835 0.052 0.035 0.041 
207 OmyJC19ROGR    (0)    2 :  0.099 0.257 0.154 0.339 0.152 
208 OmyJC19ROGR    (0)    2 :  0.057 0.037 0.231 0.312 0.363 
209 OmyJC19ROGR    (0)    2 :  0.175 0.468 0.217 0.072 0.069 
210 OmyJC19ROGR    (0)    2 :  0.020 0.875 0.029 0.043 0.033 
211 OmyJC19ROGR    (0)    2 :  0.080 0.146 0.505 0.092 0.177 
212 OmyJC19ROGR    (1)    2 :  0.481 0.165 0.105 0.125 0.124 
213 OmyJC19ROGR    (1)    2 :  0.088 0.035 0.312 0.443 0.122 
214 OmyJC19ROGR    (0)    2 :  0.043 0.033 0.069 0.602 0.253 
215 OmyJC19ROGR    (0)    2 :  0.070 0.029 0.173 0.087 0.642 
216 OmyJC19ROGR    (0)    2 :  0.030 0.756 0.067 0.088 0.059 
217 OmyJC19ROGR    (0)    2 :  0.079 0.379 0.143 0.178 0.221 
218 OmyJC19ROGR    (0)    2 :  0.471 0.037 0.101 0.268 0.122 
219 OmyJC19ROGR    (0)    2 :  0.040 0.081 0.236 0.231 0.412 
220 OmyJC19ROGR    (0)    2 :  0.167 0.011 0.221 0.220 0.381 
221 OmyJC19ROGR    (0)    2 :  0.066 0.203 0.188 0.431 0.112 
222 OmyJC19ROGR    (0)    2 :  0.343 0.045 0.183 0.249 0.180 
223 OmyJC19ROGR    (0)    2 :  0.099 0.052 0.108 0.410 0.331 
224 OmyJC19ROGR    (0)    2 :  0.066 0.026 0.176 0.211 0.522 
225 OmyJC19ROGR    (0)    2 :  0.019 0.913 0.024 0.024 0.020 
226 OmyJC19ROGR    (0)    2 :  0.042 0.185 0.457 0.142 0.174 
227 OmyJC19ROGR    (1)    2 :  0.045 0.878 0.023 0.031 0.024 
228 OmyJC19ROGR    (0)    2 :  0.036 0.035 0.203 0.401 0.324 
229 OmyJC19ROGR    (1)    2 :  0.126 0.028 0.367 0.358 0.121 
230 OmyJC19ROGR    (0)    2 :  0.151 0.216 0.164 0.365 0.105 
231 OmyJC19ROGR    (0)    2 :  0.059 0.072 0.264 0.391 0.215 
232 OmyJC19ROGR    (1)    2 :  0.119 0.049 0.495 0.159 0.178 
233 OmyJC19ROGR    (0)    2 :  0.112 0.145 0.192 0.319 0.231 
234 OmyJC19ROGR    (0)    2 :  0.024 0.890 0.030 0.029 0.027 
235 OmyJC19ROGR    (0)    2 :  0.129 0.620 0.079 0.053 0.120 
236 OmyJC19ROGR    (1)    2 :  0.170 0.025 0.118 0.244 0.443 
237 OmyJC19ROGR    (0)    2 :  0.155 0.062 0.160 0.194 0.428 
238 OmyJC19ROGR    (0)    2 :  0.058 0.089 0.089 0.370 0.395 
239 OmyJC19ROGR    (0)    2 :  0.077 0.076 0.437 0.077 0.334 
240 OmyJC19ROGR    (0)    2 :  0.101 0.046 0.344 0.295 0.213 
241 OmyJC19ROGR    (0)    2 :  0.442 0.101 0.189 0.143 0.124 
242 OmyJC19ROGR    (0)    2 :  0.135 0.020 0.169 0.079 0.597 
243 OmyJC19ROGR    (0)    2 :  0.318 0.050 0.206 0.259 0.168 
244 OmyJC19ROGR    (0)    2 :  0.391 0.066 0.119 0.271 0.154 
245 OmyJC19ROGR    (0)    2 :  0.015 0.902 0.034 0.023 0.026 
246 OmyJC19ROGR    (0)    2 :  0.541 0.166 0.077 0.127 0.090 
247 OmyJC19ROGR    (0)    2 :  0.122 0.585 0.086 0.121 0.086 
248 OmyJC19ROGR    (0)    2 :  0.058 0.496 0.287 0.076 0.083 
249 OmyJC19ROGR    (0)    2 :  0.051 0.067 0.176 0.471 0.235 
250 OmyJC19ROGR    (0)    2 :  0.113 0.087 0.357 0.214 0.228 
251 OmyJC19ROGR    (0)    2 :  0.080 0.050 0.187 0.484 0.200 
252 OmyJC19ROGR    (0)    2 :  0.805 0.035 0.066 0.057 0.037 
253 OmyJC19ROGR    (0)    2 :  0.063 0.078 0.541 0.103 0.215 
254 OmyJC19ROGR    (0)    2 :  0.370 0.060 0.165 0.244 0.162 
255 OmyJC19ROGR    (0)    2 :  0.465 0.028 0.144 0.281 0.082 
256 OmyJC19ROGR    (0)    2 :  0.353 0.300 0.055 0.194 0.098 
257 OmyJC19ROGR    (0)    2 :  0.063 0.088 0.200 0.502 0.148 
258 OmyAC19ROGR    (0)    1 :  0.152 0.160 0.242 0.163 0.283 
259 OmyAC19ROGR    (1)    1 :  0.077 0.382 0.186 0.142 0.213 
260 OmyAC19ROGR    (0)    1 :  0.070 0.028 0.194 0.134 0.575 
261 OmyAC19ROGR    (0)    1 :  0.038 0.046 0.592 0.213 0.110 
262 OmyAC19ROGR    (0)    1 :  0.132 0.103 0.342 0.208 0.215 
263 OmyAC19ROGR    (0)    1 :  0.498 0.061 0.083 0.212 0.145 
264 OmyAC19ROGR    (0)    1 :  0.094 0.055 0.205 0.432 0.213 
265 OmyAC19ROGR    (0)    1 :  0.203 0.048 0.168 0.284 0.297 
266 OmyAC19ROGR    (0)    1 :  0.044 0.023 0.215 0.599 0.119 
267 OmyAC19ROGR    (0)    1 :  0.102 0.131 0.317 0.207 0.243 
268 OmyAC19ROGR    (1)    1 :  0.406 0.178 0.182 0.103 0.131 
269 OmyAC19ROGR    (1)    1 :  0.063 0.146 0.444 0.163 0.185 
270 OmyAC19ROGR    (0)    1 :  0.397 0.036 0.126 0.357 0.083 
271 OmyAC19ROGR    (0)    1 :  0.077 0.263 0.286 0.134 0.240 
272 OmyAC19ROGR    (0)    1 :  0.040 0.153 0.150 0.482 0.174 
273 OmyAC19ROGR    (0)    1 :  0.148 0.038 0.377 0.142 0.295 
274 OmyAC19ROGR    (0)    1 :  0.044 0.755 0.080 0.074 0.047 
275 OmyAC19ROGR    (0)    1 :  0.315 0.098 0.219 0.134 0.234 
276 OmyAC19ROGR    (0)    1 :  0.083 0.065 0.269 0.178 0.405 
277 OmyAC19ROGR    (0)    1 :  0.040 0.074 0.336 0.227 0.322 
278 OmyAC19ROGR    (0)    1 :  0.054 0.332 0.155 0.269 0.189 
279 OmyAC19ROGR    (0)    1 :  0.044 0.196 0.135 0.112 0.513 
280 OmyAC19ROGR    (0)    1 :  0.326 0.104 0.247 0.193 0.129 
281 OmyAC19ROGR    (0)    1 :  0.085 0.052 0.463 0.160 0.240 
282 OmyAC19ROGR    (0)    1 :  0.125 0.180 0.300 0.217 0.178 
283 OmyAC19ROGR    (0)    1 :  0.081 0.048 0.240 0.299 0.333 
284 OmyAC19ROGR    (0)    1 :  0.144 0.029 0.191 0.487 0.149 
285 OmyAC19ROGR    (0)    1 :  0.293 0.045 0.166 0.190 0.306 
286 OmyAC19ROGR    (0)    1 :  0.254 0.026 0.223 0.244 0.253 
287 OmyAC19ROGR    (0)    1 :  0.012 0.951 0.013 0.013 0.011 
288 OmyAC19ROGR    (0)    1 :  0.047 0.753 0.063 0.058 0.079 
289 OmyAC19ROGR    (0)    1 :  0.094 0.140 0.248 0.200 0.319 
290 OmyAC19ROGR    (1)    1 :  0.018 0.920 0.020 0.020 0.022 
291 OmyAC19ROGR    (0)    1 :  0.174 0.424 0.114 0.148 0.140 
292 OmyAC19ROGR    (1)    1 :  0.064 0.209 0.303 0.203 0.222 
293 OmyAC19ROGR    (0)    1 :  0.663 0.023 0.126 0.100 0.087 
294 OmyAC19ROGR    (0)    1 :  0.048 0.355 0.152 0.192 0.254 
295 OmyAC19ROGR    (0)    1 :  0.130 0.027 0.219 0.222 0.402 
296 OmyAC19ROGR    (0)    1 :  0.163 0.041 0.277 0.204 0.315 
297 OmyAC19ROGR    (0)    1 :  0.036 0.739 0.085 0.070 0.070 
298 OmyAC19ROGR    (0)    1 :  0.042 0.030 0.091 0.218 0.618 
299 OmyAC19ROGR    (0)    1 :  0.244 0.245 0.119 0.134 0.258 
300 OmyAC19ROGR    (0)    1 :  0.093 0.031 0.398 0.210 0.268 
301 OmyAC19ROGR    (0)    1 :  0.016 0.876 0.037 0.041 0.030 
302 OmyAC19ROGR    (0)    1 :  0.062 0.461 0.084 0.167 0.226 
303 OmyAC19ROGR    (0)    1 :  0.061 0.111 0.336 0.169 0.323 
304 OmyAC19ROGR    (0)    1 :  0.097 0.119 0.154 0.140 0.489 
305 OmyAC19ROGR    (0)    1 :  0.071 0.031 0.227 0.254 0.416 
306 OmyAC19ROGR    (0)    1 :  0.021 0.657 0.108 0.151 0.063 
307 OmyAC19ROGR    (1)    1 :  0.209 0.030 0.240 0.258 0.263 
308 OmyAC19ROGR    (0)    1 :  0.046 0.092 0.256 0.353 0.253 
309 OmyAC19ROGR    (1)    1 :  0.026 0.865 0.042 0.039 0.027 
310 OmyAC19ROGR    (0)    1 :  0.071 0.366 0.238 0.174 0.151 
311 OmyAC19ROGR    (0)    1 :  0.053 0.474 0.105 0.096 0.271 
312 OmyAC19ROGR    (0)    1 :  0.519 0.035 0.160 0.152 0.133 
313 OmyAC19ROGR    (0)    1 :  0.111 0.020 0.181 0.390 0.300 
314 OmyAC19ROGR    (0)    1 :  0.602 0.041 0.157 0.107 0.093 
315 OmyAC19ROGR    (0)    1 :  0.113 0.072 0.268 0.319 0.228 
316 OmyAC19ROGR    (0)    1 :  0.076 0.033 0.265 0.386 0.240 
317 OmyAC19ROGR    (0)    1 :  0.391 0.040 0.397 0.060 0.113 
318 OmyAC19ROGR    (0)    1 :  0.457 0.032 0.211 0.171 0.129 
319 OmyAC19ROGR    (1)    1 :  0.123 0.018 0.256 0.226 0.377 
320 OmyAC19ROGR    (0)    1 :  0.053 0.014 0.087 0.542 0.303 
321 OmyAC19ROGR    (0)    1 :  0.070 0.029 0.265 0.313 0.323 
322 OmyAC19ROGR    (0)    1 :  0.070 0.464 0.247 0.134 0.085 
323 OmyAC19ROGR    (0)    1 :  0.031 0.022 0.248 0.387 0.311 
324 OmyAC19ROGR    (0)    1 :  0.126 0.033 0.075 0.486 0.280 
325 OmyAC19ROGR    (0)    1 :  0.046 0.325 0.336 0.197 0.096 
326 OmyAC19ROGR    (0)    1 :  0.049 0.053 0.200 0.527 0.171 
327 OmyAC19ROGR    (0)    1 :  0.141 0.040 0.050 0.398 0.371 
328 OmyAC20ROGR    (1)    1 :  0.180 0.036 0.170 0.202 0.411 
329 OmyAC20ROGR    (0)    1 :  0.274 0.092 0.165 0.137 0.332 
330 OmyAC20ROGR    (0)    1 :  0.193 0.072 0.256 0.336 0.143 
331 OmyAC20ROGR    (0)    1 :  0.135 0.287 0.135 0.327 0.117 
332 OmyAC20ROGR    (0)    1 :  0.231 0.221 0.231 0.156 0.160 
333 OmyAC20ROGR    (0)    1 :  0.342 0.313 0.080 0.169 0.096 
334 OmyAC20ROGR    (0)    1 :  0.434 0.025 0.287 0.086 0.167 
335 OmyAC20ROGR    (0)    1 :  0.220 0.041 0.207 0.278 0.253 
336 OmyAC20ROGR    (0)    1 :  0.110 0.127 0.330 0.161 0.273 
337 OmyAC20ROGR    (0)    1 :  0.077 0.443 0.167 0.119 0.194 
338 OmyAC20ROGR    (0)    1 :  0.289 0.167 0.224 0.187 0.133 
339 OmyAC20ROGR    (0)    1 :  0.096 0.107 0.278 0.233 0.286 
340 OmyAC20ROGR    (0)    1 :  0.753 0.054 0.070 0.071 0.052 
341 OmyAC20ROGR    (0)    1 :  0.628 0.084 0.107 0.102 0.080 
342 OmyAC20ROGR    (0)    1 :  0.256 0.166 0.138 0.211 0.228 
343 OmyAC20ROGR    (0)    1 :  0.310 0.059 0.283 0.231 0.117 
344 OmyAC20ROGR    (0)    1 :  0.388 0.167 0.089 0.207 0.150 
345 OmyAC20ROGR    (1)    1 :  0.037 0.149 0.378 0.246 0.189 
346 OmyAC20ROGR    (0)    1 :  0.136 0.204 0.178 0.352 0.130 
347 OmyAC20ROGR    (0)    1 :  0.105 0.243 0.267 0.237 0.147 
348 OmyAC20ROGR    (0)    1 :  0.572 0.196 0.058 0.104 0.071 
349 OmyAC20ROGR    (0)    1 :  0.341 0.065 0.208 0.196 0.190 
350 OmyAC20ROGR    (0)    1 :  0.053 0.085 0.201 0.243 0.419 
351 OmyAC20ROGR    (0)    1 :  0.258 0.118 0.160 0.250 0.214 
352 OmyAC20ROGR    (0)    1 :  0.118 0.058 0.137 0.238 0.449 
353 OmyAC20ROGR    (0)    1 :  0.114 0.028 0.224 0.482 0.152 
354 OmyAC20ROGR    (0)    1 :  0.288 0.251 0.291 0.076 0.094 
355 OmyAC20ROGR    (0)    1 :  0.239 0.059 0.514 0.108 0.081 
356 OmyAC20ROGR    (0)    1 :  0.141 0.040 0.171 0.169 0.479 
357 OmyAC20ROGR    (0)    1 :  0.056 0.089 0.133 0.425 0.298 
358 OmyAC20ROGR    (0)    1 :  0.101 0.036 0.146 0.372 0.344 
359 OmyAC20ROGR    (0)    1 :  0.026 0.203 0.178 0.084 0.509 
360 OmyAC20ROGR    (0)    1 :  0.102 0.211 0.175 0.290 0.222 
361 OmyAC20ROGR    (0)    1 :  0.054 0.042 0.092 0.449 0.362 
362 OmyAC20ROGR    (0)    1 :  0.039 0.045 0.368 0.210 0.338 
363 OmyAC20ROGR    (0)    1 :  0.327 0.146 0.166 0.226 0.134 
364 OmyAC20ROGR    (1)    1 :  0.403 0.033 0.165 0.090 0.310 
365 OmyAC20ROGR    (0)    1 :  0.073 0.020 0.130 0.409 0.368 
366 OmyAC20ROGR    (0)    1 :  0.269 0.041 0.238 0.347 0.105 
367 OmyAC20ROGR    (0)    1 :  0.098 0.110 0.192 0.417 0.183 
368 OmyAC20ROGR    (1)    1 :  0.061 0.089 0.280 0.137 0.433 
369 OmyAC20ROGR    (0)    1 :  0.219 0.296 0.264 0.112 0.109 
370 OmyAC20ROGR    (0)    1 :  0.062 0.685 0.094 0.098 0.061 
371 OmyAC20ROGR    (0)    1 :  0.035 0.816 0.057 0.044 0.049 
372 OmyAC20ROGR    (2)    1 :  0.015 0.917 0.022 0.027 0.019 
373 OmyAC20ROGR    (0)    1 :  0.042 0.460 0.103 0.256 0.140 
374 OmyAC20ROGR    (0)    1 :  0.192 0.027 0.194 0.264 0.322 
375 OmyAC20ROGR    (0)    1 :  0.072 0.082 0.162 0.417 0.268 
376 OmyAC20ROGR    (0)    1 :  0.062 0.480 0.234 0.086 0.138 
377 OmyAC20ROGR    (0)    1 :  0.336 0.025 0.168 0.346 0.124 
378 OmyAC20ROGR    (0)    1 :  0.194 0.021 0.492 0.117 0.176 
379 OmyAC20ROGR    (0)    1 :  0.122 0.441 0.132 0.173 0.132 
380 OmyAC20ROGR    (1)    1 :  0.055 0.023 0.292 0.461 0.168 
381 OmyAC20ROGR    (0)    1 :  0.044 0.085 0.219 0.359 0.293 
382 OmyAC20ROGR    (0)    1 :  0.020 0.847 0.039 0.052 0.041 
383 OmyAC20ROGR    (0)    1 :  0.026 0.137 0.395 0.323 0.120 
384 OmyAC20ROGR    (0)    1 :  0.143 0.322 0.283 0.137 0.114 
385 OmyAC20ROGR    (0)    1 :  0.034 0.218 0.159 0.241 0.348 
386 OmyAC20ROGR    (0)    1 :  0.092 0.132 0.240 0.374 0.162 
387 OmyAC20ROGR    (0)    1 :  0.041 0.351 0.060 0.304 0.245 
388 OmyAC20ROGR    (0)    1 :  0.294 0.278 0.118 0.152 0.159 
389 OmyAC20ROGR    (0)    1 :  0.043 0.034 0.087 0.281 0.555 
390 OmyAC20ROGR    (0)    1 :  0.112 0.022 0.264 0.258 0.344 
391 OmyAC20ROGR    (0)    1 :  0.180 0.449 0.139 0.115 0.118 
392 OmyAC20ROGR    (0)    1 :  0.158 0.264 0.244 0.191 0.143 
393 OmyAC20ROGR    (0)    1 :  0.180 0.071 0.199 0.383 0.166 
394 OmyAC20ROGR    (1)    1 :  0.049 0.075 0.279 0.162 0.436 
395 OmyAC20ROGR    (0)    1 :  0.172 0.062 0.473 0.204 0.088 
396 OmyAC20ROGR    (0)    1 :  0.074 0.045 0.153 0.346 0.383 
397 OmyAC20ROGR    (0)    1 :  0.052 0.284 0.232 0.227 0.205 
398 OmyAC20ROGR    (0)    1 :  0.103 0.710 0.051 0.071 0.064 
399 OmyAC20ROGR    (0)    1 :  0.112 0.202 0.258 0.249 0.178 
400 OmyAC20ROGR    (0)    1 :  0.107 0.123 0.289 0.229 0.252 
401 OmyAC20ROGR    (1)    1 :  0.053 0.840 0.048 0.025 0.035 
402 OmyAC20ROGR    (0)    1 :  0.532 0.023 0.164 0.130 0.152 
403 OmyAC20ROGR    (0)    1 :  0.258 0.160 0.303 0.122 0.157 
404 OmyAC20ROGR    (0)    1 :  0.232 0.024 0.344 0.213 0.186 
405 OmyAC20ROGR    (0)    1 :  0.033 0.347 0.144 0.308 0.169 
406 OmyAC20ROGR    (0)    1 :  0.231 0.084 0.317 0.163 0.204 
407 OmyAC20ROGR    (0)    1 :  0.035 0.048 0.168 0.404 0.345 
408 OmyAC20ROGR    (0)    1 :  0.211 0.075 0.397 0.182 0.134 
409 OmyAC20ROGR    (0)    1 :  0.033 0.063 0.116 0.363 0.425 
410 OmyAC20ROGR    (0)    1 :  0.019 0.887 0.027 0.025 0.041 
411 OmyAC20ROGR    (0)    1 :  0.053 0.562 0.120 0.088 0.177 
412 OmyAC20ROGR    (0)    1 :  0.416 0.126 0.090 0.238 0.131 
413 OmyAC20ROGR    (0)    1 :  0.033 0.043 0.106 0.320 0.497 
414 OmyAC20ROGR    (0)    1 :  0.220 0.345 0.186 0.089 0.161 
415 OmyAC20ROGR    (0)    1 :  0.154 0.026 0.341 0.170 0.309 
416 OmyAC20ROGR    (0)    1 :  0.192 0.073 0.287 0.266 0.181 
417 OmyAC20ROGR    (0)    1 :  0.128 0.029 0.081 0.369 0.394 
418 OmyAC20ROGR    (0)    1 :  0.087 0.149 0.200 0.291 0.273 
419 OmyAC20ROGR    (0)    1 :  0.042 0.417 0.125 0.259 0.158 
420 OmyAC20ROGR    (0)    1 :  0.233 0.032 0.305 0.266 0.165 
421 OmyAC20ROGR    (0)    1 :  0.232 0.103 0.298 0.227 0.139 
422 OmyAC20ROGR    (0)    1 :  0.025 0.880 0.033 0.029 0.033 
423 OmyAC20ROGR    (0)    1 :  0.027 0.032 0.107 0.671 0.164 
424 OmyAC20ROGR    (0)    1 :  0.041 0.023 0.574 0.148 0.213 
425 OmyAC20ROGR    (0)    1 :  0.097 0.828 0.033 0.022 0.021 
426 OmyAC20ROGR    (0)    1 :  0.055 0.093 0.451 0.228 0.172 
427 OmyAC20ROGR    (0)    1 :  0.070 0.188 0.146 0.303 0.294 
428 OmyAC20ROGR    (0)    1 :  0.021 0.912 0.022 0.022 0.022 
429 OmyAC20ROGR    (0)    1 :  0.069 0.027 0.095 0.267 0.542 
430 OmyAC20ROGR    (0)    1 :  0.030 0.087 0.328 0.249 0.306 
431 OmyAC20ROGR    (0)    1 :  0.107 0.452 0.201 0.152 0.088 
432 OmyAC20ROGR    (0)    1 :  0.049 0.841 0.047 0.033 0.030 
433 OmyAC20ROGR    (0)    1 :  0.041 0.870 0.031 0.026 0.031 
434 OmyAC20ROGR    (0)    1 :  0.027 0.206 0.320 0.160 0.286 
435 OmyAC20ROGR    (0)    1 :  0.116 0.017 0.412 0.318 0.137 
436 OmyAC20ROGR    (0)    1 :  0.031 0.041 0.170 0.577 0.180 
437 OmyAC20ROGR    (0)    1 :  0.042 0.611 0.076 0.126 0.145 
438 OmyAC20ROGR    (0)    1 :  0.054 0.298 0.426 0.083 0.139 
439 OmyAC20ROGR    (0)    1 :  0.061 0.051 0.376 0.205 0.307 
440 OmyAC20ROGR    (0)    1 :  0.067 0.731 0.069 0.063 0.070 
441 OmyAC20ROGR    (0)    1 :  0.124 0.022 0.290 0.333 0.232 
442 OmyAC20ROGR    (0)    1 :  0.069 0.048 0.455 0.216 0.212 
443 OmyAC20ROGR    (0)    1 :  0.443 0.025 0.409 0.052 0.071 
444 OmyAC20ROGR    (0)    1 :  0.048 0.100 0.118 0.393 0.341 
445 OmyAC20ROGR    (0)    1 :  0.045 0.107 0.297 0.199 0.353 
446 OmyJC18ROGR    (0)    2 :  0.508 0.046 0.086 0.208 0.152 
447 OmyJC18ROGR    (0)    2 :  0.091 0.061 0.323 0.311 0.213 
448 OmyJC18ROGR    (0)    2 :  0.036 0.066 0.240 0.514 0.145 
449 OmyJC18ROGR    (0)    2 :  0.084 0.668 0.060 0.067 0.120 
450 OmyJC18ROGR    (0)    2 :  0.060 0.679 0.098 0.058 0.105 
451 OmyJC18ROGR    (0)    2 :  0.028 0.834 0.065 0.029 0.044 
452 OmyJC18ROGR    (0)    2 :  0.181 0.251 0.174 0.297 0.098 
453 OmyJC18ROGR    (0)    2 :  0.524 0.030 0.225 0.103 0.119 
454 OmyJC18ROGR    (0)    2 :  0.026 0.840 0.067 0.031 0.036 
455 OmyJC18ROGR    (0)    2 :  0.047 0.034 0.298 0.295 0.327 
456 OmyJC18ROGR    (0)    2 :  0.024 0.858 0.040 0.037 0.040 
457 OmyJC18ROGR    (0)    2 :  0.047 0.049 0.449 0.284 0.171 
458 OmyJC18ROGR    (0)    2 :  0.444 0.153 0.130 0.143 0.129 
459 OmyJC18ROGR    (0)    2 :  0.249 0.019 0.163 0.152 0.417 
460 OmyJC18ROGR    (2)    2 :  0.087 0.417 0.156 0.082 0.258 
461 OmyJC18ROGR    (1)    2 :  0.198 0.319 0.179 0.167 0.136 
462 OmyJC18ROGR    (3)    2 :  0.096 0.386 0.273 0.074 0.171 
463 OmyJC18ROGR    (1)    2 :  0.078 0.671 0.077 0.098 0.077 
464 OmyJC18ROGR    (3)    2 :  0.032 0.023 0.144 0.646 0.154 
465 OmyJC18ROGR    (3)    2 :  0.057 0.059 0.218 0.228 0.437 
466 OmyJC18ROGR    (0)    2 :  0.061 0.147 0.425 0.218 0.149 
467 OmyJC18ROGR    (1)    2 :  0.072 0.042 0.254 0.175 0.457 
468 OmyJC18ROGR    (0)    2 :  0.033 0.044 0.179 0.275 0.469 
469 OmyJC18ROGR    (0)    2 :  0.028 0.749 0.079 0.044 0.100 
470 OmyJC18ROGR    (3)    2 :  0.088 0.493 0.105 0.154 0.161 
471 OmyJC18ROGR    (1)    2 :  0.133 0.266 0.158 0.228 0.215 
472 OmyJC18ROGR    (1)    2 :  0.050 0.082 0.411 0.270 0.186 
473 OmyJC18ROGR    (2)    2 :  0.073 0.027 0.238 0.519 0.143 
474 OmyJC18ROGR    (0)    2 :  0.544 0.037 0.125 0.189 0.105 
475 OmyJC18ROGR    (1)    2 :  0.236 0.631 0.050 0.041 0.042 
476 OmyJC18ROGR    (2)    2 :  0.370 0.020 0.167 0.174 0.269 
477 OmyJC18ROGR    (3)    2 :  0.080 0.086 0.348 0.111 0.375 
478 OmyJC18ROGR    (0)    2 :  0.350 0.051 0.326 0.166 0.106 
479 OmyJC18ROGR    (0)    2 :  0.063 0.019 0.104 0.624 0.190 
480 OmyJC18ROGR    (0)    2 :  0.071 0.160 0.246 0.280 0.243 
481 OmyJC18ROGR    (2)    2 :  0.164 0.201 0.332 0.205 0.098 
482 OmyJC18ROGR    (3)    2 :  0.074 0.020 0.200 0.197 0.509 
483 OmyJC18ROGR    (3)    2 :  0.032 0.040 0.236 0.251 0.441 
484 OmyJC18ROGR    (3)    2 :  0.157 0.039 0.300 0.185 0.318 
485 OmyJC18ROGR    (2)    2 :  0.052 0.625 0.095 0.132 0.097 
486 OmyJC18ROGR    (2)    2 :  0.072 0.410 0.203 0.141 0.174 
487 OmyJC18ROGR    (1)    2 :  0.268 0.092 0.353 0.137 0.150 
488 OmyJC18ROGR    (3)    2 :  0.081 0.061 0.435 0.227 0.196 
489 OmyJC18ROGR    (0)    2 :  0.117 0.031 0.468 0.135 0.249 
490 OmyJC18ROGR    (2)    2 :  0.104 0.084 0.250 0.203 0.359 
491 OmyJC18ROGR    (4)    2 :  0.570 0.131 0.087 0.108 0.104 
492 OmyJC18ROGR    (4)    2 :  0.744 0.023 0.087 0.068 0.079 
493 OmyJC18ROGR    (3)    2 :  0.044 0.108 0.473 0.258 0.116 
494 OmyJC18ROGR    (3)    2 :  0.021 0.865 0.030 0.038 0.047 
495 OmyJC18ROGR    (3)    2 :  0.418 0.172 0.130 0.149 0.131 
496 OmyJC18ROGR    (0)    2 :  0.240 0.085 0.271 0.148 0.256 
497 OmyJC18ROGR    (5)    2 :  0.205 0.091 0.184 0.190 0.329 
498 OmyJC18ROGR    (3)    2 :  0.102 0.189 0.378 0.185 0.147 
499 OmyJC18ROGR    (1)    2 :  0.138 0.045 0.383 0.163 0.272 
500 OmyJC18ROGR    (1)    2 :  0.100 0.028 0.287 0.280 0.305 
501 OmyJC18ROGR    (3)    2 :  0.077 0.436 0.189 0.200 0.098 
502 OmyJC18ROGR    (1)    2 :  0.031 0.174 0.059 0.198 0.538 
503 OmyJC18ROGR    (4)    2 :  0.033 0.060 0.190 0.401 0.316 
504 OmyJC18ROGR    (1)    2 :  0.037 0.313 0.087 0.132 0.431 
505 OmyJC18ROGR    (0)    2 :  0.289 0.254 0.160 0.129 0.168 
506 OmyJC18ROGR    (6)    2 :  0.237 0.056 0.466 0.140 0.101 
507 OmyJC18ROGR    (0)    2 :  0.072 0.147 0.358 0.236 0.188 
508 OmyJC18ROGR    (0)    2 :  0.061 0.080 0.228 0.211 0.420 
509 OmyJC18ROGR    (2)    2 :  0.037 0.874 0.032 0.029 0.028 
510 OmyJC18ROGR    (1)    2 :  0.151 0.030 0.296 0.292 0.231 
511 OmyJC18ROGR    (3)    2 :  0.686 0.099 0.069 0.086 0.060 
512 OmyJC18ROGR    (2)    2 :  0.024 0.753 0.068 0.082 0.072 
513 OmyJC18ROGR    (7)    2 :  0.427 0.174 0.213 0.084 0.102 
514 OmyJC18ROGR    (3)    2 :  0.212 0.564 0.052 0.080 0.092 
515 OmyJC18ROGR    (0)    2 :  0.110 0.064 0.322 0.290 0.213 
516 OmyJC18ROGR    (2)    2 :  0.111 0.207 0.182 0.374 0.127 
517 OmyJC18ROGR    (2)    2 :  0.217 0.224 0.330 0.113 0.115 
518 OmyJC18ROGR    (0)    2 :  0.089 0.046 0.217 0.363 0.285 
519 OmyJC18ROGR    (7)    2 :  0.717 0.060 0.078 0.086 0.059 
520 OmyJC18ROGR    (4)    2 :  0.357 0.217 0.221 0.128 0.077 
521 OmyJC18ROGR    (1)    2 :  0.256 0.172 0.264 0.172 0.136 
522 OmyJC18ROGR    (1)    2 :  0.043 0.100 0.444 0.164 0.248 
523 OmyJC18ROGR    (3)    2 :  0.096 0.042 0.165 0.231 0.467 
524 OmyJC18ROGR    (1)    2 :  0.042 0.037 0.310 0.204 0.407 
525 OmyJC18ROGR    (2)    2 :  0.305 0.128 0.096 0.098 0.373 
526 OmyJC18ROGR    (1)    2 :  0.301 0.084 0.142 0.178 0.294 
527 OmyJC18ROGR    (0)    2 :  0.266 0.035 0.259 0.251 0.190 
528 OmyJC18ROGR    (0)    2 :  0.063 0.038 0.143 0.432 0.325 
529 OmyJC18ROGR    (1)    2 :  0.072 0.032 0.268 0.490 0.137 
530 OmyJC18ROGR    (0)    2 :  0.042 0.029 0.129 0.193 0.607 
531 OmyJC18ROGR    (0)    2 :  0.036 0.035 0.089 0.684 0.156 
532 OmyJC18ROGR    (1)    2 :  0.078 0.029 0.391 0.190 0.311 
533 OmyJC18ROGR    (2)    2 :  0.150 0.021 0.315 0.384 0.130 
534 OmyJC18ROGR    (2)    2 :  0.078 0.055 0.430 0.249 0.188 
535 OmyJC18ROGR    (0)    2 :  0.377 0.055 0.115 0.222 0.231 
536 OmyJC18ROGR    (0)    2 :  0.732 0.033 0.078 0.104 0.053 
537 OmyJC18ROGR    (0)    2 :  0.321 0.029 0.267 0.256 0.127 
538 OmyJC18ROGR    (0)    2 :  0.040 0.039 0.218 0.583 0.120 
539 OmyJC18ROGR    (1)    2 :  0.079 0.052 0.100 0.205 0.564 
540 OmyJC18ROGR    (6)    2 :  0.065 0.045 0.716 0.108 0.067 
541 OmyJC18ROGR    (1)    2 :  0.146 0.060 0.168 0.498 0.129 
542 OmyJC18ROGR    (1)    2 :  0.132 0.171 0.120 0.467 0.110 
543 OmyJC18ROGR    (0)    2 :  0.068 0.214 0.316 0.265 0.138 
544 OmyJC18ROGR    (2)    2 :  0.199 0.042 0.154 0.362 0.243 
545 OmyJC18ROGR    (1)    2 :  0.024 0.595 0.136 0.069 0.175 
546 OmyJC18ROGR    (6)    2 :  0.048 0.015 0.075 0.692 0.170 
547 OmyJC18ROGR    (0)    2 :  0.028 0.107 0.320 0.216 0.328 
548 OmyJC18ROGR    (1)    2 :  0.102 0.128 0.536 0.113 0.121 
549 OmyJC18ROGR    (0)    2 :  0.061 0.043 0.185 0.540 0.171 
550 OmyJC18ROGR    (1)    2 :  0.050 0.754 0.077 0.061 0.058 
551 OmyJC18ROGR    (1)    2 :  0.551 0.064 0.199 0.083 0.103 
552 OmyJC18ROGR    (2)    2 :  0.060 0.102 0.387 0.283 0.168 
553 OmyJC18ROGR    (7)    2 :  0.141 0.064 0.100 0.427 0.268 
554 OmyJC18ROGR    (2)    2 :  0.126 0.033 0.198 0.438 0.205 
555 OmyJC18ROGR    (3)    2 :  0.193 0.036 0.274 0.196 0.302 
556 OmyJC18ROGR    (0)    2 :  0.734 0.075 0.069 0.082 0.040 
557 OmyJC18ROGR    (1)    2 :  0.080 0.496 0.215 0.106 0.103 
558 OmyJC18ROGR    (0)    2 :  0.713 0.130 0.056 0.056 0.045 
559 OmyJC18ROGR    (0)    2 :  0.052 0.026 0.196 0.100 0.626 
560 OmyJC18ROGR    (5)    2 :  0.175 0.093 0.463 0.103 0.166 
561 OmyJC18ROGR    (0)    2 :  0.039 0.027 0.137 0.244 0.553 
562 OmyJC18ROGR    (6)    2 :  0.317 0.044 0.163 0.334 0.142 
563 OmyJC18ROGR    (2)    2 :  0.216 0.074 0.265 0.268 0.177 
564 OmyJC18ROGR    (3)    2 :  0.341 0.287 0.109 0.163 0.101 
565 OmyJC18ROGR    (3)    2 :  0.136 0.092 0.295 0.183 0.295 
566 OmyJC18ROGR    (1)    2 :  0.053 0.064 0.511 0.127 0.245 
567 OmyJC18ROGR    (0)    2 :  0.095 0.025 0.259 0.240 0.382 
568 OmyJC18ROGR    (3)    2 :  0.350 0.115 0.086 0.360 0.088 
569 OmyJC18ROGR    (2)    2 :  0.091 0.047 0.374 0.207 0.281 
570 OmyJC18ROGR    (0)    2 :  0.042 0.063 0.276 0.278 0.341 
571 OmyJC18ROGR    (1)    2 :  0.026 0.021 0.144 0.439 0.371 
572 OmyJC18ROGR    (4)    2 :  0.459 0.051 0.114 0.115 0.260 
573 OmyJC18ROGR    (3)    2 :  0.153 0.440 0.108 0.106 0.193 
574 OmyJC18ROGR    (5)    2 :  0.105 0.191 0.207 0.385 0.112 
575 OmyJC18ROGR    (3)    2 :  0.372 0.028 0.252 0.242 0.107 
576 OmyJC18ROGR    (0)    2 :  0.153 0.058 0.143 0.473 0.172 
577 OmyJC18ROGR    (0)    2 :  0.020 0.862 0.032 0.048 0.037 
578 OmyJC18ROGR    (1)    2 :  0.039 0.031 0.252 0.449 0.229 
579 OmyJC18ROGR    (0)    2 :  0.063 0.748 0.076 0.041 0.072 
580 OmyJC18ROGR    (0)    2 :  0.257 0.018 0.237 0.295 0.193 
581 OmyJC18ROGR    (3)    2 :  0.065 0.067 0.223 0.213 0.433 
582 OmyJC18ROGR    (6)    2 :  0.205 0.033 0.178 0.263 0.321 
583 OmyJC18ROGR    (3)    2 :  0.381 0.034 0.078 0.379 0.127 
584 OmyJC18ROGR    (3)    2 :  0.256 0.073 0.144 0.288 0.238 
585 OmyJC18ROGR    (1)    2 :  0.055 0.059 0.646 0.100 0.139 
586 OmyJC18ROGR    (1)    2 :  0.087 0.016 0.119 0.579 0.199 
587 OmyJC18ROGR    (0)    2 :  0.021 0.898 0.024 0.032 0.025 
588 OmyJC18ROGR    (0)    2 :  0.517 0.225 0.089 0.072 0.096 
589 OmyJC18ROGR    (1)    2 :  0.097 0.054 0.437 0.305 0.107 
590 OmyJC18ROGR    (2)    2 :  0.031 0.011 0.094 0.702 0.162 
591 OmyJC18ROGR    (0)    2 :  0.112 0.053 0.272 0.292 0.271 
592 OmyJC18ROGR    (3)    2 :  0.065 0.063 0.142 0.579 0.151 
593 OmyJC18ROGR    (0)    2 :  0.321 0.113 0.249 0.115 0.201 
594 OmyJC18ROGR    (1)    2 :  0.098 0.041 0.325 0.307 0.229 
595 OmyJC18ROGR    (0)    2 :  0.332 0.062 0.359 0.152 0.095 
596 OmyJC18ROGR    (1)    2 :  0.135 0.096 0.148 0.287 0.333 
597 OmyJC18ROGR    (0)    2 :  0.161 0.068 0.389 0.252 0.130 
598 OmyJC18ROGR    (1)    2 :  0.049 0.067 0.243 0.315 0.327 
599 OmyJC18ROGR    (0)    2 :  0.077 0.066 0.149 0.418 0.291 
600 OmyJC18ROGR    (0)    2 :  0.408 0.037 0.268 0.170 0.117 
601 OmyJC18ROGR    (0)    2 :  0.221 0.033 0.258 0.245 0.243 
602 OmyJC18ROGR    (0)    2 :  0.057 0.094 0.226 0.126 0.496 
603 OmyJC18ROGR    (0)    2 :  0.303 0.032 0.366 0.135 0.163 
604 OmyJC18ROGR    (0)    2 :  0.167 0.043 0.140 0.335 0.314 
605 OmyJC18ROGR    (0)    2 :  0.593 0.026 0.251 0.043 0.087 
606 OmyJC18ROGR    (0)    2 :  0.269 0.058 0.275 0.287 0.111 
