

----------------------------------------------------
STRUCTURE by Pritchard, Stephens and Donnelly (2000)
     and Falush, Stephens and Pritchard (2003)
       Code by Pritchard, Falush and Hubisz
             Version 2.3.4 (Jul 2012)
----------------------------------------------------



Command line arguments:   bin/structure -m "/Users/ddayan/FRA/premature_migration/Rogue_Half-Pounder/half-pounder/structure/halfpounder_2021/10k_20k_adm_corr/mainparams" -e "/Users/ddayan/FRA/premature_migration/Rogue_Half-Pounder/half-pounder/structure/halfpounder_2021/10k_20k_adm_corr/extraparams" 
Input File:    /Users/ddayan/FRA/premature_migration/Rogue_Half-Pounder/half-pounder/structure/halfpounder_2021/project_data

Run parameters:
   1000 individuals
   328 loci
   4 populations assumed
   10000 Burn-in period
   20000 Reps


--------------------------------------------
Proportion of membership of each pre-defined
 population in each of the 4 clusters

Given    Inferred Clusters              Number of
 Pop       1      2      3      4      Individuals

  1:     0.235  0.278  0.225  0.263      275
  2:     0.223  0.267  0.246  0.265      643
  3:     0.064  0.098  0.743  0.094       42
  4:     0.078  0.380  0.127  0.415       40
--------------------------------------------

Allele-freq. divergence among pops (Net nucleotide distance),
computed using point estimates of P.

      1       2       3       4      
 1      -    0.0082  0.0104  0.0084  
 2   0.0082     -    0.0030  0.0007  
 3   0.0104  0.0030     -    0.0033  
 4   0.0084  0.0007  0.0033     -    

Average distances (expected heterozygosity) between individuals in same cluster:
cluster  1  : 0.2619 
cluster  2  : 0.2928 
cluster  3  : 0.2884 
cluster  4  : 0.2930 

--------------------------------------------
Estimated Ln Prob of Data   = -285525.4
Mean value of ln likelihood = -283941.5
Variance of ln likelihood   = 3167.8
Mean value of alpha         = 0.2792

Mean value of Fst_1         = 0.0711
Mean value of Fst_2         = 0.0075
Mean value of Fst_3         = 0.0224
Mean value of Fst_4         = 0.0105


Inferred ancestry of individuals:
        Label (%Miss) Pop:  Inferred clusters
  1 OmyAC19ROGR    (0)    1 :  0.023 0.463 0.322 0.192 
  2 OmyAC19ROGR    (0)    1 :  0.119 0.351 0.428 0.102 
  3 OmyAC19ROGR    (0)    1 :  0.101 0.403 0.375 0.120 
  4 OmyAC19ROGR    (0)    1 :  0.033 0.316 0.235 0.416 
  5 OmyAC19ROGR    (1)    1 :  0.946 0.020 0.013 0.021 
  6 OmyAC19ROGR    (0)    1 :  0.217 0.555 0.093 0.135 
  7 OmyAC19ROGR    (0)    1 :  0.237 0.192 0.185 0.386 
  8 OmyAC19ROGR    (0)    1 :  0.023 0.155 0.284 0.538 
  9 OmyAC19ROGR    (0)    1 :  0.311 0.359 0.252 0.077 
 10 OmyAC19ROGR    (0)    1 :  0.526 0.143 0.213 0.118 
 11 OmyAC19ROGR    (0)    1 :  0.083 0.312 0.229 0.376 
 12 OmyAC19ROGR    (0)    1 :  0.129 0.645 0.077 0.149 
 13 OmyAC19ROGR    (0)    1 :  0.037 0.119 0.150 0.695 
 14 OmyAC19ROGR    (0)    1 :  0.491 0.140 0.040 0.328 
 15 OmyAC19ROGR    (0)    1 :  0.461 0.079 0.046 0.415 
 16 OmyAC19ROGR    (0)    1 :  0.126 0.237 0.198 0.439 
 17 OmyAC19ROGR    (0)    1 :  0.110 0.445 0.038 0.407 
 18 OmyAC19ROGR    (2)    1 :  0.038 0.192 0.425 0.345 
 19 OmyAC19ROGR    (1)    1 :  0.088 0.162 0.213 0.537 
 20 OmyAC19ROGR    (0)    1 :  0.281 0.344 0.069 0.307 
 21 OmyAC19ROGR    (1)    1 :  0.301 0.228 0.159 0.312 
 22 OmyAC19ROGR    (0)    1 :  0.108 0.209 0.465 0.218 
 23 OmyAC19ROGR    (0)    1 :  0.335 0.330 0.179 0.157 
 24 OmyAC19ROGR    (0)    1 :  0.027 0.088 0.833 0.052 
 25 OmyAC19ROGR    (0)    1 :  0.284 0.147 0.134 0.435 
 26 OmyAC19ROGR    (0)    1 :  0.148 0.309 0.389 0.154 
 27 OmyAC19ROGR    (1)    1 :  0.074 0.305 0.079 0.542 
 28 OmyAC19ROGR    (0)    1 :  0.040 0.047 0.869 0.043 
 29 OmyAC19ROGR    (0)    1 :  0.092 0.327 0.216 0.365 
 30 OmyAC19ROGR    (0)    1 :  0.756 0.094 0.083 0.068 
 31 OmyAC19ROGR    (0)    1 :  0.065 0.321 0.217 0.397 
 32 OmyAC19ROGR    (0)    1 :  0.199 0.195 0.329 0.278 
 33 OmyAC19ROGR    (1)    1 :  0.130 0.365 0.381 0.124 
 34 OmyAC19ROGR    (0)    1 :  0.543 0.076 0.094 0.288 
 35 OmyAC19ROGR    (0)    1 :  0.090 0.255 0.483 0.172 
 36 OmyAC19ROGR    (0)    1 :  0.225 0.334 0.152 0.290 
 37 OmyAC19ROGR    (0)    1 :  0.155 0.091 0.654 0.101 
 38 OmyAC19ROGR    (0)    1 :  0.459 0.071 0.376 0.094 
 39 OmyAC19ROGR    (0)    1 :  0.124 0.365 0.102 0.409 
 40 OmyAC19ROGR    (0)    1 :  0.369 0.284 0.081 0.266 
 41 OmyAC19ROGR    (1)    1 :  0.062 0.354 0.111 0.473 
 42 OmyAC19ROGR    (0)    1 :  0.854 0.051 0.027 0.068 
 43 OmyAC19ROGR    (0)    1 :  0.060 0.581 0.217 0.142 
 44 OmyAC19ROGR    (6)    1 :  0.054 0.675 0.143 0.128 
 45 OmyAC19ROGR    (1)    1 :  0.398 0.165 0.335 0.101 
 46 OmyAC19ROGR    (0)    1 :  0.113 0.186 0.546 0.154 
 47 OmyAC19ROGR    (0)    1 :  0.081 0.101 0.739 0.079 
 48 OmyAC19ROGR    (0)    1 :  0.064 0.495 0.169 0.272 
 49 OmyAC19ROGR    (0)    1 :  0.049 0.346 0.383 0.222 
 50 OmyAC19ROGR    (0)    1 :  0.034 0.294 0.048 0.624 
 51 OmyAC19ROGR    (2)    1 :  0.756 0.090 0.064 0.090 
 52 OmyAC19ROGR    (0)    1 :  0.867 0.043 0.053 0.037 
 53 OmyAC19ROGR    (1)    1 :  0.046 0.117 0.762 0.075 
 54 OmyAC19ROGR    (0)    1 :  0.091 0.165 0.586 0.158 
 55 OmyAC19ROGR    (3)    1 :  0.121 0.284 0.102 0.493 
 56 OmyAC19ROGR    (0)    1 :  0.107 0.077 0.698 0.118 
 57 OmyAC19ROGR    (0)    1 :  0.028 0.098 0.739 0.135 
 58 OmyAC19ROGR    (0)    1 :  0.723 0.105 0.072 0.101 
 59 OmyAC19ROGR    (0)    1 :  0.026 0.172 0.615 0.188 
 60 OmyAC19ROGR    (1)    1 :  0.153 0.259 0.134 0.453 
 61 OmyAC19ROGR    (0)    1 :  0.077 0.216 0.572 0.134 
 62 OmyAC19ROGR    (0)    1 :  0.051 0.640 0.143 0.165 
 63 OmyAC19ROGR    (0)    1 :  0.280 0.143 0.464 0.112 
 64 OmyAC19ROGR    (2)    1 :  0.106 0.433 0.175 0.286 
 65 OmyAC19ROGR    (0)    1 :  0.074 0.235 0.170 0.521 
 66 OmyAC19ROGR    (3)    1 :  0.354 0.137 0.072 0.437 
 67 OmyAC19ROGR    (0)    1 :  0.046 0.092 0.684 0.177 
 68 OmyAC19ROGR    (1)    1 :  0.091 0.314 0.480 0.115 
 69 OmyAC19ROGR    (2)    1 :  0.248 0.075 0.588 0.089 
 70 OmyAC19ROGR    (0)    1 :  0.050 0.372 0.334 0.243 
 71 OmyAC19ROGR    (0)    1 :  0.055 0.306 0.211 0.429 
 72 OmyAC19ROGR    (4)    1 :  0.040 0.528 0.148 0.285 
 73 OmyAC19ROGR    (0)    1 :  0.239 0.230 0.399 0.132 
 74 OmyAC19ROGR    (0)    1 :  0.040 0.761 0.042 0.157 
 75 OmyAC19ROGR    (0)    1 :  0.165 0.151 0.324 0.360 
 76 OmyAC19ROGR    (0)    1 :  0.075 0.116 0.745 0.064 
 77 OmyAC19ROGR    (1)    1 :  0.918 0.030 0.025 0.027 
 78 OmyAC19ROGR    (0)    1 :  0.060 0.479 0.144 0.318 
 79 OmyAC19ROGR    (2)    1 :  0.088 0.426 0.242 0.243 
 80 OmyAC19ROGR    (1)    1 :  0.717 0.079 0.115 0.090 
 81 OmyAC19ROGR    (2)    1 :  0.485 0.251 0.103 0.161 
 82 OmyAC19ROGR    (1)    1 :  0.027 0.143 0.741 0.090 
 83 OmyAC19ROGR    (0)    1 :  0.072 0.138 0.506 0.283 
 84 OmyAC19ROGR    (0)    1 :  0.228 0.440 0.109 0.223 
 85 OmyAC19ROGR    (5)    1 :  0.052 0.235 0.323 0.390 
 86 OmyAC19ROGR    (0)    1 :  0.154 0.350 0.037 0.459 
 87 OmyAC19ROGR    (1)    1 :  0.066 0.317 0.483 0.133 
 88 OmyJC19ROGR    (0)    2 :  0.858 0.045 0.035 0.063 
 89 OmyJC19ROGR    (0)    2 :  0.118 0.374 0.147 0.361 
 90 OmyJC19ROGR    (0)    2 :  0.900 0.035 0.029 0.037 
 91 OmyJC19ROGR    (1)    2 :  0.022 0.276 0.380 0.322 
 92 OmyJC19ROGR    (0)    2 :  0.085 0.081 0.711 0.123 
 93 OmyJC19ROGR    (0)    2 :  0.026 0.097 0.811 0.066 
 94 OmyJC19ROGR    (0)    2 :  0.200 0.446 0.062 0.292 
 95 OmyJC19ROGR    (0)    2 :  0.189 0.585 0.063 0.162 
 96 OmyJC19ROGR    (0)    2 :  0.095 0.200 0.080 0.625 
 97 OmyJC19ROGR    (0)    2 :  0.185 0.052 0.728 0.035 
 98 OmyJC19ROGR    (0)    2 :  0.050 0.397 0.178 0.375 
 99 OmyJC19ROGR    (0)    2 :  0.121 0.105 0.556 0.219 
100 OmyJC19ROGR    (1)    2 :  0.074 0.404 0.133 0.389 
101 OmyJC19ROGR    (0)    2 :  0.532 0.143 0.216 0.110 
102 OmyJC19ROGR    (0)    2 :  0.116 0.296 0.086 0.502 
103 OmyJC19ROGR    (0)    2 :  0.213 0.273 0.294 0.220 
104 OmyJC19ROGR    (0)    2 :  0.048 0.198 0.609 0.145 
105 OmyJC19ROGR    (0)    2 :  0.175 0.130 0.616 0.079 
106 OmyJC19ROGR    (0)    2 :  0.914 0.026 0.038 0.022 
107 OmyJC19ROGR    (1)    2 :  0.134 0.186 0.180 0.500 
108 OmyJC19ROGR    (0)    2 :  0.085 0.222 0.394 0.299 
109 OmyJC19ROGR    (0)    2 :  0.226 0.250 0.043 0.481 
110 OmyJC19ROGR    (0)    2 :  0.331 0.089 0.504 0.076 
111 OmyJC19ROGR    (1)    2 :  0.109 0.083 0.622 0.185 
112 OmyJC19ROGR    (2)    2 :  0.161 0.404 0.080 0.355 
113 OmyJC19ROGR    (0)    2 :  0.669 0.100 0.075 0.156 
114 OmyJC19ROGR    (3)    2 :  0.067 0.423 0.166 0.344 
115 OmyJC19ROGR    (1)    2 :  0.092 0.368 0.474 0.066 
116 OmyJC19ROGR    (0)    2 :  0.142 0.431 0.128 0.299 
117 OmyJC19ROGR    (0)    2 :  0.220 0.339 0.098 0.343 
118 OmyJC19ROGR    (0)    2 :  0.035 0.484 0.249 0.232 
119 OmyJC19ROGR    (2)    2 :  0.075 0.359 0.092 0.474 
120 OmyJC19ROGR    (0)    2 :  0.021 0.063 0.848 0.068 
121 OmyJC19ROGR    (0)    2 :  0.065 0.526 0.073 0.336 
122 OmyJC19ROGR    (0)    2 :  0.088 0.368 0.235 0.309 
123 OmyJC19ROGR    (0)    2 :  0.031 0.294 0.253 0.421 
124 OmyJC19ROGR    (0)    2 :  0.170 0.620 0.094 0.115 
125 OmyJC19ROGR    (0)    2 :  0.130 0.252 0.523 0.094 
126 OmyJC19ROGR    (1)    2 :  0.730 0.135 0.059 0.077 
127 OmyJC19ROGR    (0)    2 :  0.061 0.112 0.077 0.750 
128 OmyJC19ROGR    (1)    2 :  0.065 0.115 0.714 0.105 
129 OmyJC19ROGR    (0)    2 :  0.384 0.149 0.266 0.202 
130 OmyJC19ROGR    (2)    2 :  0.068 0.752 0.048 0.133 
131 OmyJC19ROGR    (0)    2 :  0.121 0.358 0.332 0.188 
132 OmyJC19ROGR    (1)    2 :  0.061 0.193 0.594 0.152 
133 OmyJC19ROGR    (0)    2 :  0.037 0.481 0.189 0.292 
134 OmyJC19ROGR    (0)    2 :  0.109 0.258 0.192 0.441 
135 OmyJC19ROGR    (1)    2 :  0.040 0.042 0.876 0.043 
136 OmyJC19ROGR    (3)    2 :  0.053 0.501 0.183 0.263 
137 OmyJC19ROGR    (0)    2 :  0.231 0.238 0.071 0.460 
138 OmyJC19ROGR    (0)    2 :  0.737 0.110 0.051 0.102 
139 OmyJC19ROGR    (2)    2 :  0.036 0.446 0.119 0.399 
140 OmyJC19ROGR    (2)    2 :  0.134 0.156 0.113 0.597 
141 OmyJC19ROGR    (0)    2 :  0.345 0.153 0.196 0.305 
142 OmyJC19ROGR    (0)    2 :  0.347 0.178 0.254 0.222 
143 OmyJC19ROGR    (0)    2 :  0.067 0.115 0.757 0.061 
144 OmyJC19ROGR    (0)    2 :  0.025 0.364 0.122 0.490 
145 OmyJC19ROGR    (0)    2 :  0.041 0.667 0.051 0.241 
146 OmyJC19ROGR    (1)    2 :  0.098 0.111 0.701 0.090 
147 OmyJC19ROGR    (0)    2 :  0.096 0.202 0.223 0.479 
148 OmyJC19ROGR    (0)    2 :  0.033 0.259 0.211 0.497 
149 OmyJC19ROGR    (1)    2 :  0.111 0.149 0.555 0.184 
150 OmyJC19ROGR    (1)    2 :  0.082 0.117 0.627 0.173 
151 OmyJC19ROGR    (0)    2 :  0.163 0.240 0.208 0.389 
152 OmyJC19ROGR    (0)    2 :  0.060 0.435 0.186 0.319 
153 OmyJC19ROGR    (0)    2 :  0.040 0.037 0.870 0.053 
154 OmyJC19ROGR    (1)    2 :  0.086 0.542 0.072 0.301 
155 OmyJC19ROGR    (0)    2 :  0.134 0.318 0.327 0.222 
156 OmyJC19ROGR    (1)    2 :  0.142 0.222 0.260 0.377 
157 OmyJC19ROGR    (0)    2 :  0.113 0.346 0.356 0.185 
158 OmyJC19ROGR    (0)    2 :  0.024 0.371 0.311 0.293 
159 OmyJC19ROGR    (0)    2 :  0.064 0.400 0.064 0.471 
160 OmyJC19ROGR    (0)    2 :  0.088 0.162 0.374 0.376 
161 OmyJC19ROGR    (0)    2 :  0.037 0.240 0.420 0.303 
162 OmyJC19ROGR    (0)    2 :  0.073 0.242 0.224 0.462 
163 OmyJC19ROGR    (0)    2 :  0.055 0.175 0.642 0.129 
164 OmyJC19ROGR    (0)    2 :  0.043 0.367 0.114 0.476 
165 OmyJC19ROGR    (0)    2 :  0.034 0.364 0.233 0.369 
166 OmyJC19ROGR    (0)    2 :  0.071 0.566 0.105 0.258 
167 OmyJC19ROGR    (1)    2 :  0.116 0.190 0.510 0.183 
168 OmyJC19ROGR    (0)    2 :  0.095 0.455 0.150 0.300 
169 OmyJC19ROGR    (0)    2 :  0.916 0.022 0.021 0.040 
170 OmyJC19ROGR    (0)    2 :  0.080 0.094 0.733 0.094 
171 OmyJC19ROGR    (0)    2 :  0.039 0.376 0.118 0.467 
172 OmyJC19ROGR    (0)    2 :  0.368 0.088 0.395 0.150 
173 OmyJC19ROGR    (0)    2 :  0.880 0.042 0.034 0.044 
174 OmyJC19ROGR    (0)    2 :  0.044 0.618 0.191 0.148 
175 OmyJC19ROGR    (0)    2 :  0.046 0.597 0.104 0.253 
176 OmyJC19ROGR    (0)    2 :  0.112 0.084 0.636 0.168 
177 OmyJC19ROGR    (0)    2 :  0.018 0.080 0.855 0.047 
178 OmyJC19ROGR    (0)    2 :  0.067 0.370 0.035 0.528 
179 OmyJC19ROGR    (0)    2 :  0.030 0.238 0.507 0.225 
180 OmyJC19ROGR    (0)    2 :  0.859 0.041 0.057 0.043 
181 OmyJC19ROGR    (0)    2 :  0.081 0.551 0.119 0.249 
182 OmyJC19ROGR    (0)    2 :  0.212 0.186 0.140 0.462 
183 OmyJC19ROGR    (0)    2 :  0.043 0.401 0.118 0.437 
184 OmyJC19ROGR    (0)    2 :  0.654 0.070 0.161 0.115 
185 OmyJC19ROGR    (1)    2 :  0.024 0.427 0.239 0.310 
186 OmyJC19ROGR    (0)    2 :  0.112 0.145 0.664 0.078 
187 OmyJC19ROGR    (0)    2 :  0.030 0.796 0.075 0.100 
188 OmyJC19ROGR    (0)    2 :  0.054 0.371 0.218 0.357 
189 OmyJC19ROGR    (0)    2 :  0.222 0.219 0.413 0.146 
190 OmyJC19ROGR    (0)    2 :  0.053 0.101 0.757 0.089 
191 OmyJC19ROGR    (0)    2 :  0.051 0.245 0.600 0.103 
192 OmyJC19ROGR    (0)    2 :  0.047 0.167 0.038 0.747 
193 OmyJC19ROGR    (1)    2 :  0.158 0.355 0.185 0.302 
194 OmyJC19ROGR    (0)    2 :  0.024 0.134 0.073 0.769 
195 OmyJC19ROGR    (0)    2 :  0.806 0.072 0.036 0.086 
196 OmyJC19ROGR    (0)    2 :  0.053 0.812 0.042 0.093 
197 OmyJC19ROGR    (0)    2 :  0.075 0.201 0.475 0.249 
198 OmyJC19ROGR    (0)    2 :  0.741 0.071 0.083 0.104 
199 OmyJC19ROGR    (0)    2 :  0.038 0.375 0.150 0.437 
200 OmyJC19ROGR    (0)    2 :  0.100 0.139 0.671 0.090 
201 OmyJC19ROGR    (0)    2 :  0.033 0.488 0.114 0.365 
202 OmyJC19ROGR    (0)    2 :  0.017 0.047 0.849 0.087 
203 OmyJC19ROGR    (0)    2 :  0.064 0.477 0.176 0.284 
204 OmyJC19ROGR    (0)    2 :  0.061 0.292 0.232 0.415 
205 OmyJC19ROGR    (0)    2 :  0.167 0.513 0.145 0.175 
206 OmyJC19ROGR    (0)    2 :  0.850 0.054 0.045 0.050 
207 OmyJC19ROGR    (0)    2 :  0.331 0.328 0.132 0.210 
208 OmyJC19ROGR    (0)    2 :  0.047 0.214 0.071 0.668 
209 OmyJC19ROGR    (0)    2 :  0.522 0.095 0.279 0.105 
210 OmyJC19ROGR    (0)    2 :  0.891 0.058 0.022 0.030 
211 OmyJC19ROGR    (0)    2 :  0.251 0.241 0.196 0.312 
212 OmyJC19ROGR    (1)    2 :  0.184 0.113 0.567 0.137 
213 OmyJC19ROGR    (1)    2 :  0.052 0.580 0.151 0.218 
214 OmyJC19ROGR    (0)    2 :  0.058 0.608 0.069 0.265 
215 OmyJC19ROGR    (0)    2 :  0.045 0.119 0.112 0.724 
216 OmyJC19ROGR    (0)    2 :  0.797 0.089 0.041 0.073 
217 OmyJC19ROGR    (0)    2 :  0.432 0.222 0.108 0.239 
218 OmyJC19ROGR    (0)    2 :  0.048 0.232 0.582 0.138 
219 OmyJC19ROGR    (0)    2 :  0.143 0.262 0.056 0.539 
220 OmyJC19ROGR    (0)    2 :  0.018 0.338 0.259 0.385 
221 OmyJC19ROGR    (0)    2 :  0.256 0.515 0.118 0.111 
222 OmyJC19ROGR    (0)    2 :  0.053 0.218 0.478 0.251 
223 OmyJC19ROGR    (0)    2 :  0.087 0.429 0.172 0.311 
224 OmyJC19ROGR    (0)    2 :  0.041 0.280 0.095 0.584 
225 OmyJC19ROGR    (0)    2 :  0.925 0.026 0.020 0.030 
226 OmyJC19ROGR    (0)    2 :  0.253 0.401 0.064 0.282 
227 OmyJC19ROGR    (1)    2 :  0.883 0.041 0.050 0.026 
228 OmyJC19ROGR    (0)    2 :  0.054 0.387 0.061 0.497 
229 OmyJC19ROGR    (1)    2 :  0.052 0.498 0.233 0.217 
230 OmyJC19ROGR    (0)    2 :  0.232 0.374 0.243 0.151 
231 OmyJC19ROGR    (0)    2 :  0.112 0.452 0.088 0.347 
232 OmyJC19ROGR    (1)    2 :  0.074 0.414 0.210 0.302 
233 OmyJC19ROGR    (0)    2 :  0.199 0.309 0.150 0.343 
234 OmyJC19ROGR    (0)    2 :  0.899 0.031 0.040 0.030 
235 OmyJC19ROGR    (0)    2 :  0.666 0.074 0.131 0.128 
236 OmyJC19ROGR    (1)    2 :  0.043 0.173 0.216 0.568 
237 OmyJC19ROGR    (0)    2 :  0.083 0.322 0.194 0.401 
238 OmyJC19ROGR    (0)    2 :  0.128 0.413 0.075 0.384 
239 OmyJC19ROGR    (0)    2 :  0.126 0.175 0.128 0.571 
240 OmyJC19ROGR    (0)    2 :  0.070 0.569 0.165 0.197 
241 OmyJC19ROGR    (0)    2 :  0.125 0.145 0.566 0.164 
242 OmyJC19ROGR    (0)    2 :  0.031 0.087 0.184 0.699 
243 OmyJC19ROGR    (0)    2 :  0.069 0.214 0.448 0.268 
244 OmyJC19ROGR    (0)    2 :  0.099 0.219 0.534 0.148 
245 OmyJC19ROGR    (0)    2 :  0.921 0.029 0.026 0.024 
246 OmyJC19ROGR    (0)    2 :  0.232 0.136 0.539 0.093 
247 OmyJC19ROGR    (0)    2 :  0.623 0.113 0.166 0.098 
248 OmyJC19ROGR    (0)    2 :  0.573 0.174 0.108 0.145 
249 OmyJC19ROGR    (0)    2 :  0.093 0.594 0.071 0.241 
250 OmyJC19ROGR    (0)    2 :  0.131 0.227 0.162 0.480 
251 OmyJC19ROGR    (0)    2 :  0.061 0.662 0.117 0.159 
252 OmyJC19ROGR    (0)    2 :  0.048 0.096 0.796 0.061 
253 OmyJC19ROGR    (0)    2 :  0.122 0.254 0.120 0.504 
254 OmyJC19ROGR    (0)    2 :  0.081 0.181 0.601 0.136 
255 OmyJC19ROGR    (0)    2 :  0.046 0.319 0.560 0.076 
256 OmyJC19ROGR    (0)    2 :  0.349 0.163 0.386 0.102 
257 OmyJC19ROGR    (0)    2 :  0.108 0.670 0.080 0.143 
258 OmyAC19ROGR    (0)    1 :  0.213 0.242 0.186 0.358 
259 OmyAC19ROGR    (1)    1 :  0.455 0.211 0.094 0.240 
260 OmyAC19ROGR    (0)    1 :  0.040 0.144 0.108 0.707 
261 OmyAC19ROGR    (0)    1 :  0.081 0.499 0.084 0.336 
262 OmyAC19ROGR    (0)    1 :  0.148 0.446 0.163 0.243 
263 OmyAC19ROGR    (0)    1 :  0.082 0.195 0.548 0.175 
264 OmyAC19ROGR    (0)    1 :  0.087 0.454 0.168 0.291 
265 OmyAC19ROGR    (0)    1 :  0.070 0.475 0.274 0.182 
266 OmyAC19ROGR    (0)    1 :  0.033 0.747 0.082 0.139 
267 OmyAC19ROGR    (0)    1 :  0.177 0.424 0.164 0.235 
268 OmyAC19ROGR    (1)    1 :  0.209 0.131 0.512 0.149 
269 OmyAC19ROGR    (1)    1 :  0.198 0.289 0.075 0.437 
270 OmyAC19ROGR    (0)    1 :  0.041 0.389 0.502 0.068 
271 OmyAC19ROGR    (0)    1 :  0.336 0.171 0.106 0.387 
272 OmyAC19ROGR    (0)    1 :  0.214 0.479 0.057 0.251 
273 OmyAC19ROGR    (0)    1 :  0.060 0.269 0.231 0.439 
274 OmyAC19ROGR    (0)    1 :  0.784 0.089 0.063 0.064 
275 OmyAC19ROGR    (0)    1 :  0.135 0.145 0.353 0.367 
276 OmyAC19ROGR    (0)    1 :  0.098 0.212 0.168 0.521 
277 OmyAC19ROGR    (0)    1 :  0.113 0.348 0.053 0.486 
278 OmyAC19ROGR    (0)    1 :  0.379 0.263 0.083 0.275 
279 OmyAC19ROGR    (0)    1 :  0.220 0.111 0.063 0.606 
280 OmyAC19ROGR    (0)    1 :  0.146 0.416 0.327 0.111 
281 OmyAC19ROGR    (0)    1 :  0.070 0.269 0.137 0.523 
282 OmyAC19ROGR    (0)    1 :  0.231 0.415 0.195 0.158 
283 OmyAC19ROGR    (0)    1 :  0.070 0.383 0.127 0.419 
284 OmyAC19ROGR    (0)    1 :  0.038 0.431 0.214 0.317 
285 OmyAC19ROGR    (0)    1 :  0.081 0.250 0.381 0.287 
286 OmyAC19ROGR    (0)    1 :  0.033 0.253 0.333 0.382 
287 OmyAC19ROGR    (0)    1 :  0.950 0.017 0.015 0.018 
288 OmyAC19ROGR    (0)    1 :  0.790 0.069 0.047 0.094 
289 OmyAC19ROGR    (0)    1 :  0.184 0.155 0.101 0.560 
290 OmyAC19ROGR    (1)    1 :  0.937 0.018 0.021 0.024 
291 OmyAC19ROGR    (0)    1 :  0.469 0.196 0.207 0.128 
292 OmyAC19ROGR    (1)    1 :  0.242 0.340 0.098 0.321 
293 OmyAC19ROGR    (0)    1 :  0.034 0.111 0.702 0.153 
294 OmyAC19ROGR    (0)    1 :  0.428 0.160 0.072 0.340 
295 OmyAC19ROGR    (0)    1 :  0.044 0.378 0.213 0.365 
296 OmyAC19ROGR    (0)    1 :  0.053 0.196 0.171 0.580 
297 OmyAC19ROGR    (0)    1 :  0.767 0.113 0.036 0.084 
298 OmyAC19ROGR    (0)    1 :  0.040 0.269 0.078 0.613 
299 OmyAC19ROGR    (0)    1 :  0.307 0.174 0.309 0.210 
300 OmyAC19ROGR    (0)    1 :  0.048 0.359 0.170 0.423 
301 OmyAC19ROGR    (0)    1 :  0.901 0.035 0.024 0.040 
302 OmyAC19ROGR    (0)    1 :  0.502 0.167 0.080 0.252 
303 OmyAC19ROGR    (0)    1 :  0.137 0.257 0.082 0.523 
304 OmyAC19ROGR    (0)    1 :  0.186 0.115 0.119 0.580 
305 OmyAC19ROGR    (0)    1 :  0.046 0.232 0.129 0.593 
306 OmyAC19ROGR    (0)    1 :  0.700 0.170 0.031 0.098 
307 OmyAC19ROGR    (1)    1 :  0.037 0.420 0.344 0.199 
308 OmyAC19ROGR    (0)    1 :  0.124 0.542 0.079 0.255 
309 OmyAC19ROGR    (1)    1 :  0.872 0.049 0.041 0.038 
310 OmyAC19ROGR    (0)    1 :  0.418 0.301 0.119 0.163 
311 OmyAC19ROGR    (0)    1 :  0.525 0.123 0.066 0.286 
312 OmyAC19ROGR    (0)    1 :  0.049 0.189 0.582 0.179 
313 OmyAC19ROGR    (0)    1 :  0.031 0.543 0.140 0.285 
314 OmyAC19ROGR    (0)    1 :  0.064 0.127 0.692 0.117 
315 OmyAC19ROGR    (0)    1 :  0.102 0.431 0.162 0.305 
316 OmyAC19ROGR    (0)    1 :  0.046 0.659 0.124 0.170 
317 OmyAC19ROGR    (0)    1 :  0.063 0.115 0.529 0.293 
318 OmyAC19ROGR    (0)    1 :  0.042 0.247 0.550 0.161 
319 OmyAC19ROGR    (1)    1 :  0.028 0.264 0.176 0.532 
320 OmyAC19ROGR    (0)    1 :  0.020 0.365 0.108 0.506 
321 OmyAC19ROGR    (0)    1 :  0.039 0.341 0.107 0.512 
322 OmyAC19ROGR    (0)    1 :  0.514 0.207 0.101 0.178 
323 OmyAC19ROGR    (0)    1 :  0.039 0.365 0.048 0.548 
324 OmyAC19ROGR    (0)    1 :  0.040 0.683 0.156 0.122 
325 OmyAC19ROGR    (0)    1 :  0.405 0.360 0.075 0.160 
326 OmyAC19ROGR    (0)    1 :  0.071 0.598 0.074 0.256 
327 OmyAC19ROGR    (0)    1 :  0.057 0.490 0.221 0.233 
328 OmyAC20ROGR    (1)    1 :  0.042 0.200 0.232 0.527 
329 OmyAC20ROGR    (0)    1 :  0.118 0.189 0.413 0.281 
330 OmyAC20ROGR    (0)    1 :  0.105 0.305 0.311 0.279 
331 OmyAC20ROGR    (0)    1 :  0.380 0.229 0.212 0.179 
332 OmyAC20ROGR    (0)    1 :  0.257 0.233 0.322 0.188 
333 OmyAC20ROGR    (0)    1 :  0.363 0.216 0.332 0.088 
334 OmyAC20ROGR    (0)    1 :  0.032 0.105 0.719 0.143 
335 OmyAC20ROGR    (0)    1 :  0.065 0.382 0.285 0.268 
336 OmyAC20ROGR    (0)    1 :  0.195 0.405 0.165 0.235 
337 OmyAC20ROGR    (0)    1 :  0.486 0.211 0.087 0.216 
338 OmyAC20ROGR    (0)    1 :  0.215 0.251 0.367 0.167 
339 OmyAC20ROGR    (0)    1 :  0.145 0.342 0.151 0.362 
340 OmyAC20ROGR    (0)    1 :  0.074 0.095 0.768 0.063 
341 OmyAC20ROGR    (0)    1 :  0.106 0.109 0.695 0.091 
342 OmyAC20ROGR    (0)    1 :  0.224 0.250 0.296 0.229 
343 OmyAC20ROGR    (0)    1 :  0.084 0.361 0.416 0.139 
344 OmyAC20ROGR    (0)    1 :  0.229 0.287 0.379 0.104 
345 OmyAC20ROGR    (1)    1 :  0.188 0.583 0.055 0.174 
346 OmyAC20ROGR    (0)    1 :  0.261 0.429 0.181 0.128 
347 OmyAC20ROGR    (0)    1 :  0.291 0.340 0.159 0.209 
348 OmyAC20ROGR    (0)    1 :  0.247 0.124 0.543 0.086 
349 OmyAC20ROGR    (0)    1 :  0.081 0.332 0.486 0.101 
350 OmyAC20ROGR    (0)    1 :  0.103 0.188 0.092 0.616 
351 OmyAC20ROGR    (0)    1 :  0.179 0.369 0.330 0.121 
352 OmyAC20ROGR    (0)    1 :  0.080 0.287 0.132 0.502 
353 OmyAC20ROGR    (0)    1 :  0.047 0.622 0.179 0.152 
354 OmyAC20ROGR    (0)    1 :  0.324 0.115 0.424 0.137 
355 OmyAC20ROGR    (0)    1 :  0.101 0.161 0.523 0.216 
356 OmyAC20ROGR    (0)    1 :  0.060 0.326 0.197 0.417 
357 OmyAC20ROGR    (0)    1 :  0.147 0.356 0.096 0.402 
358 OmyAC20ROGR    (0)    1 :  0.062 0.321 0.105 0.512 
359 OmyAC20ROGR    (0)    1 :  0.249 0.065 0.032 0.653 
360 OmyAC20ROGR    (0)    1 :  0.262 0.331 0.187 0.220 
361 OmyAC20ROGR    (0)    1 :  0.062 0.326 0.063 0.550 
362 OmyAC20ROGR    (0)    1 :  0.064 0.343 0.066 0.527 
363 OmyAC20ROGR    (0)    1 :  0.180 0.290 0.379 0.151 
364 OmyAC20ROGR    (1)    1 :  0.048 0.123 0.504 0.325 
365 OmyAC20ROGR    (0)    1 :  0.029 0.621 0.128 0.222 
366 OmyAC20ROGR    (0)    1 :  0.042 0.478 0.343 0.137 
367 OmyAC20ROGR    (0)    1 :  0.128 0.590 0.122 0.160 
368 OmyAC20ROGR    (1)    1 :  0.118 0.172 0.068 0.642 
369 OmyAC20ROGR    (0)    1 :  0.384 0.152 0.278 0.186 
370 OmyAC20ROGR    (0)    1 :  0.761 0.077 0.092 0.070 
371 OmyAC20ROGR    (0)    1 :  0.819 0.072 0.041 0.068 
372 OmyAC20ROGR    (2)    1 :  0.902 0.035 0.029 0.034 
373 OmyAC20ROGR    (0)    1 :  0.474 0.281 0.065 0.179 
374 OmyAC20ROGR    (0)    1 :  0.040 0.337 0.275 0.349 
375 OmyAC20ROGR    (0)    1 :  0.108 0.500 0.108 0.284 
376 OmyAC20ROGR    (0)    1 :  0.565 0.156 0.111 0.167 
377 OmyAC20ROGR    (0)    1 :  0.028 0.309 0.484 0.178 
378 OmyAC20ROGR    (0)    1 :  0.034 0.231 0.326 0.409 
379 OmyAC20ROGR    (0)    1 :  0.494 0.187 0.180 0.139 
380 OmyAC20ROGR    (1)    1 :  0.031 0.713 0.089 0.166 
381 OmyAC20ROGR    (0)    1 :  0.144 0.433 0.074 0.350 
382 OmyAC20ROGR    (0)    1 :  0.878 0.048 0.027 0.048 
383 OmyAC20ROGR    (0)    1 :  0.196 0.584 0.043 0.178 
384 OmyAC20ROGR    (0)    1 :  0.390 0.206 0.182 0.223 
385 OmyAC20ROGR    (0)    1 :  0.310 0.261 0.045 0.384 
386 OmyAC20ROGR    (0)    1 :  0.176 0.513 0.143 0.168 
387 OmyAC20ROGR    (0)    1 :  0.400 0.291 0.058 0.252 
388 OmyAC20ROGR    (0)    1 :  0.329 0.177 0.356 0.138 
389 OmyAC20ROGR    (0)    1 :  0.044 0.415 0.081 0.460 
390 OmyAC20ROGR    (0)    1 :  0.031 0.295 0.182 0.493 
391 OmyAC20ROGR    (0)    1 :  0.452 0.136 0.242 0.170 
392 OmyAC20ROGR    (0)    1 :  0.334 0.248 0.232 0.186 
393 OmyAC20ROGR    (0)    1 :  0.098 0.432 0.289 0.181 
394 OmyAC20ROGR    (1)    1 :  0.115 0.209 0.078 0.598 
395 OmyAC20ROGR    (0)    1 :  0.097 0.345 0.328 0.230 
396 OmyAC20ROGR    (0)    1 :  0.057 0.279 0.105 0.559 
397 OmyAC20ROGR    (0)    1 :  0.321 0.291 0.072 0.315 
398 OmyAC20ROGR    (0)    1 :  0.716 0.092 0.129 0.062 
399 OmyAC20ROGR    (0)    1 :  0.259 0.366 0.158 0.217 
400 OmyAC20ROGR    (0)    1 :  0.170 0.349 0.170 0.311 
401 OmyAC20ROGR    (1)    1 :  0.882 0.028 0.048 0.042 
402 OmyAC20ROGR    (0)    1 :  0.039 0.212 0.600 0.149 
403 OmyAC20ROGR    (0)    1 :  0.214 0.202 0.356 0.228 
404 OmyAC20ROGR    (0)    1 :  0.034 0.260 0.419 0.287 
405 OmyAC20ROGR    (0)    1 :  0.351 0.431 0.054 0.164 
406 OmyAC20ROGR    (0)    1 :  0.120 0.260 0.315 0.304 
407 OmyAC20ROGR    (0)    1 :  0.061 0.612 0.042 0.285 
408 OmyAC20ROGR    (0)    1 :  0.105 0.312 0.334 0.249 
409 OmyAC20ROGR    (0)    1 :  0.089 0.479 0.046 0.386 
410 OmyAC20ROGR    (0)    1 :  0.893 0.036 0.022 0.049 
411 OmyAC20ROGR    (0)    1 :  0.598 0.106 0.096 0.200 
412 OmyAC20ROGR    (0)    1 :  0.158 0.226 0.439 0.177 
413 OmyAC20ROGR    (0)    1 :  0.068 0.387 0.038 0.507 
414 OmyAC20ROGR    (0)    1 :  0.413 0.125 0.290 0.173 
415 OmyAC20ROGR    (0)    1 :  0.046 0.425 0.229 0.300 
416 OmyAC20ROGR    (0)    1 :  0.097 0.369 0.282 0.252 
417 OmyAC20ROGR    (0)    1 :  0.040 0.354 0.194 0.411 
418 OmyAC20ROGR    (0)    1 :  0.226 0.390 0.129 0.255 
419 OmyAC20ROGR    (0)    1 :  0.431 0.180 0.060 0.329 
420 OmyAC20ROGR    (0)    1 :  0.045 0.208 0.359 0.388 
421 OmyAC20ROGR    (0)    1 :  0.154 0.216 0.322 0.308 
422 OmyAC20ROGR    (0)    1 :  0.903 0.036 0.031 0.030 
423 OmyAC20ROGR    (0)    1 :  0.049 0.706 0.034 0.211 
424 OmyAC20ROGR    (0)    1 :  0.034 0.306 0.084 0.576 
425 OmyAC20ROGR    (0)    1 :  0.850 0.032 0.081 0.038 
426 OmyAC20ROGR    (0)    1 :  0.116 0.484 0.100 0.300 
427 OmyAC20ROGR    (0)    1 :  0.243 0.411 0.108 0.239 
428 OmyAC20ROGR    (0)    1 :  0.913 0.031 0.031 0.026 
429 OmyAC20ROGR    (0)    1 :  0.041 0.268 0.100 0.591 
430 OmyAC20ROGR    (0)    1 :  0.133 0.371 0.045 0.451 
431 OmyAC20ROGR    (0)    1 :  0.528 0.233 0.161 0.077 
432 OmyAC20ROGR    (0)    1 :  0.867 0.042 0.049 0.042 
433 OmyAC20ROGR    (0)    1 :  0.892 0.031 0.037 0.039 
434 OmyAC20ROGR    (0)    1 :  0.273 0.306 0.038 0.383 
435 OmyAC20ROGR    (0)    1 :  0.034 0.674 0.206 0.086 
436 OmyAC20ROGR    (0)    1 :  0.058 0.748 0.033 0.161 
437 OmyAC20ROGR    (0)    1 :  0.649 0.107 0.063 0.181 
438 OmyAC20ROGR    (0)    1 :  0.435 0.158 0.088 0.320 
439 OmyAC20ROGR    (0)    1 :  0.088 0.410 0.084 0.419 
440 OmyAC20ROGR    (0)    1 :  0.776 0.100 0.060 0.064 
441 OmyAC20ROGR    (0)    1 :  0.031 0.263 0.135 0.571 
442 OmyAC20ROGR    (0)    1 :  0.078 0.340 0.102 0.481 
443 OmyAC20ROGR    (0)    1 :  0.034 0.100 0.636 0.230 
444 OmyAC20ROGR    (0)    1 :  0.127 0.527 0.057 0.289 
445 OmyAC20ROGR    (0)    1 :  0.133 0.268 0.062 0.536 
446 OmyJC18ROGR    (0)    2 :  0.070 0.211 0.580 0.139 
447 OmyJC18ROGR    (0)    2 :  0.076 0.497 0.115 0.312 
448 OmyJC18ROGR    (0)    2 :  0.079 0.699 0.055 0.167 
449 OmyJC18ROGR    (0)    2 :  0.690 0.094 0.090 0.125 
450 OmyJC18ROGR    (0)    2 :  0.702 0.078 0.106 0.114 
451 OmyJC18ROGR    (0)    2 :  0.868 0.047 0.035 0.049 
452 OmyJC18ROGR    (0)    2 :  0.315 0.241 0.312 0.132 
453 OmyJC18ROGR    (0)    2 :  0.045 0.124 0.646 0.185 
454 OmyJC18ROGR    (0)    2 :  0.885 0.038 0.028 0.048 
455 OmyJC18ROGR    (0)    2 :  0.044 0.227 0.074 0.655 
456 OmyJC18ROGR    (0)    2 :  0.868 0.055 0.025 0.053 
457 OmyJC18ROGR    (0)    2 :  0.066 0.450 0.081 0.403 
458 OmyJC18ROGR    (0)    2 :  0.195 0.185 0.472 0.148 
459 OmyJC18ROGR    (0)    2 :  0.032 0.213 0.415 0.340 
460 OmyJC18ROGR    (2)    2 :  0.474 0.176 0.116 0.235 
461 OmyJC18ROGR    (1)    2 :  0.370 0.215 0.300 0.116 
462 OmyJC18ROGR    (3)    2 :  0.451 0.151 0.173 0.225 
463 OmyJC18ROGR    (1)    2 :  0.715 0.124 0.077 0.083 
464 OmyJC18ROGR    (3)    2 :  0.031 0.725 0.055 0.189 
465 OmyJC18ROGR    (3)    2 :  0.081 0.218 0.078 0.624 
466 OmyJC18ROGR    (0)    2 :  0.222 0.459 0.121 0.198 
467 OmyJC18ROGR    (1)    2 :  0.060 0.339 0.106 0.495 
468 OmyJC18ROGR    (0)    2 :  0.070 0.177 0.057 0.696 
469 OmyJC18ROGR    (0)    2 :  0.773 0.063 0.050 0.113 
470 OmyJC18ROGR    (3)    2 :  0.563 0.132 0.106 0.199 
471 OmyJC18ROGR    (1)    2 :  0.330 0.307 0.196 0.166 
472 OmyJC18ROGR    (1)    2 :  0.123 0.505 0.091 0.281 
473 OmyJC18ROGR    (2)    2 :  0.044 0.694 0.114 0.148 
474 OmyJC18ROGR    (0)    2 :  0.057 0.224 0.590 0.130 
475 OmyJC18ROGR    (1)    2 :  0.690 0.058 0.203 0.048 
476 OmyJC18ROGR    (2)    2 :  0.033 0.250 0.475 0.242 
477 OmyJC18ROGR    (3)    2 :  0.153 0.218 0.126 0.503 
478 OmyJC18ROGR    (0)    2 :  0.074 0.264 0.505 0.156 
479 OmyJC18ROGR    (0)    2 :  0.031 0.635 0.097 0.237 
480 OmyJC18ROGR    (0)    2 :  0.188 0.426 0.116 0.270 
481 OmyJC18ROGR    (2)    2 :  0.293 0.207 0.305 0.194 
482 OmyJC18ROGR    (3)    2 :  0.030 0.233 0.105 0.631 
483 OmyJC18ROGR    (3)    2 :  0.059 0.325 0.043 0.573 
484 OmyJC18ROGR    (3)    2 :  0.066 0.354 0.257 0.324 
485 OmyJC18ROGR    (2)    2 :  0.678 0.163 0.061 0.097 
486 OmyJC18ROGR    (2)    2 :  0.473 0.156 0.083 0.288 
487 OmyJC18ROGR    (1)    2 :  0.143 0.282 0.451 0.125 
488 OmyJC18ROGR    (3)    2 :  0.088 0.569 0.160 0.183 
489 OmyJC18ROGR    (0)    2 :  0.052 0.358 0.240 0.351 
490 OmyJC18ROGR    (2)    2 :  0.108 0.352 0.183 0.357 
491 OmyJC18ROGR    (4)    2 :  0.163 0.108 0.613 0.116 
492 OmyJC18ROGR    (4)    2 :  0.031 0.063 0.753 0.153 
493 OmyJC18ROGR    (3)    2 :  0.161 0.439 0.079 0.320 
494 OmyJC18ROGR    (3)    2 :  0.890 0.040 0.027 0.043 
495 OmyJC18ROGR    (3)    2 :  0.195 0.121 0.572 0.112 
496 OmyJC18ROGR    (0)    2 :  0.112 0.214 0.313 0.361 
497 OmyJC18ROGR    (5)    2 :  0.132 0.310 0.253 0.304 
498 OmyJC18ROGR    (3)    2 :  0.275 0.374 0.203 0.149 
499 OmyJC18ROGR    (1)    2 :  0.066 0.235 0.266 0.433 
500 OmyJC18ROGR    (1)    2 :  0.034 0.308 0.180 0.477 
501 OmyJC18ROGR    (3)    2 :  0.503 0.201 0.139 0.157 
502 OmyJC18ROGR    (1)    2 :  0.262 0.215 0.056 0.467 
503 OmyJC18ROGR    (4)    2 :  0.072 0.502 0.045 0.381 
504 OmyJC18ROGR    (1)    2 :  0.366 0.137 0.045 0.452 
505 OmyJC18ROGR    (0)    2 :  0.296 0.130 0.383 0.191 
506 OmyJC18ROGR    (6)    2 :  0.089 0.236 0.406 0.268 
507 OmyJC18ROGR    (0)    2 :  0.192 0.278 0.109 0.422 
508 OmyJC18ROGR    (0)    2 :  0.121 0.176 0.103 0.600 
509 OmyJC18ROGR    (2)    2 :  0.886 0.035 0.039 0.041 
510 OmyJC18ROGR    (1)    2 :  0.042 0.442 0.217 0.299 
511 OmyJC18ROGR    (3)    2 :  0.179 0.090 0.665 0.066 
512 OmyJC18ROGR    (2)    2 :  0.777 0.103 0.028 0.092 
513 OmyJC18ROGR    (7)    2 :  0.232 0.116 0.524 0.128 
514 OmyJC18ROGR    (3)    2 :  0.611 0.078 0.181 0.130 
515 OmyJC18ROGR    (0)    2 :  0.101 0.434 0.170 0.296 
516 OmyJC18ROGR    (2)    2 :  0.264 0.368 0.179 0.189 
517 OmyJC18ROGR    (2)    2 :  0.317 0.240 0.314 0.129 
518 OmyJC18ROGR    (0)    2 :  0.074 0.397 0.113 0.416 
519 OmyJC18ROGR    (7)    2 :  0.080 0.091 0.766 0.064 
520 OmyJC18ROGR    (4)    2 :  0.275 0.189 0.455 0.081 
521 OmyJC18ROGR    (1)    2 :  0.234 0.232 0.348 0.186 
522 OmyJC18ROGR    (1)    2 :  0.151 0.260 0.065 0.524 
523 OmyJC18ROGR    (3)    2 :  0.063 0.296 0.141 0.499 
524 OmyJC18ROGR    (1)    2 :  0.052 0.281 0.053 0.615 
525 OmyJC18ROGR    (2)    2 :  0.194 0.157 0.360 0.289 
526 OmyJC18ROGR    (1)    2 :  0.118 0.197 0.403 0.282 
527 OmyJC18ROGR    (0)    2 :  0.054 0.434 0.350 0.162 
528 OmyJC18ROGR    (0)    2 :  0.053 0.563 0.106 0.278 
529 OmyJC18ROGR    (1)    2 :  0.046 0.658 0.123 0.173 
530 OmyJC18ROGR    (0)    2 :  0.042 0.169 0.044 0.744 
531 OmyJC18ROGR    (0)    2 :  0.054 0.701 0.051 0.194 
532 OmyJC18ROGR    (1)    2 :  0.037 0.243 0.085 0.635 
533 OmyJC18ROGR    (2)    2 :  0.026 0.648 0.215 0.112 
534 OmyJC18ROGR    (2)    2 :  0.092 0.375 0.106 0.427 
535 OmyJC18ROGR    (0)    2 :  0.077 0.301 0.448 0.174 
536 OmyJC18ROGR    (0)    2 :  0.046 0.124 0.770 0.060 
537 OmyJC18ROGR    (0)    2 :  0.040 0.223 0.519 0.218 
538 OmyJC18ROGR    (0)    2 :  0.064 0.635 0.049 0.253 
539 OmyJC18ROGR    (1)    2 :  0.092 0.291 0.114 0.504 
540 OmyJC18ROGR    (6)    2 :  0.080 0.428 0.223 0.270 
541 OmyJC18ROGR    (1)    2 :  0.071 0.613 0.181 0.135 
542 OmyJC18ROGR    (1)    2 :  0.197 0.496 0.181 0.125 
543 OmyJC18ROGR    (0)    2 :  0.280 0.405 0.110 0.205 
544 OmyJC18ROGR    (2)    2 :  0.059 0.555 0.232 0.154 
545 OmyJC18ROGR    (1)    2 :  0.611 0.067 0.029 0.293 
546 OmyJC18ROGR    (6)    2 :  0.023 0.717 0.069 0.191 
547 OmyJC18ROGR    (0)    2 :  0.148 0.349 0.041 0.462 
548 OmyJC18ROGR    (1)    2 :  0.206 0.315 0.260 0.219 
549 OmyJC18ROGR    (0)    2 :  0.061 0.628 0.089 0.221 
550 OmyJC18ROGR    (1)    2 :  0.795 0.071 0.061 0.073 
551 OmyJC18ROGR    (1)    2 :  0.078 0.144 0.667 0.111 
552 OmyJC18ROGR    (2)    2 :  0.131 0.377 0.107 0.385 
553 OmyJC18ROGR    (7)    2 :  0.101 0.465 0.192 0.242 
554 OmyJC18ROGR    (2)    2 :  0.047 0.612 0.155 0.186 
555 OmyJC18ROGR    (3)    2 :  0.051 0.432 0.278 0.239 
556 OmyJC18ROGR    (0)    2 :  0.101 0.100 0.764 0.035 
557 OmyJC18ROGR    (1)    2 :  0.580 0.152 0.089 0.179 
558 OmyJC18ROGR    (0)    2 :  0.187 0.063 0.695 0.056 
559 OmyJC18ROGR    (0)    2 :  0.035 0.179 0.076 0.710 
560 OmyJC18ROGR    (5)    2 :  0.146 0.211 0.307 0.336 
561 OmyJC18ROGR    (0)    2 :  0.039 0.166 0.061 0.734 
562 OmyJC18ROGR    (6)    2 :  0.067 0.376 0.442 0.114 
563 OmyJC18ROGR    (2)    2 :  0.100 0.509 0.229 0.162 
564 OmyJC18ROGR    (3)    2 :  0.312 0.193 0.414 0.080 
565 OmyJC18ROGR    (3)    2 :  0.136 0.271 0.203 0.390 
566 OmyJC18ROGR    (1)    2 :  0.094 0.161 0.080 0.665 
567 OmyJC18ROGR    (0)    2 :  0.041 0.196 0.105 0.658 
568 OmyJC18ROGR    (3)    2 :  0.161 0.424 0.348 0.068 
569 OmyJC18ROGR    (2)    2 :  0.069 0.323 0.164 0.443 
570 OmyJC18ROGR    (0)    2 :  0.098 0.311 0.051 0.540 
571 OmyJC18ROGR    (1)    2 :  0.032 0.645 0.040 0.283 
572 OmyJC18ROGR    (4)    2 :  0.071 0.143 0.526 0.260 
573 OmyJC18ROGR    (3)    2 :  0.489 0.131 0.187 0.192 
574 OmyJC18ROGR    (5)    2 :  0.247 0.431 0.158 0.164 
575 OmyJC18ROGR    (3)    2 :  0.040 0.303 0.505 0.153 
576 OmyJC18ROGR    (0)    2 :  0.092 0.437 0.244 0.227 
577 OmyJC18ROGR    (0)    2 :  0.859 0.062 0.030 0.049 
578 OmyJC18ROGR    (1)    2 :  0.051 0.549 0.065 0.335 
579 OmyJC18ROGR    (0)    2 :  0.778 0.057 0.094 0.070 
580 OmyJC18ROGR    (0)    2 :  0.023 0.286 0.339 0.352 
581 OmyJC18ROGR    (3)    2 :  0.084 0.268 0.108 0.539 
582 OmyJC18ROGR    (6)    2 :  0.045 0.432 0.295 0.228 
583 OmyJC18ROGR    (3)    2 :  0.048 0.362 0.453 0.137 
584 OmyJC18ROGR    (3)    2 :  0.108 0.293 0.288 0.311 
585 OmyJC18ROGR    (1)    2 :  0.106 0.371 0.132 0.391 
586 OmyJC18ROGR    (1)    2 :  0.028 0.551 0.127 0.293 
587 OmyJC18ROGR    (0)    2 :  0.916 0.034 0.023 0.027 
588 OmyJC18ROGR    (0)    2 :  0.260 0.084 0.519 0.137 
589 OmyJC18ROGR    (1)    2 :  0.099 0.481 0.198 0.222 
590 OmyJC18ROGR    (2)    2 :  0.014 0.752 0.043 0.190 
591 OmyJC18ROGR    (0)    2 :  0.076 0.407 0.181 0.337 
592 OmyJC18ROGR    (3)    2 :  0.085 0.564 0.100 0.251 
593 OmyJC18ROGR    (0)    2 :  0.165 0.196 0.409 0.230 
594 OmyJC18ROGR    (1)    2 :  0.056 0.479 0.121 0.343 
595 OmyJC18ROGR    (0)    2 :  0.110 0.195 0.553 0.141 
596 OmyJC18ROGR    (1)    2 :  0.125 0.343 0.154 0.379 
597 OmyJC18ROGR    (0)    2 :  0.097 0.414 0.250 0.239 
598 OmyJC18ROGR    (1)    2 :  0.094 0.366 0.096 0.445 
599 OmyJC18ROGR    (0)    2 :  0.077 0.515 0.102 0.306 
600 OmyJC18ROGR    (0)    2 :  0.053 0.301 0.528 0.119 
601 OmyJC18ROGR    (0)    2 :  0.048 0.294 0.282 0.376 
602 OmyJC18ROGR    (0)    2 :  0.105 0.106 0.081 0.707 
603 OmyJC18ROGR    (0)    2 :  0.048 0.230 0.460 0.263 
604 OmyJC18ROGR    (0)    2 :  0.069 0.393 0.243 0.295 
605 OmyJC18ROGR    (0)    2 :  0.043 0.072 0.746 0.139 
606 OmyJC18ROGR    (0)    2 :  0.085 0.390 0.376 0.150 
607 OmyJC18ROGR    (0)    2 :  0.067 0.262 0.081 0.589 
608 OmyJC18ROGR    (0)    2 :  0.036 0.430 0.054 0.480 
609 OmyJC18ROGR    (0)    2 :  0.066 0.101 0.693 0.140 
610 OmyJC18ROGR    (4)    2 :  0.832 0.047 0.084 0.036 
611 OmyJC18ROGR    (0)    2 :  0.315 0.189 0.320 0.176 
612 OmyJC18ROGR    (2)    2 :  0.059 0.451 0.223 0.266 
613 OmyJC18ROGR    (0)    2 :  0.124 0.466 0.244 0.165 
614 OmyJC18ROGR    (0)    2 :  0.159 0.482 0.053 0.306 
615 OmyJC18ROGR    (0)    2 :  0.026 0.441 0.293 0.240 
616 OmyJC18ROGR    (0)    2 :  0.161 0.160 0.313 0.366 
617 OmyJC18ROGR    (0)    2 :  0.058 0.403 0.248 0.291 
618 OmyJC18ROGR    (0)    2 :  0.133 0.545 0.058 0.264 
619 OmyJC18ROGR    (0)    2 :  0.047 0.350 0.471 0.132 
620 OmyJC18ROGR    (0)    2 :  0.198 0.121 0.562 0.119 
621 OmyJC18ROGR    (1)    2 :  0.116 0.201 0.330 0.353 
622 OmyJC18ROGR    (2)    2 :  0.084 0.128 0.605 0.182 
623 OmyJC18ROGR    (1)    2 :  0.093 0.466 0.104 0.336 
624 OmyJC18ROGR    (2)    2 :  0.067 0.668 0.117 0.147 
625 OmyJC18ROGR    (0)    2 :  0.141 0.581 0.069 0.209 
626 OmyJC18ROGR    (6)    2 :  0.056 0.544 0.191 0.209 
627 OmyJC18ROGR    (0)    2 :  0.194 0.259 0.377 0.171 
628 OmyJC18ROGR    (0)    2 :  0.934 0.019 0.022 0.025 
629 OmyJC18ROGR    (1)    2 :  0.165 0.153 0.583 0.099 
630 OmyJC18ROGR    (1)    2 :  0.042 0.140 0.669 0.149 
631 OmyJC18ROGR    (3)    2 :  0.042 0.598 0.089 0.271 
632 OmyJC18ROGR    (0)    2 :  0.035 0.061 0.849 0.054 
633 OmyJC18ROGR    (4)    2 :  0.058 0.486 0.156 0.300 
634 OmyJC18ROGR    (2)    2 :  0.366 0.106 0.455 0.073 
635 OmyJC18ROGR    (0)    2 :  0.028 0.177 0.354 0.441 
636 OmyJC18ROGR    (0)    2 :  0.554 0.129 0.170 0.147 
637 OmyJC18ROGR    (0)    2 :  0.115 0.421 0.314 0.151 
638 OmyJC18ROGR    (0)    2 :  0.055 0.106 0.215 0.624 
639 OmyJC18ROGR    (1)    2 :  0.130 0.580 0.137 0.152 
640 OmyJC18ROGR    (1)    2 :  0.401 0.392 0.085 0.122 
641 OmyJC18ROGR    (0)    2 :  0.371 0.118 0.389 0.122 
642 OmyJC18ROGR    (3)    2 :  0.140 0.519 0.131 0.210 
643 OmyJC18ROGR    (1)    2 :  0.066 0.141 0.383 0.410 
644 OmyJC18ROGR    (7)    2 :  0.025 0.623 0.071 0.281 
645 OmyJC18ROGR    (4)    2 :  0.138 0.379 0.143 0.340 
646 OmyJC18ROGR    (0)    2 :  0.042 0.241 0.315 0.402 
647 OmyJC18ROGR    (1)    2 :  0.039 0.582 0.069 0.310 
648 OmyJC18ROGR    (1)    2 :  0.109 0.278 0.467 0.146 
649 OmyJC18ROGR    (0)    2 :  0.058 0.176 0.154 0.611 
650 OmyJC18ROGR    (1)    2 :  0.025 0.471 0.158 0.346 
651 OmyJC18ROGR    (5)    2 :  0.871 0.036 0.052 0.041 
652 OmyJC18ROGR    (1)    2 :  0.172 0.297 0.305 0.226 
653 OmyJC18ROGR    (3)    2 :  0.089 0.236 0.373 0.303 
654 OmyJC18ROGR    (1)    2 :  0.125 0.432 0.082 0.361 
655 OmyJC18ROGR    (2)    2 :  0.310 0.205 0.140 0.345 
656 OmyJC18ROGR    (0)    2 :  0.037 0.578 0.123 0.262 
657 OmyJC18ROGR    (0)    2 :  0.063 0.257 0.370 0.309 
658 OmyJC18ROGR    (0)    2 :  0.067 0.325 0.192 0.416 
659 OmyJC18ROGR    (5)    2 :  0.019 0.289 0.397 0.296 
660 OmyJC18ROGR    (3)    2 :  0.174 0.295 0.171 0.361 
661 OmyJC18ROGR    (2)    2 :  0.027 0.332 0.459 0.183 
662 OmyJC18ROGR    (1)    2 :  0.097 0.258 0.532 0.113 
663 OmyJC18ROGR    (2)    2 :  0.307 0.177 0.245 0.271 
664 OmyJC18ROGR    (0)    2 :  0.061 0.272 0.439 0.228 
665 OmyJC18ROGR    (0)    2 :  0.120 0.204 0.522 0.154 
666 OmyJC18ROGR    (0)    2 :  0.815 0.063 0.047 0.076 
667 OmyJC18ROGR    (0)    2 :  0.393 0.138 0.249 0.220 
668 OmyJC18ROGR    (2)    2 :  0.279 0.355 0.096 0.270 
669 OmyJC18ROGR    (4)    2 :  0.144 0.220 0.074 0.563 
670 OmyJC18ROGR    (6)    2 :  0.050 0.208 0.037 0.705 
671 OmyJC18ROGR    (3)    2 :  0.035 0.075 0.847 0.043 
672 OmyJC18ROGR    (0)    2 :  0.036 0.172 0.635 0.157 
673 OmyJC18ROGR    (4)    2 :  0.036 0.152 0.416 0.396 
674 OmyJC18ROGR    (0)    2 :  0.129 0.229 0.272 0.370 
675 OmyJC18ROGR    (0)    2 :  0.052 0.355 0.338 0.256 
