

----------------------------------------------------
STRUCTURE by Pritchard, Stephens and Donnelly (2000)
     and Falush, Stephens and Pritchard (2003)
       Code by Pritchard, Falush and Hubisz
             Version 2.3.4 (Jul 2012)
----------------------------------------------------



Command line arguments:   bin/structure -m "/Users/ddayan/FRA/premature_migration/Rogue_Half-Pounder/half-pounder/structure/halfpounder_2021/10k_20k_adm_corr/mainparams" -e "/Users/ddayan/FRA/premature_migration/Rogue_Half-Pounder/half-pounder/structure/halfpounder_2021/10k_20k_adm_corr/extraparams" 
Input File:    /Users/ddayan/FRA/premature_migration/Rogue_Half-Pounder/half-pounder/structure/halfpounder_2021/project_data

Run parameters:
   1000 individuals
   328 loci
   4 populations assumed
   10000 Burn-in period
   20000 Reps


--------------------------------------------
Proportion of membership of each pre-defined
 population in each of the 4 clusters

Given    Inferred Clusters              Number of
 Pop       1      2      3      4      Individuals

  1:     0.266  0.236  0.274  0.224      275
  2:     0.265  0.224  0.268  0.244      643
  3:     0.104  0.066  0.093  0.738       42
  4:     0.409  0.081  0.380  0.130       40
--------------------------------------------

Allele-freq. divergence among pops (Net nucleotide distance),
computed using point estimates of P.

      1       2       3       4      
 1      -    0.0084  0.0002  0.0030  
 2   0.0084     -    0.0085  0.0107  
 3   0.0002  0.0085     -    0.0032  
 4   0.0030  0.0107  0.0032     -    

Average distances (expected heterozygosity) between individuals in same cluster:
cluster  1  : 0.2938 
cluster  2  : 0.2614 
cluster  3  : 0.2931 
cluster  4  : 0.2879 

--------------------------------------------
Estimated Ln Prob of Data   = -285857.1
Mean value of ln likelihood = -283952.9
Variance of ln likelihood   = 3808.4
Mean value of alpha         = 0.2967

Mean value of Fst_1         = 0.0084
Mean value of Fst_2         = 0.0735
Mean value of Fst_3         = 0.0098
Mean value of Fst_4         = 0.0236


Inferred ancestry of individuals:
        Label (%Miss) Pop:  Inferred clusters
  1 OmyAC19ROGR    (0)    1 :  0.260 0.022 0.350 0.368 
  2 OmyAC19ROGR    (0)    1 :  0.209 0.123 0.270 0.398 
  3 OmyAC19ROGR    (0)    1 :  0.182 0.101 0.362 0.355 
  4 OmyAC19ROGR    (0)    1 :  0.355 0.033 0.389 0.223 
  5 OmyAC19ROGR    (1)    1 :  0.023 0.942 0.019 0.016 
  6 OmyAC19ROGR    (0)    1 :  0.245 0.220 0.446 0.089 
  7 OmyAC19ROGR    (0)    1 :  0.318 0.258 0.250 0.174 
  8 OmyAC19ROGR    (0)    1 :  0.463 0.028 0.225 0.285 
  9 OmyAC19ROGR    (0)    1 :  0.147 0.303 0.298 0.252 
 10 OmyAC19ROGR    (0)    1 :  0.157 0.501 0.149 0.194 
 11 OmyAC19ROGR    (0)    1 :  0.276 0.087 0.434 0.203 
 12 OmyAC19ROGR    (0)    1 :  0.224 0.148 0.545 0.083 
 13 OmyAC19ROGR    (0)    1 :  0.510 0.043 0.236 0.210 
 14 OmyAC19ROGR    (0)    1 :  0.281 0.492 0.186 0.041 
 15 OmyAC19ROGR    (0)    1 :  0.290 0.474 0.186 0.050 
 16 OmyAC19ROGR    (0)    1 :  0.364 0.133 0.302 0.202 
 17 OmyAC19ROGR    (0)    1 :  0.410 0.110 0.438 0.042 
 18 OmyAC19ROGR    (2)    1 :  0.320 0.040 0.190 0.450 
 19 OmyAC19ROGR    (1)    1 :  0.475 0.090 0.227 0.207 
 20 OmyAC19ROGR    (0)    1 :  0.289 0.281 0.376 0.054 
 21 OmyAC19ROGR    (1)    1 :  0.291 0.316 0.207 0.186 
 22 OmyAC19ROGR    (0)    1 :  0.221 0.114 0.194 0.472 
 23 OmyAC19ROGR    (0)    1 :  0.182 0.350 0.281 0.187 
 24 OmyAC19ROGR    (0)    1 :  0.072 0.028 0.096 0.804 
 25 OmyAC19ROGR    (0)    1 :  0.359 0.291 0.235 0.115 
 26 OmyAC19ROGR    (0)    1 :  0.239 0.146 0.228 0.386 
 27 OmyAC19ROGR    (1)    1 :  0.444 0.081 0.399 0.076 
 28 OmyAC19ROGR    (0)    1 :  0.044 0.047 0.057 0.852 
 29 OmyAC19ROGR    (0)    1 :  0.370 0.092 0.329 0.209 
 30 OmyAC19ROGR    (0)    1 :  0.107 0.730 0.078 0.085 
 31 OmyAC19ROGR    (0)    1 :  0.404 0.064 0.311 0.221 
 32 OmyAC19ROGR    (0)    1 :  0.299 0.179 0.193 0.329 
 33 OmyAC19ROGR    (1)    1 :  0.194 0.136 0.279 0.392 
 34 OmyAC19ROGR    (0)    1 :  0.199 0.549 0.149 0.103 
 35 OmyAC19ROGR    (0)    1 :  0.207 0.096 0.185 0.513 
 36 OmyAC19ROGR    (0)    1 :  0.292 0.224 0.310 0.174 
 37 OmyAC19ROGR    (0)    1 :  0.096 0.150 0.099 0.655 
 38 OmyAC19ROGR    (0)    1 :  0.069 0.457 0.080 0.394 
 39 OmyAC19ROGR    (0)    1 :  0.482 0.137 0.286 0.096 
 40 OmyAC19ROGR    (0)    1 :  0.216 0.367 0.355 0.062 
 41 OmyAC19ROGR    (1)    1 :  0.419 0.065 0.405 0.112 
 42 OmyAC19ROGR    (0)    1 :  0.064 0.832 0.070 0.034 
 43 OmyAC19ROGR    (0)    1 :  0.242 0.069 0.478 0.211 
 44 OmyAC19ROGR    (6)    1 :  0.267 0.054 0.492 0.186 
 45 OmyAC19ROGR    (1)    1 :  0.113 0.398 0.180 0.309 
 46 OmyAC19ROGR    (0)    1 :  0.187 0.112 0.156 0.545 
 47 OmyAC19ROGR    (0)    1 :  0.084 0.089 0.109 0.718 
 48 OmyAC19ROGR    (0)    1 :  0.364 0.064 0.405 0.167 
 49 OmyAC19ROGR    (0)    1 :  0.250 0.053 0.299 0.398 
 50 OmyAC19ROGR    (0)    1 :  0.534 0.035 0.389 0.043 
 51 OmyAC19ROGR    (2)    1 :  0.071 0.768 0.094 0.067 
 52 OmyAC19ROGR    (0)    1 :  0.045 0.861 0.046 0.048 
 53 OmyAC19ROGR    (1)    1 :  0.091 0.057 0.130 0.722 
 54 OmyAC19ROGR    (0)    1 :  0.198 0.099 0.162 0.541 
 55 OmyAC19ROGR    (3)    1 :  0.439 0.109 0.351 0.100 
 56 OmyAC19ROGR    (0)    1 :  0.119 0.115 0.111 0.655 
 57 OmyAC19ROGR    (0)    1 :  0.133 0.034 0.128 0.705 
 58 OmyAC19ROGR    (0)    1 :  0.096 0.707 0.105 0.092 
 59 OmyAC19ROGR    (0)    1 :  0.200 0.031 0.197 0.573 
 60 OmyAC19ROGR    (1)    1 :  0.374 0.152 0.328 0.147 
 61 OmyAC19ROGR    (0)    1 :  0.220 0.073 0.188 0.518 
 62 OmyAC19ROGR    (0)    1 :  0.343 0.050 0.475 0.132 
 63 OmyAC19ROGR    (0)    1 :  0.092 0.281 0.140 0.487 
 64 OmyAC19ROGR    (2)    1 :  0.264 0.116 0.462 0.159 
 65 OmyAC19ROGR    (0)    1 :  0.519 0.066 0.226 0.189 
 66 OmyAC19ROGR    (3)    1 :  0.338 0.325 0.272 0.066 
 67 OmyAC19ROGR    (0)    1 :  0.201 0.049 0.141 0.609 
 68 OmyAC19ROGR    (1)    1 :  0.217 0.088 0.276 0.420 
 69 OmyAC19ROGR    (2)    1 :  0.084 0.257 0.067 0.592 
 70 OmyAC19ROGR    (0)    1 :  0.239 0.054 0.348 0.359 
 71 OmyAC19ROGR    (0)    1 :  0.412 0.056 0.314 0.219 
 72 OmyAC19ROGR    (4)    1 :  0.314 0.043 0.466 0.177 
 73 OmyAC19ROGR    (0)    1 :  0.208 0.234 0.211 0.347 
 74 OmyAC19ROGR    (0)    1 :  0.268 0.049 0.632 0.052 
 75 OmyAC19ROGR    (0)    1 :  0.291 0.165 0.191 0.353 
 76 OmyAC19ROGR    (0)    1 :  0.091 0.068 0.109 0.733 
 77 OmyAC19ROGR    (1)    1 :  0.028 0.913 0.036 0.023 
 78 OmyAC19ROGR    (0)    1 :  0.427 0.059 0.390 0.124 
 79 OmyAC19ROGR    (2)    1 :  0.341 0.087 0.319 0.253 
 80 OmyAC19ROGR    (1)    1 :  0.099 0.709 0.092 0.100 
 81 OmyAC19ROGR    (2)    1 :  0.176 0.476 0.244 0.104 
 82 OmyAC19ROGR    (1)    1 :  0.111 0.027 0.133 0.729 
 83 OmyAC19ROGR    (0)    1 :  0.206 0.073 0.189 0.532 
 84 OmyAC19ROGR    (0)    1 :  0.327 0.216 0.354 0.103 
 85 OmyAC19ROGR    (5)    1 :  0.339 0.058 0.250 0.353 
 86 OmyAC19ROGR    (0)    1 :  0.447 0.166 0.347 0.040 
 87 OmyAC19ROGR    (1)    1 :  0.166 0.068 0.243 0.523 
 88 OmyJC19ROGR    (0)    2 :  0.066 0.846 0.043 0.044 
 89 OmyJC19ROGR    (0)    2 :  0.440 0.107 0.312 0.141 
 90 OmyJC19ROGR    (0)    2 :  0.036 0.896 0.042 0.026 
 91 OmyJC19ROGR    (1)    2 :  0.341 0.025 0.252 0.382 
 92 OmyJC19ROGR    (0)    2 :  0.119 0.076 0.083 0.721 
 93 OmyJC19ROGR    (0)    2 :  0.078 0.026 0.076 0.821 
 94 OmyJC19ROGR    (0)    2 :  0.286 0.196 0.450 0.068 
 95 OmyJC19ROGR    (0)    2 :  0.296 0.182 0.462 0.061 
 96 OmyJC19ROGR    (0)    2 :  0.450 0.105 0.349 0.095 
 97 OmyJC19ROGR    (0)    2 :  0.057 0.181 0.057 0.706 
 98 OmyJC19ROGR    (0)    2 :  0.380 0.050 0.380 0.190 
 99 OmyJC19ROGR    (0)    2 :  0.168 0.132 0.127 0.573 
100 OmyJC19ROGR    (1)    2 :  0.435 0.073 0.355 0.137 
101 OmyJC19ROGR    (0)    2 :  0.116 0.531 0.121 0.232 
102 OmyJC19ROGR    (0)    2 :  0.457 0.129 0.316 0.098 
103 OmyJC19ROGR    (0)    2 :  0.277 0.209 0.247 0.267 
104 OmyJC19ROGR    (0)    2 :  0.229 0.051 0.197 0.523 
105 OmyJC19ROGR    (0)    2 :  0.089 0.193 0.145 0.572 
106 OmyJC19ROGR    (0)    2 :  0.022 0.912 0.023 0.043 
107 OmyJC19ROGR    (1)    2 :  0.395 0.150 0.266 0.189 
108 OmyJC19ROGR    (0)    2 :  0.287 0.094 0.282 0.337 
109 OmyJC19ROGR    (0)    2 :  0.394 0.222 0.332 0.051 
110 OmyJC19ROGR    (0)    2 :  0.086 0.305 0.100 0.509 
111 OmyJC19ROGR    (1)    2 :  0.148 0.130 0.115 0.607 
112 OmyJC19ROGR    (2)    2 :  0.331 0.156 0.423 0.090 
113 OmyJC19ROGR    (0)    2 :  0.142 0.662 0.110 0.086 
114 OmyJC19ROGR    (3)    2 :  0.422 0.070 0.340 0.168 
115 OmyJC19ROGR    (1)    2 :  0.116 0.092 0.298 0.495 
116 OmyJC19ROGR    (0)    2 :  0.361 0.134 0.383 0.122 
117 OmyJC19ROGR    (0)    2 :  0.336 0.227 0.341 0.095 
118 OmyJC19ROGR    (0)    2 :  0.389 0.037 0.342 0.231 
119 OmyJC19ROGR    (2)    2 :  0.494 0.066 0.333 0.107 
120 OmyJC19ROGR    (0)    2 :  0.066 0.026 0.082 0.826 
121 OmyJC19ROGR    (0)    2 :  0.424 0.063 0.432 0.081 
122 OmyJC19ROGR    (0)    2 :  0.354 0.096 0.323 0.227 
123 OmyJC19ROGR    (0)    2 :  0.399 0.038 0.314 0.248 
124 OmyJC19ROGR    (0)    2 :  0.191 0.175 0.527 0.106 
125 OmyJC19ROGR    (0)    2 :  0.156 0.138 0.210 0.495 
126 OmyJC19ROGR    (1)    2 :  0.100 0.712 0.118 0.070 
127 OmyJC19ROGR    (0)    2 :  0.537 0.062 0.312 0.089 
128 OmyJC19ROGR    (1)    2 :  0.131 0.060 0.103 0.705 
129 OmyJC19ROGR    (0)    2 :  0.226 0.374 0.177 0.223 
130 OmyJC19ROGR    (2)    2 :  0.288 0.077 0.587 0.048 
131 OmyJC19ROGR    (0)    2 :  0.199 0.115 0.349 0.337 
132 OmyJC19ROGR    (1)    2 :  0.173 0.070 0.209 0.548 
133 OmyJC19ROGR    (0)    2 :  0.369 0.045 0.415 0.171 
134 OmyJC19ROGR    (0)    2 :  0.448 0.113 0.266 0.172 
135 OmyJC19ROGR    (1)    2 :  0.049 0.037 0.040 0.873 
136 OmyJC19ROGR    (3)    2 :  0.388 0.063 0.361 0.188 
137 OmyJC19ROGR    (0)    2 :  0.351 0.245 0.327 0.077 
138 OmyJC19ROGR    (0)    2 :  0.113 0.737 0.105 0.045 
139 OmyJC19ROGR    (2)    2 :  0.437 0.037 0.432 0.094 
140 OmyJC19ROGR    (2)    2 :  0.465 0.134 0.275 0.126 
141 OmyJC19ROGR    (0)    2 :  0.236 0.347 0.197 0.219 
142 OmyJC19ROGR    (0)    2 :  0.198 0.347 0.197 0.258 
143 OmyJC19ROGR    (0)    2 :  0.059 0.064 0.101 0.777 
144 OmyJC19ROGR    (0)    2 :  0.495 0.029 0.373 0.103 
145 OmyJC19ROGR    (0)    2 :  0.365 0.051 0.520 0.065 
146 OmyJC19ROGR    (1)    2 :  0.112 0.089 0.107 0.692 
147 OmyJC19ROGR    (0)    2 :  0.359 0.091 0.331 0.219 
148 OmyJC19ROGR    (0)    2 :  0.357 0.035 0.387 0.221 
149 OmyJC19ROGR    (1)    2 :  0.168 0.111 0.156 0.565 
150 OmyJC19ROGR    (1)    2 :  0.214 0.078 0.156 0.551 
151 OmyJC19ROGR    (0)    2 :  0.370 0.166 0.257 0.207 
152 OmyJC19ROGR    (0)    2 :  0.284 0.065 0.475 0.175 
153 OmyJC19ROGR    (0)    2 :  0.053 0.059 0.050 0.837 
154 OmyJC19ROGR    (1)    2 :  0.384 0.079 0.450 0.088 
155 OmyJC19ROGR    (0)    2 :  0.261 0.124 0.259 0.357 
156 OmyJC19ROGR    (1)    2 :  0.292 0.153 0.288 0.267 
157 OmyJC19ROGR    (0)    2 :  0.257 0.102 0.312 0.328 
158 OmyJC19ROGR    (0)    2 :  0.409 0.029 0.304 0.258 
159 OmyJC19ROGR    (0)    2 :  0.389 0.066 0.482 0.063 
160 OmyJC19ROGR    (0)    2 :  0.288 0.078 0.257 0.376 
161 OmyJC19ROGR    (0)    2 :  0.270 0.038 0.282 0.409 
162 OmyJC19ROGR    (0)    2 :  0.424 0.077 0.300 0.199 
163 OmyJC19ROGR    (0)    2 :  0.161 0.065 0.169 0.605 
164 OmyJC19ROGR    (0)    2 :  0.406 0.045 0.429 0.121 
165 OmyJC19ROGR    (0)    2 :  0.311 0.032 0.394 0.263 
166 OmyJC19ROGR    (0)    2 :  0.349 0.075 0.478 0.099 
167 OmyJC19ROGR    (1)    2 :  0.209 0.133 0.205 0.453 
168 OmyJC19ROGR    (0)    2 :  0.463 0.102 0.289 0.147 
169 OmyJC19ROGR    (0)    2 :  0.035 0.917 0.031 0.018 
170 OmyJC19ROGR    (0)    2 :  0.098 0.081 0.113 0.708 
171 OmyJC19ROGR    (0)    2 :  0.412 0.034 0.441 0.113 
172 OmyJC19ROGR    (0)    2 :  0.142 0.358 0.095 0.406 
173 OmyJC19ROGR    (0)    2 :  0.040 0.882 0.044 0.035 
174 OmyJC19ROGR    (0)    2 :  0.269 0.048 0.479 0.204 
175 OmyJC19ROGR    (0)    2 :  0.371 0.046 0.465 0.118 
176 OmyJC19ROGR    (0)    2 :  0.183 0.114 0.104 0.599 
177 OmyJC19ROGR    (0)    2 :  0.056 0.023 0.074 0.847 
178 OmyJC19ROGR    (0)    2 :  0.430 0.054 0.484 0.032 
179 OmyJC19ROGR    (0)    2 :  0.199 0.031 0.255 0.515 
180 OmyJC19ROGR    (0)    2 :  0.041 0.843 0.044 0.073 
181 OmyJC19ROGR    (0)    2 :  0.316 0.078 0.482 0.123 
182 OmyJC19ROGR    (0)    2 :  0.429 0.188 0.257 0.126 
183 OmyJC19ROGR    (0)    2 :  0.433 0.051 0.402 0.114 
184 OmyJC19ROGR    (0)    2 :  0.150 0.623 0.092 0.135 
185 OmyJC19ROGR    (1)    2 :  0.486 0.020 0.311 0.183 
186 OmyJC19ROGR    (0)    2 :  0.142 0.117 0.128 0.613 
187 OmyJC19ROGR    (0)    2 :  0.173 0.037 0.701 0.089 
188 OmyJC19ROGR    (0)    2 :  0.340 0.055 0.391 0.214 
189 OmyJC19ROGR    (0)    2 :  0.193 0.214 0.188 0.406 
190 OmyJC19ROGR    (0)    2 :  0.096 0.053 0.094 0.757 
191 OmyJC19ROGR    (0)    2 :  0.126 0.053 0.225 0.596 
192 OmyJC19ROGR    (0)    2 :  0.660 0.060 0.237 0.043 
193 OmyJC19ROGR    (1)    2 :  0.303 0.160 0.353 0.185 
194 OmyJC19ROGR    (0)    2 :  0.632 0.028 0.277 0.063 
195 OmyJC19ROGR    (0)    2 :  0.095 0.774 0.097 0.034 
196 OmyJC19ROGR    (0)    2 :  0.224 0.051 0.669 0.057 
197 OmyJC19ROGR    (0)    2 :  0.251 0.090 0.195 0.464 
198 OmyJC19ROGR    (0)    2 :  0.095 0.740 0.089 0.075 
199 OmyJC19ROGR    (0)    2 :  0.478 0.038 0.316 0.168 
200 OmyJC19ROGR    (0)    2 :  0.100 0.103 0.128 0.669 
201 OmyJC19ROGR    (0)    2 :  0.368 0.040 0.460 0.132 
202 OmyJC19ROGR    (0)    2 :  0.075 0.020 0.070 0.834 
203 OmyJC19ROGR    (0)    2 :  0.308 0.068 0.413 0.211 
204 OmyJC19ROGR    (0)    2 :  0.340 0.063 0.350 0.246 
205 OmyJC19ROGR    (0)    2 :  0.216 0.171 0.478 0.135 
206 OmyJC19ROGR    (0)    2 :  0.060 0.847 0.049 0.044 
207 OmyJC19ROGR    (0)    2 :  0.240 0.322 0.297 0.141 
208 OmyJC19ROGR    (0)    2 :  0.441 0.052 0.431 0.076 
209 OmyJC19ROGR    (0)    2 :  0.112 0.529 0.091 0.268 
210 OmyJC19ROGR    (0)    2 :  0.048 0.877 0.049 0.025 
211 OmyJC19ROGR    (0)    2 :  0.329 0.223 0.259 0.189 
212 OmyJC19ROGR    (1)    2 :  0.158 0.209 0.148 0.484 
213 OmyJC19ROGR    (1)    2 :  0.344 0.063 0.440 0.154 
214 OmyJC19ROGR    (0)    2 :  0.262 0.056 0.612 0.070 
215 OmyJC19ROGR    (0)    2 :  0.530 0.042 0.306 0.122 
216 OmyJC19ROGR    (0)    2 :  0.081 0.792 0.088 0.039 
217 OmyJC19ROGR    (0)    2 :  0.247 0.419 0.224 0.110 
218 OmyJC19ROGR    (0)    2 :  0.145 0.047 0.275 0.532 
219 OmyJC19ROGR    (0)    2 :  0.466 0.123 0.356 0.055 
220 OmyJC19ROGR    (0)    2 :  0.401 0.022 0.373 0.204 
221 OmyJC19ROGR    (0)    2 :  0.206 0.312 0.368 0.115 
222 OmyJC19ROGR    (0)    2 :  0.269 0.053 0.263 0.414 
223 OmyJC19ROGR    (0)    2 :  0.325 0.082 0.441 0.152 
224 OmyJC19ROGR    (0)    2 :  0.538 0.044 0.328 0.090 
225 OmyJC19ROGR    (0)    2 :  0.030 0.914 0.032 0.024 
226 OmyJC19ROGR    (0)    2 :  0.349 0.266 0.315 0.070 
227 OmyJC19ROGR    (1)    2 :  0.031 0.872 0.040 0.057 
228 OmyJC19ROGR    (0)    2 :  0.439 0.052 0.449 0.060 
229 OmyJC19ROGR    (1)    2 :  0.298 0.050 0.371 0.281 
230 OmyJC19ROGR    (0)    2 :  0.175 0.260 0.335 0.230 
231 OmyJC19ROGR    (0)    2 :  0.342 0.123 0.453 0.081 
232 OmyJC19ROGR    (1)    2 :  0.357 0.073 0.337 0.232 
233 OmyJC19ROGR    (0)    2 :  0.307 0.213 0.330 0.150 
234 OmyJC19ROGR    (0)    2 :  0.039 0.896 0.032 0.032 
235 OmyJC19ROGR    (0)    2 :  0.121 0.664 0.088 0.127 
236 OmyJC19ROGR    (1)    2 :  0.392 0.044 0.323 0.241 
237 OmyJC19ROGR    (0)    2 :  0.450 0.077 0.276 0.196 
238 OmyJC19ROGR    (0)    2 :  0.361 0.122 0.439 0.078 
239 OmyJC19ROGR    (0)    2 :  0.504 0.124 0.246 0.126 
240 OmyJC19ROGR    (0)    2 :  0.338 0.073 0.399 0.189 
241 OmyJC19ROGR    (0)    2 :  0.174 0.131 0.177 0.517 
242 OmyJC19ROGR    (0)    2 :  0.521 0.030 0.239 0.210 
243 OmyJC19ROGR    (0)    2 :  0.233 0.081 0.253 0.433 
244 OmyJC19ROGR    (0)    2 :  0.154 0.102 0.257 0.488 
245 OmyJC19ROGR    (0)    2 :  0.031 0.913 0.031 0.025 
246 OmyJC19ROGR    (0)    2 :  0.105 0.207 0.106 0.582 
247 OmyJC19ROGR    (0)    2 :  0.120 0.582 0.137 0.161 
248 OmyJC19ROGR    (0)    2 :  0.154 0.595 0.139 0.111 
249 OmyJC19ROGR    (0)    2 :  0.281 0.093 0.554 0.072 
250 OmyJC19ROGR    (0)    2 :  0.381 0.127 0.308 0.184 
251 OmyJC19ROGR    (0)    2 :  0.251 0.067 0.541 0.141 
252 OmyJC19ROGR    (0)    2 :  0.070 0.051 0.083 0.796 
253 OmyJC19ROGR    (0)    2 :  0.475 0.134 0.265 0.126 
254 OmyJC19ROGR    (0)    2 :  0.179 0.090 0.194 0.537 
255 OmyJC19ROGR    (0)    2 :  0.103 0.046 0.265 0.587 
256 OmyJC19ROGR    (0)    2 :  0.098 0.345 0.152 0.406 
257 OmyJC19ROGR    (0)    2 :  0.244 0.109 0.552 0.094 
258 OmyAC19ROGR    (0)    1 :  0.328 0.225 0.250 0.196 
259 OmyAC19ROGR    (1)    1 :  0.234 0.453 0.201 0.112 
260 OmyAC19ROGR    (0)    1 :  0.538 0.038 0.338 0.085 
261 OmyAC19ROGR    (0)    1 :  0.409 0.082 0.437 0.072 
262 OmyAC19ROGR    (0)    1 :  0.365 0.143 0.321 0.171 
263 OmyAC19ROGR    (0)    1 :  0.156 0.078 0.223 0.542 
264 OmyAC19ROGR    (0)    1 :  0.301 0.078 0.464 0.156 
265 OmyAC19ROGR    (0)    1 :  0.256 0.070 0.352 0.323 
266 OmyAC19ROGR    (0)    1 :  0.251 0.038 0.639 0.073 
267 OmyAC19ROGR    (0)    1 :  0.305 0.195 0.355 0.145 
268 OmyAC19ROGR    (1)    1 :  0.152 0.214 0.149 0.485 
269 OmyAC19ROGR    (1)    1 :  0.395 0.221 0.311 0.073 
270 OmyAC19ROGR    (0)    1 :  0.125 0.049 0.306 0.520 
271 OmyAC19ROGR    (0)    1 :  0.329 0.348 0.197 0.127 
272 OmyAC19ROGR    (0)    1 :  0.308 0.236 0.378 0.077 
273 OmyAC19ROGR    (0)    1 :  0.394 0.060 0.258 0.289 
274 OmyAC19ROGR    (0)    1 :  0.082 0.774 0.086 0.057 
275 OmyAC19ROGR    (0)    1 :  0.284 0.144 0.183 0.388 
276 OmyAC19ROGR    (0)    1 :  0.433 0.103 0.305 0.159 
277 OmyAC19ROGR    (0)    1 :  0.437 0.120 0.377 0.066 
278 OmyAC19ROGR    (0)    1 :  0.228 0.392 0.306 0.074 
279 OmyAC19ROGR    (0)    1 :  0.469 0.259 0.202 0.070 
280 OmyAC19ROGR    (0)    1 :  0.181 0.152 0.279 0.387 
281 OmyAC19ROGR    (0)    1 :  0.480 0.079 0.298 0.142 
282 OmyAC19ROGR    (0)    1 :  0.308 0.223 0.295 0.173 
283 OmyAC19ROGR    (0)    1 :  0.415 0.067 0.405 0.113 
284 OmyAC19ROGR    (0)    1 :  0.318 0.036 0.409 0.236 
285 OmyAC19ROGR    (0)    1 :  0.286 0.073 0.261 0.380 
286 OmyAC19ROGR    (0)    1 :  0.371 0.036 0.322 0.272 
287 OmyAC19ROGR    (0)    1 :  0.021 0.942 0.018 0.019 
288 OmyAC19ROGR    (0)    1 :  0.088 0.778 0.076 0.059 
289 OmyAC19ROGR    (0)    1 :  0.427 0.189 0.275 0.109 
290 OmyAC19ROGR    (1)    1 :  0.030 0.916 0.027 0.027 
291 OmyAC19ROGR    (0)    1 :  0.140 0.459 0.193 0.208 
292 OmyAC19ROGR    (1)    1 :  0.333 0.249 0.327 0.091 
293 OmyAC19ROGR    (0)    1 :  0.148 0.042 0.125 0.685 
294 OmyAC19ROGR    (0)    1 :  0.273 0.407 0.248 0.072 
295 OmyAC19ROGR    (0)    1 :  0.385 0.040 0.368 0.206 
296 OmyAC19ROGR    (0)    1 :  0.480 0.055 0.281 0.184 
297 OmyAC19ROGR    (0)    1 :  0.089 0.759 0.110 0.042 
298 OmyAC19ROGR    (0)    1 :  0.475 0.040 0.414 0.071 
299 OmyAC19ROGR    (0)    1 :  0.183 0.308 0.151 0.358 
300 OmyAC19ROGR    (0)    1 :  0.366 0.050 0.440 0.144 
301 OmyAC19ROGR    (0)    1 :  0.049 0.874 0.048 0.028 
302 OmyAC19ROGR    (0)    1 :  0.210 0.499 0.199 0.092 
303 OmyAC19ROGR    (0)    1 :  0.480 0.160 0.271 0.089 
304 OmyAC19ROGR    (0)    1 :  0.453 0.191 0.230 0.127 
305 OmyAC19ROGR    (0)    1 :  0.422 0.055 0.395 0.128 
306 OmyAC19ROGR    (0)    1 :  0.097 0.681 0.193 0.029 
307 OmyAC19ROGR    (1)    1 :  0.262 0.036 0.345 0.357 
308 OmyAC19ROGR    (0)    1 :  0.340 0.143 0.423 0.094 
309 OmyAC19ROGR    (1)    1 :  0.045 0.883 0.038 0.034 
310 OmyAC19ROGR    (0)    1 :  0.214 0.425 0.239 0.122 
311 OmyAC19ROGR    (0)    1 :  0.278 0.487 0.168 0.066 
312 OmyAC19ROGR    (0)    1 :  0.178 0.055 0.204 0.563 
313 OmyAC19ROGR    (0)    1 :  0.325 0.031 0.484 0.160 
314 OmyAC19ROGR    (0)    1 :  0.139 0.057 0.150 0.654 
315 OmyAC19ROGR    (0)    1 :  0.337 0.097 0.428 0.137 
316 OmyAC19ROGR    (0)    1 :  0.324 0.048 0.522 0.106 
317 OmyAC19ROGR    (0)    1 :  0.240 0.068 0.120 0.572 
318 OmyAC19ROGR    (0)    1 :  0.212 0.043 0.207 0.539 
319 OmyAC19ROGR    (1)    1 :  0.458 0.037 0.330 0.175 
320 OmyAC19ROGR    (0)    1 :  0.373 0.019 0.514 0.094 
321 OmyAC19ROGR    (0)    1 :  0.395 0.047 0.440 0.119 
322 OmyAC19ROGR    (0)    1 :  0.219 0.506 0.166 0.109 
323 OmyAC19ROGR    (0)    1 :  0.445 0.042 0.469 0.043 
324 OmyAC19ROGR    (0)    1 :  0.209 0.046 0.535 0.210 
325 OmyAC19ROGR    (0)    1 :  0.239 0.391 0.283 0.087 
326 OmyAC19ROGR    (0)    1 :  0.310 0.072 0.541 0.077 
327 OmyAC19ROGR    (0)    1 :  0.246 0.062 0.460 0.232 
328 OmyAC20ROGR    (1)    1 :  0.451 0.049 0.298 0.201 
329 OmyAC20ROGR    (0)    1 :  0.244 0.120 0.198 0.438 
330 OmyAC20ROGR    (0)    1 :  0.277 0.113 0.359 0.251 
331 OmyAC20ROGR    (0)    1 :  0.184 0.381 0.204 0.231 
332 OmyAC20ROGR    (0)    1 :  0.231 0.274 0.187 0.308 
333 OmyAC20ROGR    (0)    1 :  0.119 0.353 0.171 0.357 
334 OmyAC20ROGR    (0)    1 :  0.182 0.033 0.155 0.631 
335 OmyAC20ROGR    (0)    1 :  0.306 0.066 0.343 0.285 
336 OmyAC20ROGR    (0)    1 :  0.343 0.196 0.304 0.156 
337 OmyAC20ROGR    (0)    1 :  0.217 0.513 0.181 0.089 
338 OmyAC20ROGR    (0)    1 :  0.238 0.187 0.223 0.352 
339 OmyAC20ROGR    (0)    1 :  0.335 0.165 0.340 0.159 
340 OmyAC20ROGR    (0)    1 :  0.079 0.066 0.078 0.778 
341 OmyAC20ROGR    (0)    1 :  0.122 0.115 0.109 0.654 
342 OmyAC20ROGR    (0)    1 :  0.205 0.217 0.263 0.316 
343 OmyAC20ROGR    (0)    1 :  0.208 0.091 0.286 0.414 
344 OmyAC20ROGR    (0)    1 :  0.149 0.216 0.233 0.403 
345 OmyAC20ROGR    (1)    1 :  0.319 0.188 0.434 0.058 
346 OmyAC20ROGR    (0)    1 :  0.169 0.272 0.353 0.205 
347 OmyAC20ROGR    (0)    1 :  0.272 0.291 0.288 0.149 
348 OmyAC20ROGR    (0)    1 :  0.098 0.237 0.137 0.528 
349 OmyAC20ROGR    (0)    1 :  0.189 0.077 0.307 0.427 
350 OmyAC20ROGR    (0)    1 :  0.468 0.112 0.310 0.111 
351 OmyAC20ROGR    (0)    1 :  0.186 0.160 0.324 0.329 
352 OmyAC20ROGR    (0)    1 :  0.474 0.071 0.306 0.150 
353 OmyAC20ROGR    (0)    1 :  0.285 0.045 0.511 0.159 
354 OmyAC20ROGR    (0)    1 :  0.161 0.316 0.111 0.412 
355 OmyAC20ROGR    (0)    1 :  0.270 0.105 0.162 0.464 
356 OmyAC20ROGR    (0)    1 :  0.377 0.063 0.353 0.207 
357 OmyAC20ROGR    (0)    1 :  0.342 0.146 0.425 0.088 
358 OmyAC20ROGR    (0)    1 :  0.372 0.060 0.430 0.138 
359 OmyAC20ROGR    (0)    1 :  0.446 0.261 0.263 0.030 
360 OmyAC20ROGR    (0)    1 :  0.254 0.282 0.277 0.186 
361 OmyAC20ROGR    (0)    1 :  0.380 0.064 0.481 0.074 
362 OmyAC20ROGR    (0)    1 :  0.458 0.061 0.414 0.067 
363 OmyAC20ROGR    (0)    1 :  0.204 0.183 0.259 0.354 
364 OmyAC20ROGR    (1)    1 :  0.283 0.051 0.155 0.512 
365 OmyAC20ROGR    (0)    1 :  0.360 0.035 0.487 0.118 
366 OmyAC20ROGR    (0)    1 :  0.206 0.055 0.365 0.374 
367 OmyAC20ROGR    (0)    1 :  0.286 0.141 0.446 0.127 
368 OmyAC20ROGR    (1)    1 :  0.598 0.119 0.221 0.061 
369 OmyAC20ROGR    (0)    1 :  0.204 0.381 0.161 0.253 
370 OmyAC20ROGR    (0)    1 :  0.084 0.745 0.088 0.083 
371 OmyAC20ROGR    (0)    1 :  0.060 0.834 0.063 0.043 
372 OmyAC20ROGR    (2)    1 :  0.032 0.902 0.039 0.027 
373 OmyAC20ROGR    (0)    1 :  0.169 0.497 0.272 0.062 
374 OmyAC20ROGR    (0)    1 :  0.346 0.041 0.312 0.301 
375 OmyAC20ROGR    (0)    1 :  0.326 0.119 0.440 0.115 
376 OmyAC20ROGR    (0)    1 :  0.180 0.567 0.147 0.106 
377 OmyAC20ROGR    (0)    1 :  0.188 0.038 0.308 0.466 
378 OmyAC20ROGR    (0)    1 :  0.449 0.037 0.216 0.299 
379 OmyAC20ROGR    (0)    1 :  0.151 0.488 0.173 0.188 
380 OmyAC20ROGR    (1)    1 :  0.292 0.032 0.572 0.104 
381 OmyAC20ROGR    (0)    1 :  0.400 0.150 0.388 0.063 
382 OmyAC20ROGR    (0)    1 :  0.059 0.860 0.055 0.026 
383 OmyAC20ROGR    (0)    1 :  0.276 0.191 0.489 0.044 
384 OmyAC20ROGR    (0)    1 :  0.247 0.378 0.183 0.193 
385 OmyAC20ROGR    (0)    1 :  0.338 0.293 0.322 0.046 
386 OmyAC20ROGR    (0)    1 :  0.259 0.181 0.408 0.153 
387 OmyAC20ROGR    (0)    1 :  0.247 0.400 0.290 0.063 
388 OmyAC20ROGR    (0)    1 :  0.148 0.338 0.170 0.345 
389 OmyAC20ROGR    (0)    1 :  0.421 0.046 0.459 0.074 
390 OmyAC20ROGR    (0)    1 :  0.422 0.034 0.367 0.177 
391 OmyAC20ROGR    (0)    1 :  0.141 0.448 0.136 0.274 
392 OmyAC20ROGR    (0)    1 :  0.224 0.349 0.209 0.218 
393 OmyAC20ROGR    (0)    1 :  0.243 0.098 0.357 0.302 
394 OmyAC20ROGR    (1)    1 :  0.506 0.127 0.297 0.070 
395 OmyAC20ROGR    (0)    1 :  0.317 0.096 0.337 0.250 
396 OmyAC20ROGR    (0)    1 :  0.393 0.057 0.430 0.120 
397 OmyAC20ROGR    (0)    1 :  0.301 0.332 0.286 0.082 
398 OmyAC20ROGR    (0)    1 :  0.069 0.708 0.076 0.147 
399 OmyAC20ROGR    (0)    1 :  0.263 0.264 0.312 0.160 
400 OmyAC20ROGR    (0)    1 :  0.322 0.175 0.355 0.149 
401 OmyAC20ROGR    (1)    1 :  0.048 0.858 0.041 0.053 
402 OmyAC20ROGR    (0)    1 :  0.175 0.037 0.165 0.623 
403 OmyAC20ROGR    (0)    1 :  0.253 0.199 0.181 0.367 
404 OmyAC20ROGR    (0)    1 :  0.252 0.039 0.265 0.444 
405 OmyAC20ROGR    (0)    1 :  0.231 0.380 0.333 0.057 
406 OmyAC20ROGR    (0)    1 :  0.299 0.125 0.256 0.319 
407 OmyAC20ROGR    (0)    1 :  0.307 0.078 0.562 0.052 
408 OmyAC20ROGR    (0)    1 :  0.294 0.122 0.270 0.314 
409 OmyAC20ROGR    (0)    1 :  0.404 0.085 0.468 0.044 
410 OmyAC20ROGR    (0)    1 :  0.049 0.888 0.039 0.024 
411 OmyAC20ROGR    (0)    1 :  0.160 0.619 0.140 0.081 
412 OmyAC20ROGR    (0)    1 :  0.173 0.160 0.219 0.447 
413 OmyAC20ROGR    (0)    1 :  0.452 0.054 0.453 0.041 
414 OmyAC20ROGR    (0)    1 :  0.173 0.392 0.132 0.303 
415 OmyAC20ROGR    (0)    1 :  0.363 0.043 0.323 0.271 
416 OmyAC20ROGR    (0)    1 :  0.283 0.109 0.341 0.266 
417 OmyAC20ROGR    (0)    1 :  0.336 0.039 0.449 0.176 
418 OmyAC20ROGR    (0)    1 :  0.277 0.221 0.386 0.116 
419 OmyAC20ROGR    (0)    1 :  0.267 0.454 0.213 0.066 
420 OmyAC20ROGR    (0)    1 :  0.378 0.051 0.295 0.276 
421 OmyAC20ROGR    (0)    1 :  0.259 0.152 0.258 0.331 
422 OmyAC20ROGR    (0)    1 :  0.039 0.887 0.042 0.032 
423 OmyAC20ROGR    (0)    1 :  0.261 0.062 0.641 0.037 
424 OmyAC20ROGR    (0)    1 :  0.545 0.038 0.334 0.083 
425 OmyAC20ROGR    (0)    1 :  0.033 0.837 0.029 0.100 
426 OmyAC20ROGR    (0)    1 :  0.411 0.130 0.358 0.101 
427 OmyAC20ROGR    (0)    1 :  0.296 0.255 0.322 0.127 
428 OmyAC20ROGR    (0)    1 :  0.022 0.921 0.030 0.027 
429 OmyAC20ROGR    (0)    1 :  0.453 0.039 0.404 0.104 
430 OmyAC20ROGR    (0)    1 :  0.414 0.140 0.391 0.055 
431 OmyAC20ROGR    (0)    1 :  0.137 0.522 0.178 0.163 
432 OmyAC20ROGR    (0)    1 :  0.042 0.856 0.046 0.056 
433 OmyAC20ROGR    (0)    1 :  0.036 0.887 0.036 0.042 
434 OmyAC20ROGR    (0)    1 :  0.393 0.274 0.293 0.041 
435 OmyAC20ROGR    (0)    1 :  0.327 0.028 0.472 0.173 
436 OmyAC20ROGR    (0)    1 :  0.276 0.066 0.613 0.046 
437 OmyAC20ROGR    (0)    1 :  0.159 0.645 0.132 0.064 
438 OmyAC20ROGR    (0)    1 :  0.304 0.423 0.165 0.108 
439 OmyAC20ROGR    (0)    1 :  0.391 0.088 0.426 0.095 
440 OmyAC20ROGR    (0)    1 :  0.064 0.764 0.094 0.079 
441 OmyAC20ROGR    (0)    1 :  0.445 0.036 0.387 0.132 
442 OmyAC20ROGR    (0)    1 :  0.506 0.089 0.320 0.085 
443 OmyAC20ROGR    (0)    1 :  0.297 0.031 0.141 0.531 
444 OmyAC20ROGR    (0)    1 :  0.313 0.138 0.486 0.063 
445 OmyAC20ROGR    (0)    1 :  0.462 0.147 0.316 0.074 
446 OmyJC18ROGR    (0)    2 :  0.150 0.072 0.203 0.575 
447 OmyJC18ROGR    (0)    2 :  0.386 0.083 0.402 0.129 
448 OmyJC18ROGR    (0)    2 :  0.275 0.092 0.581 0.053 
449 OmyJC18ROGR    (0)    2 :  0.106 0.699 0.105 0.089 
450 OmyJC18ROGR    (0)    2 :  0.114 0.690 0.091 0.105 
451 OmyJC18ROGR    (0)    2 :  0.048 0.866 0.049 0.037 
452 OmyJC18ROGR    (0)    2 :  0.207 0.307 0.236 0.250 
453 OmyJC18ROGR    (0)    2 :  0.187 0.049 0.168 0.596 
454 OmyJC18ROGR    (0)    2 :  0.061 0.845 0.053 0.041 
455 OmyJC18ROGR    (0)    2 :  0.517 0.051 0.355 0.078 
456 OmyJC18ROGR    (0)    2 :  0.052 0.868 0.055 0.025 
457 OmyJC18ROGR    (0)    2 :  0.395 0.071 0.440 0.094 
458 OmyJC18ROGR    (0)    2 :  0.173 0.189 0.184 0.454 
459 OmyJC18ROGR    (0)    2 :  0.325 0.029 0.264 0.382 
460 OmyJC18ROGR    (2)    2 :  0.237 0.461 0.174 0.128 
461 OmyJC18ROGR    (1)    2 :  0.165 0.366 0.185 0.284 
462 OmyJC18ROGR    (3)    2 :  0.204 0.435 0.172 0.189 
463 OmyJC18ROGR    (1)    2 :  0.095 0.707 0.099 0.099 
464 OmyJC18ROGR    (3)    2 :  0.272 0.039 0.645 0.043 
465 OmyJC18ROGR    (3)    2 :  0.509 0.084 0.329 0.078 
466 OmyJC18ROGR    (0)    2 :  0.317 0.221 0.343 0.119 
467 OmyJC18ROGR    (1)    2 :  0.451 0.057 0.387 0.105 
468 OmyJC18ROGR    (0)    2 :  0.528 0.078 0.336 0.058 
469 OmyJC18ROGR    (0)    2 :  0.120 0.756 0.075 0.050 
470 OmyJC18ROGR    (3)    2 :  0.135 0.589 0.162 0.114 
471 OmyJC18ROGR    (1)    2 :  0.182 0.352 0.243 0.223 
472 OmyJC18ROGR    (1)    2 :  0.327 0.113 0.467 0.093 
473 OmyJC18ROGR    (2)    2 :  0.287 0.050 0.531 0.133 
474 OmyJC18ROGR    (0)    2 :  0.181 0.060 0.178 0.581 
475 OmyJC18ROGR    (1)    2 :  0.066 0.693 0.051 0.189 
476 OmyJC18ROGR    (2)    2 :  0.264 0.029 0.276 0.431 
477 OmyJC18ROGR    (3)    2 :  0.476 0.146 0.249 0.129 
478 OmyJC18ROGR    (0)    2 :  0.231 0.072 0.262 0.435 
479 OmyJC18ROGR    (0)    2 :  0.233 0.031 0.641 0.094 
480 OmyJC18ROGR    (0)    2 :  0.333 0.199 0.366 0.102 
481 OmyJC18ROGR    (2)    2 :  0.214 0.288 0.240 0.258 
482 OmyJC18ROGR    (3)    2 :  0.513 0.031 0.333 0.123 
483 OmyJC18ROGR    (3)    2 :  0.504 0.066 0.381 0.049 
484 OmyJC18ROGR    (3)    2 :  0.342 0.073 0.330 0.255 
485 OmyJC18ROGR    (2)    2 :  0.114 0.654 0.158 0.074 
486 OmyJC18ROGR    (2)    2 :  0.232 0.474 0.202 0.091 
487 OmyJC18ROGR    (1)    2 :  0.187 0.146 0.242 0.426 
488 OmyJC18ROGR    (3)    2 :  0.329 0.098 0.407 0.166 
489 OmyJC18ROGR    (0)    2 :  0.415 0.051 0.319 0.215 
490 OmyJC18ROGR    (2)    2 :  0.341 0.130 0.348 0.180 
491 OmyJC18ROGR    (4)    2 :  0.119 0.165 0.116 0.600 
492 OmyJC18ROGR    (4)    2 :  0.115 0.030 0.084 0.771 
493 OmyJC18ROGR    (3)    2 :  0.333 0.169 0.409 0.088 
494 OmyJC18ROGR    (3)    2 :  0.043 0.883 0.043 0.031 
495 OmyJC18ROGR    (3)    2 :  0.110 0.205 0.142 0.542 
496 OmyJC18ROGR    (0)    2 :  0.325 0.114 0.246 0.315 
497 OmyJC18ROGR    (5)    2 :  0.295 0.142 0.303 0.260 
498 OmyJC18ROGR    (3)    2 :  0.270 0.268 0.226 0.236 
499 OmyJC18ROGR    (1)    2 :  0.390 0.083 0.299 0.227 
500 OmyJC18ROGR    (1)    2 :  0.432 0.037 0.339 0.193 
501 OmyJC18ROGR    (3)    2 :  0.187 0.496 0.198 0.119 
502 OmyJC18ROGR    (1)    2 :  0.358 0.259 0.324 0.059 
503 OmyJC18ROGR    (4)    2 :  0.333 0.080 0.542 0.044 
504 OmyJC18ROGR    (1)    2 :  0.377 0.344 0.227 0.052 
505 OmyJC18ROGR    (0)    2 :  0.205 0.289 0.177 0.330 
506 OmyJC18ROGR    (6)    2 :  0.278 0.092 0.205 0.426 
507 OmyJC18ROGR    (0)    2 :  0.393 0.199 0.294 0.114 
508 OmyJC18ROGR    (0)    2 :  0.465 0.109 0.333 0.093 
509 OmyJC18ROGR    (2)    2 :  0.043 0.872 0.035 0.050 
510 OmyJC18ROGR    (1)    2 :  0.363 0.045 0.375 0.217 
511 OmyJC18ROGR    (3)    2 :  0.075 0.168 0.075 0.683 
512 OmyJC18ROGR    (2)    2 :  0.103 0.759 0.099 0.039 
513 OmyJC18ROGR    (7)    2 :  0.130 0.237 0.118 0.515 
514 OmyJC18ROGR    (3)    2 :  0.089 0.586 0.094 0.231 
515 OmyJC18ROGR    (0)    2 :  0.329 0.102 0.389 0.181 
516 OmyJC18ROGR    (2)    2 :  0.231 0.266 0.337 0.167 
517 OmyJC18ROGR    (2)    2 :  0.169 0.300 0.196 0.335 
518 OmyJC18ROGR    (0)    2 :  0.376 0.068 0.443 0.113 
519 OmyJC18ROGR    (7)    2 :  0.081 0.071 0.087 0.761 
520 OmyJC18ROGR    (4)    2 :  0.126 0.246 0.161 0.467 
521 OmyJC18ROGR    (1)    2 :  0.178 0.221 0.222 0.379 
522 OmyJC18ROGR    (1)    2 :  0.479 0.153 0.304 0.064 
523 OmyJC18ROGR    (3)    2 :  0.408 0.067 0.395 0.131 
524 OmyJC18ROGR    (1)    2 :  0.495 0.065 0.372 0.068 
525 OmyJC18ROGR    (2)    2 :  0.262 0.188 0.201 0.349 
526 OmyJC18ROGR    (1)    2 :  0.274 0.130 0.241 0.354 
527 OmyJC18ROGR    (0)    2 :  0.203 0.055 0.384 0.357 
528 OmyJC18ROGR    (0)    2 :  0.335 0.057 0.492 0.115 
529 OmyJC18ROGR    (1)    2 :  0.316 0.045 0.511 0.127 
530 OmyJC18ROGR    (0)    2 :  0.538 0.041 0.369 0.052 
531 OmyJC18ROGR    (0)    2 :  0.273 0.061 0.621 0.046 
532 OmyJC18ROGR    (1)    2 :  0.525 0.035 0.359 0.080 
533 OmyJC18ROGR    (2)    2 :  0.251 0.030 0.403 0.316 
534 OmyJC18ROGR    (2)    2 :  0.350 0.095 0.456 0.099 
535 OmyJC18ROGR    (0)    2 :  0.213 0.081 0.270 0.436 
536 OmyJC18ROGR    (0)    2 :  0.073 0.049 0.107 0.770 
537 OmyJC18ROGR    (0)    2 :  0.229 0.047 0.251 0.474 
538 OmyJC18ROGR    (0)    2 :  0.303 0.064 0.576 0.058 
539 OmyJC18ROGR    (1)    2 :  0.420 0.086 0.395 0.099 
540 OmyJC18ROGR    (6)    2 :  0.396 0.078 0.362 0.164 
541 OmyJC18ROGR    (1)    2 :  0.223 0.080 0.490 0.207 
542 OmyJC18ROGR    (1)    2 :  0.196 0.235 0.363 0.206 
543 OmyJC18ROGR    (0)    2 :  0.273 0.281 0.339 0.107 
544 OmyJC18ROGR    (2)    2 :  0.269 0.057 0.423 0.251 
545 OmyJC18ROGR    (1)    2 :  0.211 0.612 0.146 0.031 
546 OmyJC18ROGR    (6)    2 :  0.258 0.024 0.644 0.075 
547 OmyJC18ROGR    (0)    2 :  0.401 0.157 0.399 0.042 
548 OmyJC18ROGR    (1)    2 :  0.278 0.228 0.258 0.237 
549 OmyJC18ROGR    (0)    2 :  0.288 0.061 0.573 0.078 
550 OmyJC18ROGR    (1)    2 :  0.074 0.786 0.076 0.064 
551 OmyJC18ROGR    (1)    2 :  0.147 0.082 0.145 0.627 
552 OmyJC18ROGR    (2)    2 :  0.375 0.138 0.373 0.114 
553 OmyJC18ROGR    (7)    2 :  0.275 0.100 0.431 0.194 
554 OmyJC18ROGR    (2)    2 :  0.348 0.047 0.443 0.162 
555 OmyJC18ROGR    (3)    2 :  0.264 0.049 0.413 0.275 
556 OmyJC18ROGR    (0)    2 :  0.063 0.094 0.089 0.754 
557 OmyJC18ROGR    (1)    2 :  0.178 0.562 0.148 0.112 
558 OmyJC18ROGR    (0)    2 :  0.064 0.176 0.069 0.690 
559 OmyJC18ROGR    (0)    2 :  0.620 0.041 0.264 0.075 
560 OmyJC18ROGR    (5)    2 :  0.367 0.149 0.188 0.296 
561 OmyJC18ROGR    (0)    2 :  0.519 0.040 0.383 0.059 
562 OmyJC18ROGR    (6)    2 :  0.188 0.068 0.333 0.412 
563 OmyJC18ROGR    (2)    2 :  0.282 0.095 0.363 0.260 
564 OmyJC18ROGR    (3)    2 :  0.109 0.297 0.161 0.433 
565 OmyJC18ROGR    (3)    2 :  0.373 0.140 0.288 0.199 
566 OmyJC18ROGR    (1)    2 :  0.578 0.087 0.233 0.102 
567 OmyJC18ROGR    (0)    2 :  0.583 0.039 0.276 0.101 
568 OmyJC18ROGR    (3)    2 :  0.141 0.158 0.294 0.407 
569 OmyJC18ROGR    (2)    2 :  0.494 0.073 0.273 0.160 
570 OmyJC18ROGR    (0)    2 :  0.465 0.097 0.382 0.055 
571 OmyJC18ROGR    (1)    2 :  0.388 0.033 0.530 0.049 
572 OmyJC18ROGR    (4)    2 :  0.237 0.080 0.181 0.502 
573 OmyJC18ROGR    (3)    2 :  0.186 0.467 0.154 0.192 
574 OmyJC18ROGR    (5)    2 :  0.240 0.250 0.328 0.181 
575 OmyJC18ROGR    (3)    2 :  0.176 0.037 0.268 0.519 
576 OmyJC18ROGR    (0)    2 :  0.260 0.086 0.411 0.243 
577 OmyJC18ROGR    (0)    2 :  0.048 0.865 0.056 0.031 
578 OmyJC18ROGR    (1)    2 :  0.338 0.046 0.556 0.060 
579 OmyJC18ROGR    (0)    2 :  0.071 0.778 0.059 0.092 
580 OmyJC18ROGR    (0)    2 :  0.341 0.025 0.325 0.309 
581 OmyJC18ROGR    (3)    2 :  0.473 0.085 0.334 0.108 
582 OmyJC18ROGR    (6)    2 :  0.280 0.043 0.391 0.286 
583 OmyJC18ROGR    (3)    2 :  0.172 0.046 0.303 0.478 
584 OmyJC18ROGR    (3)    2 :  0.271 0.103 0.340 0.287 
585 OmyJC18ROGR    (1)    2 :  0.412 0.112 0.358 0.118 
586 OmyJC18ROGR    (1)    2 :  0.306 0.028 0.542 0.124 
587 OmyJC18ROGR    (0)    2 :  0.031 0.907 0.038 0.024 
588 OmyJC18ROGR    (0)    2 :  0.154 0.249 0.102 0.495 
589 OmyJC18ROGR    (1)    2 :  0.285 0.093 0.408 0.214 
590 OmyJC18ROGR    (2)    2 :  0.276 0.014 0.659 0.050 
591 OmyJC18ROGR    (0)    2 :  0.346 0.080 0.392 0.181 
592 OmyJC18ROGR    (3)    2 :  0.241 0.085 0.563 0.111 
593 OmyJC18ROGR    (0)    2 :  0.239 0.162 0.189 0.410 
594 OmyJC18ROGR    (1)    2 :  0.409 0.054 0.419 0.118 
595 OmyJC18ROGR    (0)    2 :  0.186 0.115 0.187 0.512 
596 OmyJC18ROGR    (1)    2 :  0.350 0.133 0.314 0.203 
597 OmyJC18ROGR    (0)    2 :  0.267 0.103 0.342 0.288 
598 OmyJC18ROGR    (1)    2 :  0.434 0.099 0.385 0.082 
599 OmyJC18ROGR    (0)    2 :  0.389 0.082 0.438 0.091 
600 OmyJC18ROGR    (0)    2 :  0.197 0.060 0.255 0.489 
601 OmyJC18ROGR    (0)    2 :  0.337 0.052 0.303 0.308 
602 OmyJC18ROGR    (0)    2 :  0.526 0.116 0.257 0.100 
603 OmyJC18ROGR    (0)    2 :  0.287 0.045 0.242 0.426 
604 OmyJC18ROGR    (0)    2 :  0.276 0.070 0.426 0.228 
605 OmyJC18ROGR    (0)    2 :  0.123 0.038 0.075 0.764 
606 OmyJC18ROGR    (0)    2 :  0.192 0.093 0.335 0.380 
607 OmyJC18ROGR    (0)    2 :  0.521 0.080 0.306 0.093 
608 OmyJC18ROGR    (0)    2 :  0.443 0.038 0.473 0.046 
609 OmyJC18ROGR    (0)    2 :  0.129 0.074 0.116 0.680 
610 OmyJC18ROGR    (4)    2 :  0.051 0.806 0.044 0.099 
611 OmyJC18ROGR    (0)    2 :  0.171 0.322 0.194 0.313 
612 OmyJC18ROGR    (2)    2 :  0.271 0.063 0.460 0.206 
613 OmyJC18ROGR    (0)    2 :  0.262 0.118 0.353 0.267 
614 OmyJC18ROGR    (0)    2 :  0.264 0.188 0.504 0.044 
615 OmyJC18ROGR    (0)    2 :  0.291 0.030 0.401 0.279 
616 OmyJC18ROGR    (0)    2 :  0.281 0.176 0.203 0.340 
617 OmyJC18ROGR    (0)    2 :  0.329 0.064 0.326 0.281 
618 OmyJC18ROGR    (0)    2 :  0.357 0.159 0.432 0.052 
619 OmyJC18ROGR    (0)    2 :  0.187 0.051 0.301 0.461 
620 OmyJC18ROGR    (0)    2 :  0.178 0.186 0.152 0.484 
621 OmyJC18ROGR    (1)    2 :  0.299 0.121 0.243 0.337 
622 OmyJC18ROGR    (2)    2 :  0.192 0.088 0.150 0.570 
623 OmyJC18ROGR    (1)    2 :  0.277 0.100 0.532 0.091 
624 OmyJC18ROGR    (2)    2 :  0.250 0.077 0.527 0.145 
625 OmyJC18ROGR    (0)    2 :  0.278 0.163 0.487 0.073 
626 OmyJC18ROGR    (6)    2 :  0.302 0.056 0.462 0.181 
627 OmyJC18ROGR    (0)    2 :  0.214 0.181 0.262 0.343 
628 OmyJC18ROGR    (0)    2 :  0.024 0.928 0.025 0.022 
629 OmyJC18ROGR    (1)    2 :  0.124 0.169 0.157 0.550 
630 OmyJC18ROGR    (1)    2 :  0.124 0.039 0.157 0.680 
631 OmyJC18ROGR    (3)    2 :  0.388 0.048 0.490 0.074 
632 OmyJC18ROGR    (0)    2 :  0.064 0.039 0.068 0.829 
633 OmyJC18ROGR    (4)    2 :  0.393 0.052 0.385 0.170 
634 OmyJC18ROGR    (2)    2 :  0.080 0.400 0.104 0.417 
635 OmyJC18ROGR    (0)    2 :  0.385 0.033 0.232 0.350 
636 OmyJC18ROGR    (0)    2 :  0.111 0.558 0.118 0.213 
637 OmyJC18ROGR    (0)    2 :  0.199 0.136 0.373 0.292 
638 OmyJC18ROGR    (0)    2 :  0.434 0.068 0.267 0.231 
639 OmyJC18ROGR    (1)    2 :  0.337 0.137 0.373 0.153 
640 OmyJC18ROGR    (1)    2 :  0.168 0.408 0.317 0.107 
641 OmyJC18ROGR    (0)    2 :  0.128 0.334 0.118 0.419 
642 OmyJC18ROGR    (3)    2 :  0.267 0.142 0.439 0.152 
643 OmyJC18ROGR    (1)    2 :  0.409 0.064 0.175 0.352 
644 OmyJC18ROGR    (7)    2 :  0.392 0.028 0.492 0.088 
645 OmyJC18ROGR    (4)    2 :  0.331 0.129 0.406 0.135 
646 OmyJC18ROGR    (0)    2 :  0.331 0.040 0.329 0.299 
647 OmyJC18ROGR    (1)    2 :  0.341 0.042 0.557 0.060 
648 OmyJC18ROGR    (1)    2 :  0.184 0.112 0.236 0.468 
649 OmyJC18ROGR    (0)    2 :  0.436 0.054 0.377 0.133 
650 OmyJC18ROGR    (1)    2 :  0.379 0.026 0.434 0.162 
651 OmyJC18ROGR    (5)    2 :  0.049 0.838 0.039 0.074 
652 OmyJC18ROGR    (1)    2 :  0.195 0.172 0.363 0.270 
653 OmyJC18ROGR    (3)    2 :  0.259 0.100 0.223 0.417 
654 OmyJC18ROGR    (1)    2 :  0.305 0.134 0.470 0.091 
655 OmyJC18ROGR    (2)    2 :  0.294 0.313 0.243 0.150 
656 OmyJC18ROGR    (0)    2 :  0.353 0.043 0.476 0.128 
657 OmyJC18ROGR    (0)    2 :  0.271 0.072 0.282 0.375 
658 OmyJC18ROGR    (0)    2 :  0.398 0.066 0.358 0.178 
659 OmyJC18ROGR    (5)    2 :  0.285 0.019 0.338 0.358 
660 OmyJC18ROGR    (3)    2 :  0.371 0.155 0.302 0.172 
661 OmyJC18ROGR    (2)    2 :  0.233 0.033 0.303 0.432 
662 OmyJC18ROGR    (1)    2 :  0.200 0.108 0.221 0.471 
663 OmyJC18ROGR    (2)    2 :  0.264 0.323 0.170 0.243 
664 OmyJC18ROGR    (0)    2 :  0.256 0.054 0.245 0.445 
665 OmyJC18ROGR    (0)    2 :  0.167 0.123 0.196 0.515 
666 OmyJC18ROGR    (0)    2 :  0.082 0.804 0.068 0.046 
667 OmyJC18ROGR    (0)    2 :  0.224 0.383 0.132 0.261 
668 OmyJC18ROGR    (2)    2 :  0.277 0.288 0.341 0.095 
669 OmyJC18ROGR    (4)    2 :  0.434 0.150 0.334 0.082 
670 OmyJC18ROGR    (6)    2 :  0.551 0.046 0.364 0.039 
671 OmyJC18ROGR    (3)    2 :  0.047 0.042 0.064 0.847 
672 OmyJC18ROGR    (0)    2 :  0.208 0.031 0.165 0.595 
673 OmyJC18ROGR    (4)    2 :  0.319 0.035 0.224 0.422 
674 OmyJC18ROGR    (0)    2 :  0.301 0.141 0.282 0.276 
675 OmyJC18ROGR    (0)    2 :  0.365 0.060 0.308 0.268 
