

----------------------------------------------------
STRUCTURE by Pritchard, Stephens and Donnelly (2000)
     and Falush, Stephens and Pritchard (2003)
       Code by Pritchard, Falush and Hubisz
             Version 2.3.4 (Jul 2012)
----------------------------------------------------



Command line arguments:   bin/structure -m "/Users/ddayan/FRA/premature_migration/Rogue_Half-Pounder/half-pounder/structure/halfpounder_2021/10k_20k_adm_corr/mainparams" -e "/Users/ddayan/FRA/premature_migration/Rogue_Half-Pounder/half-pounder/structure/halfpounder_2021/10k_20k_adm_corr/extraparams" 
Input File:    /Users/ddayan/FRA/premature_migration/Rogue_Half-Pounder/half-pounder/structure/halfpounder_2021/project_data

Run parameters:
   1000 individuals
   328 loci
   3 populations assumed
   10000 Burn-in period
   20000 Reps


--------------------------------------------
Proportion of membership of each pre-defined
 population in each of the 3 clusters

Given    Inferred Clusters       Number of
 Pop       1      2      3      Individuals

  1:     0.304  0.323  0.373      275
  2:     0.287  0.338  0.375      643
  3:     0.109  0.769  0.122       42
  4:     0.147  0.244  0.608       40
--------------------------------------------

Allele-freq. divergence among pops (Net nucleotide distance),
computed using point estimates of P.

      1       2       3      
 1      -    0.0103  0.0086  
 2   0.0103     -    0.0031  
 3   0.0086  0.0031     -    

Average distances (expected heterozygosity) between individuals in same cluster:
cluster  1  : 0.2638 
cluster  2  : 0.2899 
cluster  3  : 0.2950 

--------------------------------------------
Estimated Ln Prob of Data   = -285278.2
Mean value of ln likelihood = -284308.4
Variance of ln likelihood   = 1939.5
Mean value of alpha         = 0.5242

Mean value of Fst_1         = 0.0729
Mean value of Fst_2         = 0.0239
Mean value of Fst_3         = 0.0055


Inferred ancestry of individuals:
        Label (%Miss) Pop:  Inferred clusters
  1 OmyAC19ROGR    (0)    1 :  0.054 0.497 0.450 
  2 OmyAC19ROGR    (0)    1 :  0.232 0.588 0.180 
  3 OmyAC19ROGR    (0)    1 :  0.189 0.591 0.220 
  4 OmyAC19ROGR    (0)    1 :  0.072 0.411 0.517 
  5 OmyAC19ROGR    (1)    1 :  0.941 0.026 0.033 
  6 OmyAC19ROGR    (0)    1 :  0.361 0.208 0.431 
  7 OmyAC19ROGR    (0)    1 :  0.350 0.301 0.349 
  8 OmyAC19ROGR    (0)    1 :  0.052 0.515 0.433 
  9 OmyAC19ROGR    (0)    1 :  0.420 0.382 0.198 
 10 OmyAC19ROGR    (0)    1 :  0.567 0.287 0.146 
 11 OmyAC19ROGR    (0)    1 :  0.157 0.337 0.506 
 12 OmyAC19ROGR    (0)    1 :  0.231 0.146 0.623 
 13 OmyAC19ROGR    (0)    1 :  0.097 0.388 0.514 
 14 OmyAC19ROGR    (0)    1 :  0.577 0.073 0.350 
 15 OmyAC19ROGR    (0)    1 :  0.527 0.097 0.376 
 16 OmyAC19ROGR    (0)    1 :  0.233 0.366 0.401 
 17 OmyAC19ROGR    (0)    1 :  0.190 0.073 0.737 
 18 OmyAC19ROGR    (2)    1 :  0.075 0.685 0.240 
 19 OmyAC19ROGR    (1)    1 :  0.157 0.407 0.436 
 20 OmyAC19ROGR    (0)    1 :  0.370 0.124 0.507 
 21 OmyAC19ROGR    (1)    1 :  0.429 0.312 0.259 
 22 OmyAC19ROGR    (0)    1 :  0.181 0.639 0.180 
 23 OmyAC19ROGR    (0)    1 :  0.469 0.301 0.230 
 24 OmyAC19ROGR    (0)    1 :  0.043 0.851 0.106 
 25 OmyAC19ROGR    (0)    1 :  0.375 0.221 0.404 
 26 OmyAC19ROGR    (0)    1 :  0.234 0.549 0.217 
 27 OmyAC19ROGR    (1)    1 :  0.141 0.149 0.710 
 28 OmyAC19ROGR    (0)    1 :  0.087 0.847 0.066 
 29 OmyAC19ROGR    (0)    1 :  0.182 0.403 0.414 
 30 OmyAC19ROGR    (0)    1 :  0.769 0.126 0.105 
 31 OmyAC19ROGR    (0)    1 :  0.132 0.385 0.483 
 32 OmyAC19ROGR    (0)    1 :  0.277 0.468 0.255 
 33 OmyAC19ROGR    (1)    1 :  0.209 0.540 0.251 
 34 OmyAC19ROGR    (0)    1 :  0.612 0.159 0.230 
 35 OmyAC19ROGR    (0)    1 :  0.163 0.641 0.196 
 36 OmyAC19ROGR    (0)    1 :  0.351 0.235 0.414 
 37 OmyAC19ROGR    (0)    1 :  0.241 0.634 0.125 
 38 OmyAC19ROGR    (0)    1 :  0.532 0.376 0.092 
 39 OmyAC19ROGR    (0)    1 :  0.258 0.256 0.487 
 40 OmyAC19ROGR    (0)    1 :  0.456 0.134 0.410 
 41 OmyAC19ROGR    (1)    1 :  0.116 0.214 0.670 
 42 OmyAC19ROGR    (0)    1 :  0.859 0.048 0.092 
 43 OmyAC19ROGR    (0)    1 :  0.132 0.425 0.443 
 44 OmyAC19ROGR    (6)    1 :  0.122 0.400 0.478 
 45 OmyAC19ROGR    (1)    1 :  0.458 0.376 0.166 
 46 OmyAC19ROGR    (0)    1 :  0.180 0.640 0.180 
 47 OmyAC19ROGR    (0)    1 :  0.153 0.707 0.140 
 48 OmyAC19ROGR    (0)    1 :  0.123 0.398 0.479 
 49 OmyAC19ROGR    (0)    1 :  0.091 0.568 0.342 
 50 OmyAC19ROGR    (0)    1 :  0.074 0.126 0.800 
 51 OmyAC19ROGR    (2)    1 :  0.782 0.091 0.127 
 52 OmyAC19ROGR    (0)    1 :  0.876 0.063 0.061 
 53 OmyAC19ROGR    (1)    1 :  0.082 0.791 0.127 
 54 OmyAC19ROGR    (0)    1 :  0.166 0.643 0.191 
 55 OmyAC19ROGR    (3)    1 :  0.192 0.197 0.611 
 56 OmyAC19ROGR    (0)    1 :  0.180 0.669 0.151 
 57 OmyAC19ROGR    (0)    1 :  0.058 0.782 0.160 
 58 OmyAC19ROGR    (0)    1 :  0.757 0.104 0.138 
 59 OmyAC19ROGR    (0)    1 :  0.063 0.697 0.240 
 60 OmyAC19ROGR    (1)    1 :  0.282 0.238 0.480 
 61 OmyAC19ROGR    (0)    1 :  0.145 0.637 0.218 
 62 OmyAC19ROGR    (0)    1 :  0.113 0.374 0.513 
 63 OmyAC19ROGR    (0)    1 :  0.329 0.510 0.161 
 64 OmyAC19ROGR    (2)    1 :  0.184 0.241 0.575 
 65 OmyAC19ROGR    (0)    1 :  0.121 0.322 0.558 
 66 OmyAC19ROGR    (3)    1 :  0.477 0.139 0.384 
 67 OmyAC19ROGR    (0)    1 :  0.093 0.707 0.200 
 68 OmyAC19ROGR    (1)    1 :  0.167 0.599 0.234 
 69 OmyAC19ROGR    (2)    1 :  0.368 0.547 0.085 
 70 OmyAC19ROGR    (0)    1 :  0.101 0.535 0.364 
 71 OmyAC19ROGR    (0)    1 :  0.115 0.391 0.494 
 72 OmyAC19ROGR    (4)    1 :  0.081 0.294 0.625 
 73 OmyAC19ROGR    (0)    1 :  0.360 0.479 0.161 
 74 OmyAC19ROGR    (0)    1 :  0.081 0.101 0.817 
 75 OmyAC19ROGR    (0)    1 :  0.248 0.431 0.321 
 76 OmyAC19ROGR    (0)    1 :  0.123 0.762 0.114 
 77 OmyAC19ROGR    (1)    1 :  0.914 0.036 0.049 
 78 OmyAC19ROGR    (0)    1 :  0.129 0.284 0.587 
 79 OmyAC19ROGR    (2)    1 :  0.174 0.508 0.318 
 80 OmyAC19ROGR    (1)    1 :  0.743 0.124 0.132 
 81 OmyAC19ROGR    (2)    1 :  0.571 0.213 0.216 
 82 OmyAC19ROGR    (1)    1 :  0.047 0.818 0.136 
 83 OmyAC19ROGR    (0)    1 :  0.134 0.630 0.236 
 84 OmyAC19ROGR    (0)    1 :  0.357 0.227 0.415 
 85 OmyAC19ROGR    (5)    1 :  0.096 0.511 0.393 
 86 OmyAC19ROGR    (0)    1 :  0.250 0.088 0.662 
 87 OmyAC19ROGR    (1)    1 :  0.125 0.665 0.211 
 88 OmyJC19ROGR    (0)    2 :  0.862 0.062 0.076 
 89 OmyJC19ROGR    (0)    2 :  0.210 0.288 0.502 
 90 OmyJC19ROGR    (0)    2 :  0.904 0.044 0.053 
 91 OmyJC19ROGR    (1)    2 :  0.041 0.502 0.457 
 92 OmyJC19ROGR    (0)    2 :  0.135 0.723 0.142 
 93 OmyJC19ROGR    (0)    2 :  0.045 0.824 0.131 
 94 OmyJC19ROGR    (0)    2 :  0.327 0.128 0.546 
 95 OmyJC19ROGR    (0)    2 :  0.303 0.170 0.527 
 96 OmyJC19ROGR    (0)    2 :  0.183 0.190 0.627 
 97 OmyJC19ROGR    (0)    2 :  0.251 0.682 0.067 
 98 OmyJC19ROGR    (0)    2 :  0.098 0.332 0.571 
 99 OmyJC19ROGR    (0)    2 :  0.181 0.644 0.175 
100 OmyJC19ROGR    (1)    2 :  0.147 0.332 0.521 
101 OmyJC19ROGR    (0)    2 :  0.593 0.283 0.124 
102 OmyJC19ROGR    (0)    2 :  0.210 0.188 0.602 
103 OmyJC19ROGR    (0)    2 :  0.304 0.420 0.276 
104 OmyJC19ROGR    (0)    2 :  0.088 0.740 0.173 
105 OmyJC19ROGR    (0)    2 :  0.277 0.549 0.174 
106 OmyJC19ROGR    (0)    2 :  0.912 0.055 0.033 
107 OmyJC19ROGR    (1)    2 :  0.230 0.282 0.488 
108 OmyJC19ROGR    (0)    2 :  0.163 0.503 0.334 
109 OmyJC19ROGR    (0)    2 :  0.350 0.093 0.557 
110 OmyJC19ROGR    (0)    2 :  0.395 0.496 0.109 
111 OmyJC19ROGR    (1)    2 :  0.197 0.670 0.134 
112 OmyJC19ROGR    (2)    2 :  0.242 0.148 0.610 
113 OmyJC19ROGR    (0)    2 :  0.722 0.119 0.159 
114 OmyJC19ROGR    (3)    2 :  0.157 0.406 0.437 
115 OmyJC19ROGR    (1)    2 :  0.139 0.666 0.195 
116 OmyJC19ROGR    (0)    2 :  0.258 0.277 0.465 
117 OmyJC19ROGR    (0)    2 :  0.331 0.186 0.483 
118 OmyJC19ROGR    (0)    2 :  0.076 0.477 0.447 
119 OmyJC19ROGR    (2)    2 :  0.137 0.213 0.651 
120 OmyJC19ROGR    (0)    2 :  0.043 0.830 0.127 
121 OmyJC19ROGR    (0)    2 :  0.126 0.166 0.708 
122 OmyJC19ROGR    (0)    2 :  0.175 0.422 0.402 
123 OmyJC19ROGR    (0)    2 :  0.070 0.396 0.534 
124 OmyJC19ROGR    (0)    2 :  0.280 0.201 0.519 
125 OmyJC19ROGR    (0)    2 :  0.216 0.622 0.162 
126 OmyJC19ROGR    (1)    2 :  0.755 0.101 0.144 
127 OmyJC19ROGR    (0)    2 :  0.107 0.160 0.733 
128 OmyJC19ROGR    (1)    2 :  0.117 0.758 0.125 
129 OmyJC19ROGR    (0)    2 :  0.451 0.376 0.173 
130 OmyJC19ROGR    (2)    2 :  0.144 0.103 0.753 
131 OmyJC19ROGR    (0)    2 :  0.221 0.537 0.243 
132 OmyJC19ROGR    (1)    2 :  0.115 0.707 0.179 
133 OmyJC19ROGR    (0)    2 :  0.079 0.434 0.487 
134 OmyJC19ROGR    (0)    2 :  0.219 0.360 0.421 
135 OmyJC19ROGR    (1)    2 :  0.066 0.854 0.080 
136 OmyJC19ROGR    (3)    2 :  0.114 0.380 0.506 
137 OmyJC19ROGR    (0)    2 :  0.315 0.109 0.576 
138 OmyJC19ROGR    (0)    2 :  0.774 0.075 0.151 
139 OmyJC19ROGR    (2)    2 :  0.076 0.339 0.585 
140 OmyJC19ROGR    (2)    2 :  0.230 0.248 0.522 
141 OmyJC19ROGR    (0)    2 :  0.439 0.303 0.259 
142 OmyJC19ROGR    (0)    2 :  0.431 0.319 0.250 
143 OmyJC19ROGR    (0)    2 :  0.136 0.782 0.082 
144 OmyJC19ROGR    (0)    2 :  0.055 0.384 0.561 
145 OmyJC19ROGR    (0)    2 :  0.092 0.148 0.760 
146 OmyJC19ROGR    (1)    2 :  0.164 0.700 0.137 
147 OmyJC19ROGR    (0)    2 :  0.187 0.327 0.486 
148 OmyJC19ROGR    (0)    2 :  0.068 0.364 0.568 
149 OmyJC19ROGR    (1)    2 :  0.176 0.640 0.184 
150 OmyJC19ROGR    (1)    2 :  0.132 0.698 0.170 
151 OmyJC19ROGR    (0)    2 :  0.282 0.393 0.325 
152 OmyJC19ROGR    (0)    2 :  0.132 0.306 0.561 
153 OmyJC19ROGR    (0)    2 :  0.085 0.849 0.066 
154 OmyJC19ROGR    (1)    2 :  0.172 0.158 0.670 
155 OmyJC19ROGR    (0)    2 :  0.221 0.484 0.295 
156 OmyJC19ROGR    (1)    2 :  0.224 0.352 0.424 
157 OmyJC19ROGR    (0)    2 :  0.187 0.489 0.325 
158 OmyJC19ROGR    (0)    2 :  0.058 0.505 0.436 
159 OmyJC19ROGR    (0)    2 :  0.111 0.111 0.777 
160 OmyJC19ROGR    (0)    2 :  0.154 0.500 0.346 
161 OmyJC19ROGR    (0)    2 :  0.070 0.586 0.345 
162 OmyJC19ROGR    (0)    2 :  0.153 0.361 0.486 
163 OmyJC19ROGR    (0)    2 :  0.113 0.721 0.166 
164 OmyJC19ROGR    (0)    2 :  0.082 0.208 0.709 
165 OmyJC19ROGR    (0)    2 :  0.066 0.367 0.567 
166 OmyJC19ROGR    (0)    2 :  0.144 0.211 0.645 
167 OmyJC19ROGR    (1)    2 :  0.206 0.555 0.239 
168 OmyJC19ROGR    (0)    2 :  0.179 0.302 0.519 
169 OmyJC19ROGR    (0)    2 :  0.924 0.033 0.044 
170 OmyJC19ROGR    (0)    2 :  0.138 0.752 0.110 
171 OmyJC19ROGR    (0)    2 :  0.074 0.211 0.715 
172 OmyJC19ROGR    (0)    2 :  0.447 0.419 0.134 
173 OmyJC19ROGR    (0)    2 :  0.884 0.051 0.064 
174 OmyJC19ROGR    (0)    2 :  0.110 0.438 0.452 
175 OmyJC19ROGR    (0)    2 :  0.098 0.257 0.644 
176 OmyJC19ROGR    (0)    2 :  0.190 0.653 0.157 
177 OmyJC19ROGR    (0)    2 :  0.037 0.872 0.090 
178 OmyJC19ROGR    (0)    2 :  0.105 0.058 0.837 
179 OmyJC19ROGR    (0)    2 :  0.063 0.703 0.235 
180 OmyJC19ROGR    (0)    2 :  0.844 0.093 0.062 
181 OmyJC19ROGR    (0)    2 :  0.169 0.262 0.569 
182 OmyJC19ROGR    (0)    2 :  0.317 0.250 0.432 
183 OmyJC19ROGR    (0)    2 :  0.099 0.279 0.623 
184 OmyJC19ROGR    (0)    2 :  0.700 0.161 0.139 
185 OmyJC19ROGR    (1)    2 :  0.046 0.435 0.519 
186 OmyJC19ROGR    (0)    2 :  0.171 0.696 0.133 
187 OmyJC19ROGR    (0)    2 :  0.084 0.187 0.729 
188 OmyJC19ROGR    (0)    2 :  0.104 0.346 0.551 
189 OmyJC19ROGR    (0)    2 :  0.321 0.484 0.195 
190 OmyJC19ROGR    (0)    2 :  0.097 0.788 0.116 
191 OmyJC19ROGR    (0)    2 :  0.091 0.731 0.178 
192 OmyJC19ROGR    (0)    2 :  0.110 0.081 0.809 
193 OmyJC19ROGR    (1)    2 :  0.274 0.305 0.422 
194 OmyJC19ROGR    (0)    2 :  0.058 0.137 0.805 
195 OmyJC19ROGR    (0)    2 :  0.814 0.065 0.121 
196 OmyJC19ROGR    (0)    2 :  0.111 0.138 0.751 
197 OmyJC19ROGR    (0)    2 :  0.146 0.624 0.230 
198 OmyJC19ROGR    (0)    2 :  0.776 0.102 0.122 
199 OmyJC19ROGR    (0)    2 :  0.077 0.305 0.618 
200 OmyJC19ROGR    (0)    2 :  0.169 0.709 0.122 
201 OmyJC19ROGR    (0)    2 :  0.069 0.213 0.717 
202 OmyJC19ROGR    (0)    2 :  0.039 0.830 0.130 
203 OmyJC19ROGR    (0)    2 :  0.120 0.395 0.485 
204 OmyJC19ROGR    (0)    2 :  0.119 0.340 0.541 
205 OmyJC19ROGR    (0)    2 :  0.268 0.258 0.473 
206 OmyJC19ROGR    (0)    2 :  0.868 0.065 0.067 
207 OmyJC19ROGR    (0)    2 :  0.411 0.192 0.397 
208 OmyJC19ROGR    (0)    2 :  0.093 0.131 0.775 
209 OmyJC19ROGR    (0)    2 :  0.573 0.306 0.121 
210 OmyJC19ROGR    (0)    2 :  0.886 0.048 0.066 
211 OmyJC19ROGR    (0)    2 :  0.337 0.343 0.320 
212 OmyJC19ROGR    (1)    2 :  0.276 0.578 0.146 
213 OmyJC19ROGR    (1)    2 :  0.111 0.357 0.533 
214 OmyJC19ROGR    (0)    2 :  0.127 0.147 0.726 
215 OmyJC19ROGR    (0)    2 :  0.087 0.262 0.651 
216 OmyJC19ROGR    (0)    2 :  0.820 0.061 0.119 
217 OmyJC19ROGR    (0)    2 :  0.515 0.203 0.282 
218 OmyJC19ROGR    (0)    2 :  0.089 0.664 0.247 
219 OmyJC19ROGR    (0)    2 :  0.224 0.102 0.674 
220 OmyJC19ROGR    (0)    2 :  0.040 0.477 0.484 
221 OmyJC19ROGR    (0)    2 :  0.416 0.245 0.340 
222 OmyJC19ROGR    (0)    2 :  0.100 0.609 0.291 
223 OmyJC19ROGR    (0)    2 :  0.138 0.298 0.563 
224 OmyJC19ROGR    (0)    2 :  0.077 0.159 0.764 
225 OmyJC19ROGR    (0)    2 :  0.930 0.033 0.037 
226 OmyJC19ROGR    (0)    2 :  0.376 0.135 0.489 
227 OmyJC19ROGR    (1)    2 :  0.875 0.081 0.043 
228 OmyJC19ROGR    (0)    2 :  0.083 0.113 0.804 
229 OmyJC19ROGR    (1)    2 :  0.096 0.473 0.431 
230 OmyJC19ROGR    (0)    2 :  0.353 0.401 0.246 
231 OmyJC19ROGR    (0)    2 :  0.223 0.157 0.620 
232 OmyJC19ROGR    (1)    2 :  0.150 0.423 0.427 
233 OmyJC19ROGR    (0)    2 :  0.308 0.262 0.430 
234 OmyJC19ROGR    (0)    2 :  0.892 0.064 0.044 
235 OmyJC19ROGR    (0)    2 :  0.706 0.171 0.123 
236 OmyJC19ROGR    (1)    2 :  0.096 0.372 0.532 
237 OmyJC19ROGR    (0)    2 :  0.155 0.309 0.536 
238 OmyJC19ROGR    (0)    2 :  0.205 0.132 0.662 
239 OmyJC19ROGR    (0)    2 :  0.232 0.233 0.534 
240 OmyJC19ROGR    (0)    2 :  0.139 0.349 0.512 
241 OmyJC19ROGR    (0)    2 :  0.223 0.594 0.182 
242 OmyJC19ROGR    (0)    2 :  0.066 0.434 0.499 
243 OmyJC19ROGR    (0)    2 :  0.126 0.577 0.297 
244 OmyJC19ROGR    (0)    2 :  0.163 0.596 0.241 
245 OmyJC19ROGR    (0)    2 :  0.912 0.041 0.047 
246 OmyJC19ROGR    (0)    2 :  0.330 0.518 0.151 
247 OmyJC19ROGR    (0)    2 :  0.658 0.205 0.138 
248 OmyJC19ROGR    (0)    2 :  0.637 0.197 0.166 
249 OmyJC19ROGR    (0)    2 :  0.213 0.169 0.618 
250 OmyJC19ROGR    (0)    2 :  0.220 0.290 0.491 
251 OmyJC19ROGR    (0)    2 :  0.134 0.266 0.600 
252 OmyJC19ROGR    (0)    2 :  0.092 0.805 0.103 
253 OmyJC19ROGR    (0)    2 :  0.244 0.310 0.446 
254 OmyJC19ROGR    (0)    2 :  0.162 0.610 0.227 
255 OmyJC19ROGR    (0)    2 :  0.078 0.744 0.179 
256 OmyJC19ROGR    (0)    2 :  0.437 0.407 0.155 
257 OmyJC19ROGR    (0)    2 :  0.239 0.263 0.498 
258 OmyAC19ROGR    (0)    1 :  0.333 0.308 0.359 
259 OmyAC19ROGR    (1)    1 :  0.541 0.183 0.276 
260 OmyAC19ROGR    (0)    1 :  0.074 0.177 0.750 
261 OmyAC19ROGR    (0)    1 :  0.167 0.184 0.648 
262 OmyAC19ROGR    (0)    1 :  0.251 0.300 0.449 
263 OmyAC19ROGR    (0)    1 :  0.130 0.663 0.208 
264 OmyAC19ROGR    (0)    1 :  0.176 0.306 0.519 
265 OmyAC19ROGR    (0)    1 :  0.133 0.466 0.402 
266 OmyAC19ROGR    (0)    1 :  0.072 0.178 0.749 
267 OmyAC19ROGR    (0)    1 :  0.294 0.279 0.427 
268 OmyAC19ROGR    (1)    1 :  0.288 0.525 0.187 
269 OmyAC19ROGR    (1)    1 :  0.343 0.188 0.469 
270 OmyAC19ROGR    (0)    1 :  0.103 0.665 0.232 
271 OmyAC19ROGR    (0)    1 :  0.463 0.202 0.335 
272 OmyAC19ROGR    (0)    1 :  0.326 0.127 0.547 
273 OmyAC19ROGR    (0)    1 :  0.115 0.525 0.360 
274 OmyAC19ROGR    (0)    1 :  0.820 0.083 0.098 
275 OmyAC19ROGR    (0)    1 :  0.244 0.478 0.279 
276 OmyAC19ROGR    (0)    1 :  0.202 0.300 0.498 
277 OmyAC19ROGR    (0)    1 :  0.219 0.115 0.666 
278 OmyAC19ROGR    (0)    1 :  0.458 0.154 0.388 
279 OmyAC19ROGR    (0)    1 :  0.371 0.134 0.495 
280 OmyAC19ROGR    (0)    1 :  0.254 0.486 0.260 
281 OmyAC19ROGR    (0)    1 :  0.142 0.260 0.598 
282 OmyAC19ROGR    (0)    1 :  0.342 0.377 0.282 
283 OmyAC19ROGR    (0)    1 :  0.123 0.164 0.713 
284 OmyAC19ROGR    (0)    1 :  0.074 0.370 0.556 
285 OmyAC19ROGR    (0)    1 :  0.134 0.500 0.366 
286 OmyAC19ROGR    (0)    1 :  0.070 0.405 0.525 
287 OmyAC19ROGR    (0)    1 :  0.948 0.023 0.029 
288 OmyAC19ROGR    (0)    1 :  0.807 0.074 0.120 
289 OmyAC19ROGR    (0)    1 :  0.309 0.223 0.467 
290 OmyAC19ROGR    (1)    1 :  0.924 0.042 0.034 
291 OmyAC19ROGR    (0)    1 :  0.518 0.301 0.181 
292 OmyAC19ROGR    (1)    1 :  0.346 0.185 0.469 
293 OmyAC19ROGR    (0)    1 :  0.077 0.787 0.136 
294 OmyAC19ROGR    (0)    1 :  0.510 0.136 0.354 
295 OmyAC19ROGR    (0)    1 :  0.080 0.395 0.525 
296 OmyAC19ROGR    (0)    1 :  0.112 0.243 0.645 
297 OmyAC19ROGR    (0)    1 :  0.809 0.066 0.125 
298 OmyAC19ROGR    (0)    1 :  0.077 0.133 0.790 
299 OmyAC19ROGR    (0)    1 :  0.409 0.410 0.181 
300 OmyAC19ROGR    (0)    1 :  0.109 0.272 0.619 
301 OmyAC19ROGR    (0)    1 :  0.895 0.046 0.059 
302 OmyAC19ROGR    (0)    1 :  0.569 0.104 0.327 
303 OmyAC19ROGR    (0)    1 :  0.250 0.189 0.561 
304 OmyAC19ROGR    (0)    1 :  0.309 0.213 0.478 
305 OmyAC19ROGR    (0)    1 :  0.101 0.246 0.653 
306 OmyAC19ROGR    (0)    1 :  0.768 0.053 0.179 
307 OmyAC19ROGR    (1)    1 :  0.071 0.507 0.422 
308 OmyAC19ROGR    (0)    1 :  0.227 0.182 0.591 
309 OmyAC19ROGR    (1)    1 :  0.888 0.058 0.054 
310 OmyAC19ROGR    (0)    1 :  0.505 0.219 0.276 
311 OmyAC19ROGR    (0)    1 :  0.598 0.132 0.270 
312 OmyAC19ROGR    (0)    1 :  0.107 0.625 0.268 
313 OmyAC19ROGR    (0)    1 :  0.067 0.288 0.645 
314 OmyAC19ROGR    (0)    1 :  0.109 0.723 0.168 
315 OmyAC19ROGR    (0)    1 :  0.182 0.306 0.512 
316 OmyAC19ROGR    (0)    1 :  0.112 0.273 0.615 
317 OmyAC19ROGR    (0)    1 :  0.113 0.683 0.204 
318 OmyAC19ROGR    (0)    1 :  0.073 0.687 0.240 
319 OmyAC19ROGR    (1)    1 :  0.052 0.383 0.565 
320 OmyAC19ROGR    (0)    1 :  0.041 0.176 0.783 
321 OmyAC19ROGR    (0)    1 :  0.093 0.213 0.694 
322 OmyAC19ROGR    (0)    1 :  0.596 0.189 0.216 
323 OmyAC19ROGR    (0)    1 :  0.079 0.091 0.829 
324 OmyAC19ROGR    (0)    1 :  0.097 0.384 0.519 
325 OmyAC19ROGR    (0)    1 :  0.503 0.187 0.310 
326 OmyAC19ROGR    (0)    1 :  0.142 0.142 0.716 
327 OmyAC19ROGR    (0)    1 :  0.104 0.323 0.573 
328 OmyAC20ROGR    (1)    1 :  0.080 0.359 0.562 
329 OmyAC20ROGR    (0)    1 :  0.197 0.534 0.269 
330 OmyAC20ROGR    (0)    1 :  0.180 0.407 0.413 
331 OmyAC20ROGR    (0)    1 :  0.457 0.317 0.226 
332 OmyAC20ROGR    (0)    1 :  0.348 0.445 0.207 
333 OmyAC20ROGR    (0)    1 :  0.432 0.381 0.187 
334 OmyAC20ROGR    (0)    1 :  0.075 0.738 0.187 
335 OmyAC20ROGR    (0)    1 :  0.125 0.470 0.405 
336 OmyAC20ROGR    (0)    1 :  0.320 0.315 0.365 
337 OmyAC20ROGR    (0)    1 :  0.583 0.180 0.238 
338 OmyAC20ROGR    (0)    1 :  0.276 0.485 0.239 
339 OmyAC20ROGR    (0)    1 :  0.249 0.268 0.484 
340 OmyAC20ROGR    (0)    1 :  0.133 0.756 0.110 
341 OmyAC20ROGR    (0)    1 :  0.190 0.660 0.150 
342 OmyAC20ROGR    (0)    1 :  0.319 0.387 0.293 
343 OmyAC20ROGR    (0)    1 :  0.157 0.619 0.223 
344 OmyAC20ROGR    (0)    1 :  0.310 0.489 0.201 
345 OmyAC20ROGR    (1)    1 :  0.322 0.172 0.506 
346 OmyAC20ROGR    (0)    1 :  0.363 0.306 0.331 
347 OmyAC20ROGR    (0)    1 :  0.380 0.254 0.366 
348 OmyAC20ROGR    (0)    1 :  0.336 0.508 0.156 
349 OmyAC20ROGR    (0)    1 :  0.162 0.631 0.207 
350 OmyAC20ROGR    (0)    1 :  0.205 0.227 0.567 
351 OmyAC20ROGR    (0)    1 :  0.265 0.472 0.263 
352 OmyAC20ROGR    (0)    1 :  0.137 0.222 0.641 
353 OmyAC20ROGR    (0)    1 :  0.099 0.427 0.473 
354 OmyAC20ROGR    (0)    1 :  0.424 0.451 0.126 
355 OmyAC20ROGR    (0)    1 :  0.174 0.519 0.307 
356 OmyAC20ROGR    (0)    1 :  0.118 0.291 0.592 
357 OmyAC20ROGR    (0)    1 :  0.237 0.176 0.587 
358 OmyAC20ROGR    (0)    1 :  0.115 0.197 0.688 
359 OmyAC20ROGR    (0)    1 :  0.344 0.058 0.598 
360 OmyAC20ROGR    (0)    1 :  0.380 0.296 0.324 
361 OmyAC20ROGR    (0)    1 :  0.111 0.124 0.766 
362 OmyAC20ROGR    (0)    1 :  0.127 0.168 0.704 
363 OmyAC20ROGR    (0)    1 :  0.279 0.499 0.222 
364 OmyAC20ROGR    (1)    1 :  0.109 0.633 0.259 
365 OmyAC20ROGR    (0)    1 :  0.055 0.283 0.662 
366 OmyAC20ROGR    (0)    1 :  0.096 0.559 0.345 
367 OmyAC20ROGR    (0)    1 :  0.265 0.270 0.465 
368 OmyAC20ROGR    (1)    1 :  0.211 0.129 0.660 
369 OmyAC20ROGR    (0)    1 :  0.449 0.349 0.202 
370 OmyAC20ROGR    (0)    1 :  0.768 0.120 0.111 
371 OmyAC20ROGR    (0)    1 :  0.844 0.076 0.080 
372 OmyAC20ROGR    (2)    1 :  0.899 0.045 0.056 
373 OmyAC20ROGR    (0)    1 :  0.558 0.114 0.328 
374 OmyAC20ROGR    (0)    1 :  0.085 0.436 0.480 
375 OmyAC20ROGR    (0)    1 :  0.210 0.242 0.549 
376 OmyAC20ROGR    (0)    1 :  0.633 0.187 0.179 
377 OmyAC20ROGR    (0)    1 :  0.066 0.635 0.299 
378 OmyAC20ROGR    (0)    1 :  0.079 0.528 0.392 
379 OmyAC20ROGR    (0)    1 :  0.544 0.246 0.209 
380 OmyAC20ROGR    (1)    1 :  0.074 0.293 0.633 
381 OmyAC20ROGR    (0)    1 :  0.249 0.130 0.621 
382 OmyAC20ROGR    (0)    1 :  0.890 0.046 0.064 
383 OmyAC20ROGR    (0)    1 :  0.362 0.100 0.538 
384 OmyAC20ROGR    (0)    1 :  0.476 0.307 0.217 
385 OmyAC20ROGR    (0)    1 :  0.404 0.080 0.516 
386 OmyAC20ROGR    (0)    1 :  0.289 0.349 0.362 
387 OmyAC20ROGR    (0)    1 :  0.468 0.112 0.420 
388 OmyAC20ROGR    (0)    1 :  0.433 0.408 0.160 
389 OmyAC20ROGR    (0)    1 :  0.089 0.131 0.780 
390 OmyAC20ROGR    (0)    1 :  0.066 0.274 0.660 
391 OmyAC20ROGR    (0)    1 :  0.509 0.267 0.224 
392 OmyAC20ROGR    (0)    1 :  0.420 0.322 0.258 
393 OmyAC20ROGR    (0)    1 :  0.175 0.482 0.342 
394 OmyAC20ROGR    (1)    1 :  0.221 0.200 0.579 
395 OmyAC20ROGR    (0)    1 :  0.187 0.440 0.373 
396 OmyAC20ROGR    (0)    1 :  0.118 0.242 0.641 
397 OmyAC20ROGR    (0)    1 :  0.443 0.146 0.411 
398 OmyAC20ROGR    (0)    1 :  0.715 0.183 0.102 
399 OmyAC20ROGR    (0)    1 :  0.359 0.282 0.359 
400 OmyAC20ROGR    (0)    1 :  0.271 0.290 0.439 
401 OmyAC20ROGR    (1)    1 :  0.875 0.072 0.053 
402 OmyAC20ROGR    (0)    1 :  0.071 0.683 0.246 
403 OmyAC20ROGR    (0)    1 :  0.305 0.428 0.267 
404 OmyAC20ROGR    (0)    1 :  0.082 0.637 0.281 
405 OmyAC20ROGR    (0)    1 :  0.457 0.137 0.406 
406 OmyAC20ROGR    (0)    1 :  0.201 0.534 0.265 
407 OmyAC20ROGR    (0)    1 :  0.135 0.107 0.758 
408 OmyAC20ROGR    (0)    1 :  0.197 0.454 0.349 
409 OmyAC20ROGR    (0)    1 :  0.153 0.097 0.750 
410 OmyAC20ROGR    (0)    1 :  0.899 0.037 0.064 
411 OmyAC20ROGR    (0)    1 :  0.671 0.140 0.189 
412 OmyAC20ROGR    (0)    1 :  0.233 0.499 0.268 
413 OmyAC20ROGR    (0)    1 :  0.114 0.078 0.808 
414 OmyAC20ROGR    (0)    1 :  0.484 0.379 0.137 
415 OmyAC20ROGR    (0)    1 :  0.088 0.400 0.511 
416 OmyAC20ROGR    (0)    1 :  0.192 0.417 0.391 
417 OmyAC20ROGR    (0)    1 :  0.083 0.303 0.614 
418 OmyAC20ROGR    (0)    1 :  0.320 0.207 0.473 
419 OmyAC20ROGR    (0)    1 :  0.507 0.105 0.388 
420 OmyAC20ROGR    (0)    1 :  0.092 0.511 0.397 
421 OmyAC20ROGR    (0)    1 :  0.231 0.481 0.288 
422 OmyAC20ROGR    (0)    1 :  0.893 0.054 0.053 
423 OmyAC20ROGR    (0)    1 :  0.085 0.083 0.832 
424 OmyAC20ROGR    (0)    1 :  0.084 0.161 0.755 
425 OmyAC20ROGR    (0)    1 :  0.832 0.125 0.043 
426 OmyAC20ROGR    (0)    1 :  0.227 0.227 0.547 
427 OmyAC20ROGR    (0)    1 :  0.391 0.219 0.391 
428 OmyAC20ROGR    (0)    1 :  0.911 0.044 0.045 
429 OmyAC20ROGR    (0)    1 :  0.071 0.202 0.727 
430 OmyAC20ROGR    (0)    1 :  0.230 0.096 0.674 
431 OmyAC20ROGR    (0)    1 :  0.602 0.219 0.179 
432 OmyAC20ROGR    (0)    1 :  0.857 0.075 0.068 
433 OmyAC20ROGR    (0)    1 :  0.877 0.067 0.057 
434 OmyAC20ROGR    (0)    1 :  0.379 0.078 0.542 
435 OmyAC20ROGR    (0)    1 :  0.070 0.602 0.328 
436 OmyAC20ROGR    (0)    1 :  0.110 0.089 0.801 
437 OmyAC20ROGR    (0)    1 :  0.714 0.105 0.182 
438 OmyAC20ROGR    (0)    1 :  0.547 0.160 0.293 
439 OmyAC20ROGR    (0)    1 :  0.186 0.175 0.638 
440 OmyAC20ROGR    (0)    1 :  0.804 0.091 0.105 
441 OmyAC20ROGR    (0)    1 :  0.064 0.242 0.694 
442 OmyAC20ROGR    (0)    1 :  0.182 0.243 0.574 
443 OmyAC20ROGR    (0)    1 :  0.065 0.643 0.292 
444 OmyAC20ROGR    (0)    1 :  0.253 0.121 0.625 
445 OmyAC20ROGR    (0)    1 :  0.237 0.139 0.624 
446 OmyJC18ROGR    (0)    2 :  0.128 0.602 0.270 
447 OmyJC18ROGR    (0)    2 :  0.156 0.236 0.608 
448 OmyJC18ROGR    (0)    2 :  0.157 0.099 0.744 
449 OmyJC18ROGR    (0)    2 :  0.723 0.127 0.150 
450 OmyJC18ROGR    (0)    2 :  0.721 0.154 0.126 
451 OmyJC18ROGR    (0)    2 :  0.873 0.060 0.067 
452 OmyJC18ROGR    (0)    2 :  0.405 0.357 0.238 
453 OmyJC18ROGR    (0)    2 :  0.086 0.719 0.194 
454 OmyJC18ROGR    (0)    2 :  0.882 0.055 0.063 
455 OmyJC18ROGR    (0)    2 :  0.095 0.150 0.755 
456 OmyJC18ROGR    (0)    2 :  0.892 0.040 0.068 
457 OmyJC18ROGR    (0)    2 :  0.160 0.211 0.629 
458 OmyJC18ROGR    (0)    2 :  0.286 0.508 0.206 
459 OmyJC18ROGR    (0)    2 :  0.068 0.613 0.319 
460 OmyJC18ROGR    (2)    2 :  0.563 0.201 0.236 
461 OmyJC18ROGR    (1)    2 :  0.429 0.400 0.171 
462 OmyJC18ROGR    (3)    2 :  0.549 0.275 0.176 
463 OmyJC18ROGR    (1)    2 :  0.760 0.125 0.115 
464 OmyJC18ROGR    (3)    2 :  0.067 0.123 0.810 
465 OmyJC18ROGR    (3)    2 :  0.149 0.144 0.708 
466 OmyJC18ROGR    (0)    2 :  0.363 0.254 0.382 
467 OmyJC18ROGR    (1)    2 :  0.119 0.210 0.671 
468 OmyJC18ROGR    (0)    2 :  0.170 0.132 0.698 
469 OmyJC18ROGR    (0)    2 :  0.799 0.076 0.125 
470 OmyJC18ROGR    (3)    2 :  0.650 0.152 0.198 
471 OmyJC18ROGR    (1)    2 :  0.445 0.311 0.244 
472 OmyJC18ROGR    (1)    2 :  0.243 0.251 0.506 
473 OmyJC18ROGR    (2)    2 :  0.094 0.316 0.590 
474 OmyJC18ROGR    (0)    2 :  0.100 0.638 0.262 
475 OmyJC18ROGR    (1)    2 :  0.712 0.212 0.075 
476 OmyJC18ROGR    (2)    2 :  0.057 0.643 0.300 
477 OmyJC18ROGR    (3)    2 :  0.269 0.258 0.473 
478 OmyJC18ROGR    (0)    2 :  0.133 0.663 0.204 
479 OmyJC18ROGR    (0)    2 :  0.070 0.173 0.757 
480 OmyJC18ROGR    (0)    2 :  0.298 0.207 0.494 
481 OmyJC18ROGR    (2)    2 :  0.378 0.367 0.255 
482 OmyJC18ROGR    (3)    2 :  0.062 0.219 0.719 
483 OmyJC18ROGR    (3)    2 :  0.122 0.099 0.779 
484 OmyJC18ROGR    (3)    2 :  0.147 0.379 0.474 
485 OmyJC18ROGR    (2)    2 :  0.725 0.110 0.165 
486 OmyJC18ROGR    (2)    2 :  0.557 0.129 0.313 
487 OmyJC18ROGR    (1)    2 :  0.244 0.574 0.182 
488 OmyJC18ROGR    (3)    2 :  0.181 0.412 0.407 
489 OmyJC18ROGR    (0)    2 :  0.109 0.516 0.375 
490 OmyJC18ROGR    (2)    2 :  0.217 0.280 0.503 
491 OmyJC18ROGR    (4)    2 :  0.241 0.607 0.152 
492 OmyJC18ROGR    (4)    2 :  0.059 0.806 0.135 
493 OmyJC18ROGR    (3)    2 :  0.261 0.168 0.571 
494 OmyJC18ROGR    (3)    2 :  0.895 0.049 0.056 
495 OmyJC18ROGR    (3)    2 :  0.274 0.583 0.143 
496 OmyJC18ROGR    (0)    2 :  0.193 0.509 0.298 
497 OmyJC18ROGR    (5)    2 :  0.229 0.381 0.390 
498 OmyJC18ROGR    (3)    2 :  0.366 0.420 0.214 
499 OmyJC18ROGR    (1)    2 :  0.135 0.429 0.435 
500 OmyJC18ROGR    (1)    2 :  0.072 0.370 0.558 
501 OmyJC18ROGR    (3)    2 :  0.582 0.179 0.239 
502 OmyJC18ROGR    (1)    2 :  0.352 0.087 0.561 
503 OmyJC18ROGR    (4)    2 :  0.150 0.087 0.763 
504 OmyJC18ROGR    (1)    2 :  0.450 0.093 0.457 
505 OmyJC18ROGR    (0)    2 :  0.381 0.399 0.220 
506 OmyJC18ROGR    (6)    2 :  0.157 0.572 0.271 
507 OmyJC18ROGR    (0)    2 :  0.309 0.195 0.496 
508 OmyJC18ROGR    (0)    2 :  0.190 0.187 0.623 
509 OmyJC18ROGR    (2)    2 :  0.883 0.068 0.049 
510 OmyJC18ROGR    (1)    2 :  0.089 0.322 0.589 
511 OmyJC18ROGR    (3)    2 :  0.255 0.648 0.097 
512 OmyJC18ROGR    (2)    2 :  0.795 0.062 0.143 
513 OmyJC18ROGR    (7)    2 :  0.329 0.534 0.137 
514 OmyJC18ROGR    (3)    2 :  0.612 0.255 0.133 
515 OmyJC18ROGR    (0)    2 :  0.181 0.273 0.545 
516 OmyJC18ROGR    (2)    2 :  0.359 0.314 0.327 
517 OmyJC18ROGR    (2)    2 :  0.407 0.384 0.209 
518 OmyJC18ROGR    (0)    2 :  0.130 0.224 0.646 
519 OmyJC18ROGR    (7)    2 :  0.149 0.753 0.098 
520 OmyJC18ROGR    (4)    2 :  0.351 0.538 0.111 
521 OmyJC18ROGR    (1)    2 :  0.332 0.480 0.188 
522 OmyJC18ROGR    (1)    2 :  0.281 0.132 0.587 
523 OmyJC18ROGR    (3)    2 :  0.133 0.216 0.651 
524 OmyJC18ROGR    (1)    2 :  0.096 0.113 0.791 
525 OmyJC18ROGR    (2)    2 :  0.304 0.437 0.259 
526 OmyJC18ROGR    (1)    2 :  0.212 0.454 0.333 
527 OmyJC18ROGR    (0)    2 :  0.101 0.564 0.335 
528 OmyJC18ROGR    (0)    2 :  0.110 0.231 0.659 
529 OmyJC18ROGR    (1)    2 :  0.109 0.358 0.533 
530 OmyJC18ROGR    (0)    2 :  0.072 0.097 0.831 
531 OmyJC18ROGR    (0)    2 :  0.110 0.090 0.800 
532 OmyJC18ROGR    (1)    2 :  0.071 0.162 0.767 
533 OmyJC18ROGR    (2)    2 :  0.064 0.597 0.339 
534 OmyJC18ROGR    (2)    2 :  0.180 0.214 0.606 
535 OmyJC18ROGR    (0)    2 :  0.148 0.541 0.311 
536 OmyJC18ROGR    (0)    2 :  0.081 0.804 0.115 
537 OmyJC18ROGR    (0)    2 :  0.087 0.641 0.272 
538 OmyJC18ROGR    (0)    2 :  0.123 0.131 0.746 
539 OmyJC18ROGR    (1)    2 :  0.149 0.195 0.656 
540 OmyJC18ROGR    (6)    2 :  0.153 0.482 0.365 
541 OmyJC18ROGR    (1)    2 :  0.150 0.395 0.455 
542 OmyJC18ROGR    (1)    2 :  0.326 0.322 0.352 
543 OmyJC18ROGR    (0)    2 :  0.402 0.219 0.378 
544 OmyJC18ROGR    (2)    2 :  0.131 0.474 0.395 
545 OmyJC18ROGR    (1)    2 :  0.687 0.064 0.249 
546 OmyJC18ROGR    (6)    2 :  0.046 0.165 0.789 
547 OmyJC18ROGR    (0)    2 :  0.277 0.091 0.632 
548 OmyJC18ROGR    (1)    2 :  0.322 0.420 0.258 
549 OmyJC18ROGR    (0)    2 :  0.132 0.170 0.698 
550 OmyJC18ROGR    (1)    2 :  0.817 0.108 0.074 
551 OmyJC18ROGR    (1)    2 :  0.141 0.725 0.134 
552 OmyJC18ROGR    (2)    2 :  0.255 0.255 0.491 
553 OmyJC18ROGR    (7)    2 :  0.182 0.316 0.502 
554 OmyJC18ROGR    (2)    2 :  0.095 0.292 0.613 
555 OmyJC18ROGR    (3)    2 :  0.109 0.514 0.377 
556 OmyJC18ROGR    (0)    2 :  0.148 0.778 0.074 
557 OmyJC18ROGR    (1)    2 :  0.633 0.160 0.207 
558 OmyJC18ROGR    (0)    2 :  0.254 0.666 0.080 
559 OmyJC18ROGR    (0)    2 :  0.080 0.159 0.761 
560 OmyJC18ROGR    (5)    2 :  0.259 0.454 0.288 
561 OmyJC18ROGR    (0)    2 :  0.073 0.087 0.840 
562 OmyJC18ROGR    (6)    2 :  0.119 0.634 0.247 
563 OmyJC18ROGR    (2)    2 :  0.187 0.453 0.360 
564 OmyJC18ROGR    (3)    2 :  0.392 0.495 0.113 
565 OmyJC18ROGR    (3)    2 :  0.229 0.310 0.461 
566 OmyJC18ROGR    (1)    2 :  0.196 0.207 0.597 
567 OmyJC18ROGR    (0)    2 :  0.073 0.131 0.796 
568 OmyJC18ROGR    (3)    2 :  0.263 0.529 0.208 
569 OmyJC18ROGR    (2)    2 :  0.143 0.256 0.600 
570 OmyJC18ROGR    (0)    2 :  0.178 0.110 0.711 
571 OmyJC18ROGR    (1)    2 :  0.065 0.099 0.836 
572 OmyJC18ROGR    (4)    2 :  0.121 0.641 0.238 
573 OmyJC18ROGR    (3)    2 :  0.546 0.264 0.191 
574 OmyJC18ROGR    (5)    2 :  0.358 0.291 0.350 
575 OmyJC18ROGR    (3)    2 :  0.076 0.711 0.213 
576 OmyJC18ROGR    (0)    2 :  0.170 0.368 0.462 
577 OmyJC18ROGR    (0)    2 :  0.880 0.049 0.072 
578 OmyJC18ROGR    (1)    2 :  0.104 0.169 0.728 
579 OmyJC18ROGR    (0)    2 :  0.798 0.123 0.079 
580 OmyJC18ROGR    (0)    2 :  0.046 0.511 0.443 
581 OmyJC18ROGR    (3)    2 :  0.150 0.206 0.644 
582 OmyJC18ROGR    (6)    2 :  0.086 0.429 0.485 
583 OmyJC18ROGR    (3)    2 :  0.089 0.622 0.289 
584 OmyJC18ROGR    (3)    2 :  0.176 0.419 0.405 
585 OmyJC18ROGR    (1)    2 :  0.242 0.337 0.421 
586 OmyJC18ROGR    (1)    2 :  0.048 0.222 0.730 
587 OmyJC18ROGR    (0)    2 :  0.905 0.037 0.057 
588 OmyJC18ROGR    (0)    2 :  0.347 0.506 0.147 
589 OmyJC18ROGR    (1)    2 :  0.200 0.418 0.382 
590 OmyJC18ROGR    (2)    2 :  0.030 0.095 0.875 
591 OmyJC18ROGR    (0)    2 :  0.158 0.284 0.559 
592 OmyJC18ROGR    (3)    2 :  0.167 0.207 0.627 
593 OmyJC18ROGR    (0)    2 :  0.262 0.503 0.235 
594 OmyJC18ROGR    (1)    2 :  0.105 0.282 0.613 
595 OmyJC18ROGR    (0)    2 :  0.183 0.636 0.180 
596 OmyJC18ROGR    (1)    2 :  0.234 0.296 0.470 
597 OmyJC18ROGR    (0)    2 :  0.181 0.424 0.395 
598 OmyJC18ROGR    (1)    2 :  0.174 0.189 0.636 
599 OmyJC18ROGR    (0)    2 :  0.155 0.208 0.637 
600 OmyJC18ROGR    (0)    2 :  0.111 0.702 0.188 
601 OmyJC18ROGR    (0)    2 :  0.098 0.450 0.452 
602 OmyJC18ROGR    (0)    2 :  0.209 0.168 0.623 
603 OmyJC18ROGR    (0)    2 :  0.096 0.617 0.287 
604 OmyJC18ROGR    (0)    2 :  0.134 0.428 0.439 
605 OmyJC18ROGR    (0)    2 :  0.080 0.796 0.124 
606 OmyJC18ROGR    (0)    2 :  0.175 0.558 0.267 
607 OmyJC18ROGR    (0)    2 :  0.157 0.189 0.654 
608 OmyJC18ROGR    (0)    2 :  0.071 0.118 0.811 
609 OmyJC18ROGR    (0)    2 :  0.129 0.689 0.182 
610 OmyJC18ROGR    (4)    2 :  0.825 0.114 0.061 
611 OmyJC18ROGR    (0)    2 :  0.411 0.423 0.165 
612 OmyJC18ROGR    (2)    2 :  0.129 0.332 0.539 
613 OmyJC18ROGR    (0)    2 :  0.206 0.491 0.304 
614 OmyJC18ROGR    (0)    2 :  0.288 0.126 0.585 
615 OmyJC18ROGR    (0)    2 :  0.055 0.551 0.394 
616 OmyJC18ROGR    (0)    2 :  0.273 0.384 0.343 
617 OmyJC18ROGR    (0)    2 :  0.114 0.395 0.490 
618 OmyJC18ROGR    (0)    2 :  0.235 0.109 0.656 
619 OmyJC18ROGR    (0)    2 :  0.080 0.685 0.234 
620 OmyJC18ROGR    (0)    2 :  0.279 0.582 0.140 
621 OmyJC18ROGR    (1)    2 :  0.219 0.454 0.327 
622 OmyJC18ROGR    (2)    2 :  0.157 0.671 0.171 
623 OmyJC18ROGR    (1)    2 :  0.159 0.159 0.683 
624 OmyJC18ROGR    (2)    2 :  0.158 0.276 0.566 
625 OmyJC18ROGR    (0)    2 :  0.252 0.135 0.613 
626 OmyJC18ROGR    (6)    2 :  0.112 0.391 0.496 
627 OmyJC18ROGR    (0)    2 :  0.288 0.450 0.262 
628 OmyJC18ROGR    (0)    2 :  0.935 0.034 0.032 
629 OmyJC18ROGR    (1)    2 :  0.268 0.558 0.174 
630 OmyJC18ROGR    (1)    2 :  0.080 0.744 0.176 
631 OmyJC18ROGR    (3)    2 :  0.108 0.287 0.606 
632 OmyJC18ROGR    (0)    2 :  0.067 0.826 0.106 
633 OmyJC18ROGR    (4)    2 :  0.110 0.331 0.559 
634 OmyJC18ROGR    (2)    2 :  0.444 0.447 0.109 
635 OmyJC18ROGR    (0)    2 :  0.059 0.527 0.413 
636 OmyJC18ROGR    (0)    2 :  0.594 0.219 0.188 
637 OmyJC18ROGR    (0)    2 :  0.225 0.475 0.300 
638 OmyJC18ROGR    (0)    2 :  0.137 0.355 0.508 
639 OmyJC18ROGR    (1)    2 :  0.283 0.395 0.323 
640 OmyJC18ROGR    (1)    2 :  0.520 0.183 0.297 
641 OmyJC18ROGR    (0)    2 :  0.431 0.435 0.133 
642 OmyJC18ROGR    (3)    2 :  0.262 0.287 0.451 
643 OmyJC18ROGR    (1)    2 :  0.121 0.608 0.271 
644 OmyJC18ROGR    (7)    2 :  0.051 0.185 0.764 
645 OmyJC18ROGR    (4)    2 :  0.224 0.180 0.596 
646 OmyJC18ROGR    (0)    2 :  0.081 0.319 0.600 
647 OmyJC18ROGR    (1)    2 :  0.083 0.120 0.797 
648 OmyJC18ROGR    (1)    2 :  0.182 0.605 0.213 
649 OmyJC18ROGR    (0)    2 :  0.114 0.255 0.630 
650 OmyJC18ROGR    (1)    2 :  0.052 0.290 0.658 
651 OmyJC18ROGR    (5)    2 :  0.855 0.088 0.057 
652 OmyJC18ROGR    (1)    2 :  0.261 0.407 0.331 
653 OmyJC18ROGR    (3)    2 :  0.172 0.535 0.293 
654 OmyJC18ROGR    (1)    2 :  0.240 0.204 0.556 
655 OmyJC18ROGR    (2)    2 :  0.436 0.244 0.320 
656 OmyJC18ROGR    (0)    2 :  0.084 0.267 0.649 
657 OmyJC18ROGR    (0)    2 :  0.116 0.533 0.351 
658 OmyJC18ROGR    (0)    2 :  0.138 0.274 0.589 
659 OmyJC18ROGR    (5)    2 :  0.037 0.553 0.410 
660 OmyJC18ROGR    (3)    2 :  0.271 0.337 0.391 
661 OmyJC18ROGR    (2)    2 :  0.058 0.615 0.327 
662 OmyJC18ROGR    (1)    2 :  0.181 0.638 0.181 
663 OmyJC18ROGR    (2)    2 :  0.422 0.335 0.243 
664 OmyJC18ROGR    (0)    2 :  0.111 0.575 0.314 
665 OmyJC18ROGR    (0)    2 :  0.192 0.636 0.172 
666 OmyJC18ROGR    (0)    2 :  0.831 0.074 0.095 
667 OmyJC18ROGR    (0)    2 :  0.482 0.316 0.202 
668 OmyJC18ROGR    (2)    2 :  0.379 0.201 0.421 
669 OmyJC18ROGR    (4)    2 :  0.243 0.135 0.622 
670 OmyJC18ROGR    (6)    2 :  0.108 0.089 0.804 
671 OmyJC18ROGR    (3)    2 :  0.076 0.854 0.070 
672 OmyJC18ROGR    (0)    2 :  0.067 0.744 0.189 
673 OmyJC18ROGR    (4)    2 :  0.072 0.542 0.386 
674 OmyJC18ROGR    (0)    2 :  0.240 0.425 0.335 
675 OmyJC18ROGR    (0)    2 :  0.112 0.491 0.398 
676 OmyJC18ROGR    (1)    2 :  0.124 0.550 0.326 
677 OmyJC18ROGR    (3)    2 :  0.413 0.182 0.406 
678 OmyJC18ROGR    (6)    2 :  0.089 0.645 0.266 
679 OmyJC18ROGR    (1)    2 :  0.342 0.105 0.553 
680 OmyJC18ROGR    (1)    2 :  0.123 0.634 0.242 
681 OmyJC18ROGR    (1)    2 :  0.451 0.371 0.177 
682 OmyJC18ROGR    (1)    2 :  0.506 0.275 0.219 
683 OmyJC18ROGR    (0)    2 :  0.173 0.123 0.704 
684 OmyJC18ROGR    (0)    2 :  0.086 0.210 0.704 
685 OmyJC18ROGR    (0)    2 :  0.098 0.119 0.784 
686 OmyJC18ROGR    (0)    2 :  0.065 0.144 0.791 
687 OmyJC18ROGR    (3)    2 :  0.093 0.296 0.611 
688 OmyJC18ROGR    (1)    2 :  0.419 0.416 0.165 
689 OmyJC18ROGR    (1)    2 :  0.618 0.204 0.178 
690 OmyJC18ROGR    (5)    2 :  0.221 0.684 0.095 
691 OmyJC18ROGR    (5)    2 :  0.366 0.357 0.276 
692 OmyJC18ROGR    (0)    2 :  0.416 0.146 0.438 
693 OmyJC18ROGR    (2)    2 :  0.089 0.517 0.394 
694 OmyJC18ROGR    (0)    2 :  0.058 0.786 0.156 
695 OmyJC18ROGR    (0)    2 :  0.471 0.176 0.353 
696 OmyJC18ROGR    (0)    2 :  0.055 0.064 0.880 
697 OmyJC18ROGR    (2)    2 :  0.168 0.670 0.161 
698 OmyJC18ROGR    (0)    2 :  0.047 0.668 0.285 
699 OmyJC18ROGR    (1)    2 :  0.186 0.696 0.118 
700 OmyJC18ROGR    (0)    2 :  0.213 0.132 0.655 
701 OmyJC18ROGR    (0)    2 :  0.170 0.540 0.290 
702 OmyJC18ROGR    (1)    2 :  0.464 0.285 0.251 
703 OmyJC18ROGR    (1)    2 :  0.325 0.077 0.598 
704 OmyJC18ROGR    (0)    2 :  0.645 0.161 0.194 
705 OmyJC18ROGR    (0)    2 :  0.098 0.449 0.453 
706 OmyJC18ROGR    (0)    2 :  0.499 0.299 0.201 
707 OmyJC18ROGR    (1)    2 :  0.087 0.824 0.089 
708 OmyJC18ROGR    (1)    2 :  0.296 0.436 0.268 
709 OmyJC18ROGR    (0)    2 :  0.494 0.247 0.259 
710 OmyJC18ROGR    (0)    2 :  0.194 0.443 0.363 
711 OmyJC18ROGR    (0)    2 :  0.339 0.102 0.559 
712 OmyJC18ROGR    (1)    2 :  0.143 0.284 0.574 
713 OmyJC18ROGR    (0)    2 :  0.197 0.188 0.615 
714 OmyJC18ROGR    (0)    2 :  0.196 0.171 0.634 
715 OmyJC18ROGR    (0)    2 :  0.235 0.127 0.638 
716 OmyJC18ROGR    (0)    2 :  0.631 0.177 0.192 
717 OmyJC18ROGR    (1)    2 :  0.169 0.665 0.166 
718 OmyJC18ROGR    (1)    2 :  0.111 0.711 0.179 
719 OmyJC18ROGR    (7)    2 :  0.047 0.742 0.212 
720 OmyJC18ROGR    (2)    2 :  0.152 0.170 0.678 
721 OmyJC18ROGR    (1)    2 :  0.128 0.561 0.311 
722 OmyJC18ROGR    (0)    2 :  0.118 0.388 0.495 
723 OmyJC18ROGR    (1)    2 :  0.106 0.619 0.275 
724 OmyJC18ROGR    (0)    2 :  0.577 0.110 0.313 
725 OmyJC18ROGR    (0)    2 :  0.126 0.413 0.461 
726 OmyJC18ROGR    (0)    2 :  0.119 0.452 0.429 
727 OmyJC18ROGR    (1)    2 :  0.142 0.763 0.095 
728 OmyJC18ROGR    (0)    2 :  0.350 0.377 0.273 
729 OmyJC18ROGR    (1)    2 :  0.148 0.550 0.302 
730 OmyJC18ROGR    (0)    2 :  0.264 0.198 0.537 
731 OmyJC18ROGR    (2)    2 :  0.734 0.134 0.132 
732 OmyJC18ROGR    (1)    2 :  0.368 0.545 0.087 
733 OmyJC18ROGR    (0)    2 :  0.093 0.242 0.665 
734 OmyJC18ROGR    (0)    2 :  0.092 0.212 0.696 
735 OmyJC18ROGR    (0)    2 :  0.085 0.541 0.374 
736 OmyJC18ROGR    (0)    2 :  0.273 0.132 0.596 
737 OmyJC18ROGR    (0)    2 :  0.220 0.170 0.611 
738 OmyJC18ROGR    (0)    2 :  0.395 0.284 0.321 
739 OmyJC18ROGR    (0)    2 :  0.231 0.505 0.264 
740 OmyJC18ROGR    (0)    2 :  0.042 0.642 0.317 
741 OmyJC18ROGR    (0)    2 :  0.403 0.178 0.419 
742 OmyJC18ROGR    (0)    2 :  0.210 0.434 0.356 
743 OmyJC18ROGR    (0)    2 :  0.118 0.095 0.787 
744 OmyJC18ROGR    (0)    2 :  0.070 0.251 0.679 
745 OmyJC18ROGR    (0)    2 :  0.093 0.238 0.669 
746 OmyJC18ROGR    (0)    2 :  0.571 0.114 0.316 
747 OmyJC18ROGR    (0)    2 :  0.898 0.037 0.065 
748 OmyJC18ROGR    (2)    2 :  0.197 0.085 0.718 
749 OmyJC18ROGR    (5)    2 :  0.392 0.499 0.109 
750 OmyJC18ROGR    (1)    2 :  0.192 0.290 0.518 
751 OmyJC18ROGR    (0)    2 :  0.449 0.070 0.482 
752 OmyJC18ROGR    (3)    2 :  0.055 0.339 0.606 
753 OmyJC18ROGR    (0)    2 :  0.043 0.054 0.903 
754 OmyJC18ROGR    (0)    2 :  0.122 0.308 0.570 
755 OmyJC18ROGR    (0)    2 :  0.071 0.866 0.063 
756 OmyJC18ROGR    (0)    2 :  0.304 0.105 0.591 
757 OmyJC18ROGR    (0)    2 :  0.145 0.635 0.220 
758 OmyJC18ROGR    (1)    2 :  0.286 0.292 0.422 
759 OmyJC18ROGR    (0)    2 :  0.208 0.311 0.481 
