

----------------------------------------------------
STRUCTURE by Pritchard, Stephens and Donnelly (2000)
     and Falush, Stephens and Pritchard (2003)
       Code by Pritchard, Falush and Hubisz
             Version 2.3.4 (Jul 2012)
----------------------------------------------------



Command line arguments:   bin/structure -m "/Users/ddayan/FRA/premature_migration/Rogue_Half-Pounder/half-pounder/structure/halfpounder_2021/10k_20k_adm_corr/mainparams" -e "/Users/ddayan/FRA/premature_migration/Rogue_Half-Pounder/half-pounder/structure/halfpounder_2021/10k_20k_adm_corr/extraparams" 
Input File:    /Users/ddayan/FRA/premature_migration/Rogue_Half-Pounder/half-pounder/structure/halfpounder_2021/project_data

Run parameters:
   1000 individuals
   328 loci
   3 populations assumed
   10000 Burn-in period
   20000 Reps


--------------------------------------------
Proportion of membership of each pre-defined
 population in each of the 3 clusters

Given    Inferred Clusters       Number of
 Pop       1      2      3      Individuals

  1:     0.369  0.320  0.311      275
  2:     0.370  0.336  0.294      643
  3:     0.132  0.750  0.118       42
  4:     0.596  0.247  0.157       40
--------------------------------------------

Allele-freq. divergence among pops (Net nucleotide distance),
computed using point estimates of P.

      1       2       3      
 1      -    0.0033  0.0091  
 2   0.0033     -    0.0110  
 3   0.0091  0.0110     -    

Average distances (expected heterozygosity) between individuals in same cluster:
cluster  1  : 0.2954 
cluster  2  : 0.2897 
cluster  3  : 0.2630 

--------------------------------------------
Estimated Ln Prob of Data   = -285137.0
Mean value of ln likelihood = -284309.5
Variance of ln likelihood   = 1655.0
Mean value of alpha         = 0.5953

Mean value of Fst_1         = 0.0058
Mean value of Fst_2         = 0.0259
Mean value of Fst_3         = 0.0780


Inferred ancestry of individuals:
        Label (%Miss) Pop:  Inferred clusters
  1 OmyAC19ROGR    (0)    1 :  0.410 0.532 0.058 
  2 OmyAC19ROGR    (0)    1 :  0.197 0.575 0.228 
  3 OmyAC19ROGR    (0)    1 :  0.235 0.570 0.195 
  4 OmyAC19ROGR    (0)    1 :  0.545 0.374 0.080 
  5 OmyAC19ROGR    (1)    1 :  0.040 0.029 0.930 
  6 OmyAC19ROGR    (0)    1 :  0.413 0.207 0.380 
  7 OmyAC19ROGR    (0)    1 :  0.342 0.295 0.363 
  8 OmyAC19ROGR    (0)    1 :  0.450 0.489 0.061 
  9 OmyAC19ROGR    (0)    1 :  0.228 0.371 0.401 
 10 OmyAC19ROGR    (0)    1 :  0.164 0.289 0.547 
 11 OmyAC19ROGR    (0)    1 :  0.515 0.320 0.165 
 12 OmyAC19ROGR    (0)    1 :  0.598 0.155 0.247 
 13 OmyAC19ROGR    (0)    1 :  0.519 0.392 0.090 
 14 OmyAC19ROGR    (0)    1 :  0.352 0.081 0.567 
 15 OmyAC19ROGR    (0)    1 :  0.371 0.095 0.535 
 16 OmyAC19ROGR    (0)    1 :  0.410 0.347 0.243 
 17 OmyAC19ROGR    (0)    1 :  0.700 0.078 0.223 
 18 OmyAC19ROGR    (2)    1 :  0.232 0.680 0.088 
 19 OmyAC19ROGR    (1)    1 :  0.448 0.390 0.162 
 20 OmyAC19ROGR    (0)    1 :  0.495 0.127 0.378 
 21 OmyAC19ROGR    (1)    1 :  0.275 0.309 0.416 
 22 OmyAC19ROGR    (0)    1 :  0.206 0.599 0.194 
 23 OmyAC19ROGR    (0)    1 :  0.220 0.317 0.462 
 24 OmyAC19ROGR    (0)    1 :  0.116 0.828 0.056 
 25 OmyAC19ROGR    (0)    1 :  0.384 0.226 0.390 
 26 OmyAC19ROGR    (0)    1 :  0.239 0.506 0.254 
 27 OmyAC19ROGR    (1)    1 :  0.691 0.163 0.146 
 28 OmyAC19ROGR    (0)    1 :  0.075 0.836 0.089 
 29 OmyAC19ROGR    (0)    1 :  0.406 0.396 0.198 
 30 OmyAC19ROGR    (0)    1 :  0.103 0.139 0.758 
 31 OmyAC19ROGR    (0)    1 :  0.471 0.393 0.136 
 32 OmyAC19ROGR    (0)    1 :  0.238 0.469 0.294 
 33 OmyAC19ROGR    (1)    1 :  0.257 0.517 0.226 
 34 OmyAC19ROGR    (0)    1 :  0.238 0.157 0.605 
 35 OmyAC19ROGR    (0)    1 :  0.217 0.610 0.173 
 36 OmyAC19ROGR    (0)    1 :  0.391 0.267 0.342 
 37 OmyAC19ROGR    (0)    1 :  0.145 0.598 0.256 
 38 OmyAC19ROGR    (0)    1 :  0.111 0.370 0.519 
 39 OmyAC19ROGR    (0)    1 :  0.484 0.240 0.275 
 40 OmyAC19ROGR    (0)    1 :  0.422 0.129 0.449 
 41 OmyAC19ROGR    (1)    1 :  0.669 0.202 0.129 
 42 OmyAC19ROGR    (0)    1 :  0.100 0.055 0.845 
 43 OmyAC19ROGR    (0)    1 :  0.421 0.437 0.142 
 44 OmyAC19ROGR    (6)    1 :  0.438 0.423 0.139 
 45 OmyAC19ROGR    (1)    1 :  0.181 0.366 0.453 
 46 OmyAC19ROGR    (0)    1 :  0.194 0.617 0.189 
 47 OmyAC19ROGR    (0)    1 :  0.140 0.700 0.161 
 48 OmyAC19ROGR    (0)    1 :  0.496 0.360 0.145 
 49 OmyAC19ROGR    (0)    1 :  0.365 0.533 0.102 
 50 OmyAC19ROGR    (0)    1 :  0.800 0.126 0.075 
 51 OmyAC19ROGR    (2)    1 :  0.132 0.103 0.765 
 52 OmyAC19ROGR    (0)    1 :  0.061 0.072 0.868 
 53 OmyAC19ROGR    (1)    1 :  0.131 0.769 0.099 
 54 OmyAC19ROGR    (0)    1 :  0.215 0.604 0.181 
 55 OmyAC19ROGR    (3)    1 :  0.583 0.190 0.226 
 56 OmyAC19ROGR    (0)    1 :  0.144 0.644 0.212 
 57 OmyAC19ROGR    (0)    1 :  0.160 0.771 0.069 
 58 OmyAC19ROGR    (0)    1 :  0.142 0.127 0.731 
 59 OmyAC19ROGR    (0)    1 :  0.254 0.684 0.063 
 60 OmyAC19ROGR    (1)    1 :  0.457 0.252 0.291 
 61 OmyAC19ROGR    (0)    1 :  0.218 0.630 0.152 
 62 OmyAC19ROGR    (0)    1 :  0.536 0.341 0.123 
 63 OmyAC19ROGR    (0)    1 :  0.163 0.482 0.355 
 64 OmyAC19ROGR    (2)    1 :  0.562 0.236 0.202 
 65 OmyAC19ROGR    (0)    1 :  0.533 0.339 0.128 
 66 OmyAC19ROGR    (3)    1 :  0.397 0.127 0.476 
 67 OmyAC19ROGR    (0)    1 :  0.225 0.676 0.100 
 68 OmyAC19ROGR    (1)    1 :  0.233 0.596 0.170 
 69 OmyAC19ROGR    (2)    1 :  0.103 0.543 0.354 
 70 OmyAC19ROGR    (0)    1 :  0.358 0.533 0.109 
 71 OmyAC19ROGR    (0)    1 :  0.454 0.419 0.127 
 72 OmyAC19ROGR    (4)    1 :  0.587 0.314 0.098 
 73 OmyAC19ROGR    (0)    1 :  0.160 0.487 0.352 
 74 OmyAC19ROGR    (0)    1 :  0.809 0.110 0.081 
 75 OmyAC19ROGR    (0)    1 :  0.308 0.415 0.277 
 76 OmyAC19ROGR    (0)    1 :  0.106 0.749 0.145 
 77 OmyAC19ROGR    (1)    1 :  0.046 0.039 0.915 
 78 OmyAC19ROGR    (0)    1 :  0.560 0.300 0.140 
 79 OmyAC19ROGR    (2)    1 :  0.310 0.499 0.191 
 80 OmyAC19ROGR    (1)    1 :  0.146 0.133 0.722 
 81 OmyAC19ROGR    (2)    1 :  0.267 0.185 0.548 
 82 OmyAC19ROGR    (1)    1 :  0.158 0.786 0.057 
 83 OmyAC19ROGR    (0)    1 :  0.269 0.585 0.146 
 84 OmyAC19ROGR    (0)    1 :  0.394 0.237 0.369 
 85 OmyAC19ROGR    (5)    1 :  0.373 0.522 0.106 
 86 OmyAC19ROGR    (0)    1 :  0.651 0.085 0.264 
 87 OmyAC19ROGR    (1)    1 :  0.226 0.633 0.140 
 88 OmyJC19ROGR    (0)    2 :  0.083 0.067 0.850 
 89 OmyJC19ROGR    (0)    2 :  0.484 0.278 0.237 
 90 OmyJC19ROGR    (0)    2 :  0.061 0.055 0.884 
 91 OmyJC19ROGR    (1)    2 :  0.469 0.481 0.051 
 92 OmyJC19ROGR    (0)    2 :  0.145 0.707 0.148 
 93 OmyJC19ROGR    (0)    2 :  0.120 0.825 0.055 
 94 OmyJC19ROGR    (0)    2 :  0.506 0.144 0.349 
 95 OmyJC19ROGR    (0)    2 :  0.500 0.180 0.320 
 96 OmyJC19ROGR    (0)    2 :  0.619 0.186 0.195 
 97 OmyJC19ROGR    (0)    2 :  0.073 0.667 0.261 
 98 OmyJC19ROGR    (0)    2 :  0.520 0.365 0.115 
 99 OmyJC19ROGR    (0)    2 :  0.177 0.622 0.201 
100 OmyJC19ROGR    (1)    2 :  0.528 0.309 0.163 
101 OmyJC19ROGR    (0)    2 :  0.128 0.308 0.564 
102 OmyJC19ROGR    (0)    2 :  0.549 0.207 0.244 
103 OmyJC19ROGR    (0)    2 :  0.279 0.404 0.318 
104 OmyJC19ROGR    (0)    2 :  0.190 0.712 0.098 
105 OmyJC19ROGR    (0)    2 :  0.169 0.548 0.284 
106 OmyJC19ROGR    (0)    2 :  0.039 0.058 0.902 
107 OmyJC19ROGR    (1)    2 :  0.458 0.289 0.252 
108 OmyJC19ROGR    (0)    2 :  0.336 0.499 0.165 
109 OmyJC19ROGR    (0)    2 :  0.553 0.100 0.346 
110 OmyJC19ROGR    (0)    2 :  0.112 0.467 0.422 
111 OmyJC19ROGR    (1)    2 :  0.148 0.638 0.214 
112 OmyJC19ROGR    (2)    2 :  0.570 0.170 0.261 
113 OmyJC19ROGR    (0)    2 :  0.167 0.120 0.714 
114 OmyJC19ROGR    (3)    2 :  0.437 0.392 0.171 
115 OmyJC19ROGR    (1)    2 :  0.196 0.662 0.142 
116 OmyJC19ROGR    (0)    2 :  0.460 0.268 0.272 
117 OmyJC19ROGR    (0)    2 :  0.439 0.211 0.350 
118 OmyJC19ROGR    (0)    2 :  0.449 0.463 0.088 
119 OmyJC19ROGR    (2)    2 :  0.604 0.232 0.164 
120 OmyJC19ROGR    (0)    2 :  0.120 0.830 0.050 
121 OmyJC19ROGR    (0)    2 :  0.675 0.193 0.132 
122 OmyJC19ROGR    (0)    2 :  0.398 0.419 0.182 
123 OmyJC19ROGR    (0)    2 :  0.500 0.421 0.078 
124 OmyJC19ROGR    (0)    2 :  0.487 0.205 0.308 
125 OmyJC19ROGR    (0)    2 :  0.209 0.563 0.228 
126 OmyJC19ROGR    (1)    2 :  0.162 0.094 0.745 
127 OmyJC19ROGR    (0)    2 :  0.715 0.158 0.127 
128 OmyJC19ROGR    (1)    2 :  0.140 0.733 0.127 
129 OmyJC19ROGR    (0)    2 :  0.195 0.360 0.445 
130 OmyJC19ROGR    (2)    2 :  0.750 0.106 0.145 
131 OmyJC19ROGR    (0)    2 :  0.247 0.526 0.227 
132 OmyJC19ROGR    (1)    2 :  0.216 0.649 0.135 
133 OmyJC19ROGR    (0)    2 :  0.443 0.457 0.100 
134 OmyJC19ROGR    (0)    2 :  0.453 0.317 0.230 
135 OmyJC19ROGR    (1)    2 :  0.069 0.857 0.074 
136 OmyJC19ROGR    (3)    2 :  0.504 0.377 0.119 
137 OmyJC19ROGR    (0)    2 :  0.521 0.137 0.342 
138 OmyJC19ROGR    (0)    2 :  0.163 0.076 0.761 
139 OmyJC19ROGR    (2)    2 :  0.592 0.318 0.090 
140 OmyJC19ROGR    (2)    2 :  0.496 0.251 0.253 
141 OmyJC19ROGR    (0)    2 :  0.261 0.285 0.454 
142 OmyJC19ROGR    (0)    2 :  0.250 0.315 0.436 
143 OmyJC19ROGR    (0)    2 :  0.104 0.760 0.136 
144 OmyJC19ROGR    (0)    2 :  0.587 0.350 0.063 
145 OmyJC19ROGR    (0)    2 :  0.728 0.157 0.115 
146 OmyJC19ROGR    (1)    2 :  0.137 0.686 0.177 
147 OmyJC19ROGR    (0)    2 :  0.494 0.310 0.196 
148 OmyJC19ROGR    (0)    2 :  0.562 0.364 0.074 
149 OmyJC19ROGR    (1)    2 :  0.185 0.625 0.190 
150 OmyJC19ROGR    (1)    2 :  0.214 0.632 0.154 
151 OmyJC19ROGR    (0)    2 :  0.348 0.368 0.284 
152 OmyJC19ROGR    (0)    2 :  0.540 0.320 0.140 
153 OmyJC19ROGR    (0)    2 :  0.083 0.808 0.109 
154 OmyJC19ROGR    (1)    2 :  0.612 0.198 0.190 
155 OmyJC19ROGR    (0)    2 :  0.346 0.421 0.233 
156 OmyJC19ROGR    (1)    2 :  0.408 0.347 0.245 
157 OmyJC19ROGR    (0)    2 :  0.320 0.476 0.204 
158 OmyJC19ROGR    (0)    2 :  0.469 0.470 0.061 
159 OmyJC19ROGR    (0)    2 :  0.735 0.131 0.134 
160 OmyJC19ROGR    (0)    2 :  0.332 0.494 0.174 
161 OmyJC19ROGR    (0)    2 :  0.381 0.549 0.070 
162 OmyJC19ROGR    (0)    2 :  0.501 0.340 0.159 
163 OmyJC19ROGR    (0)    2 :  0.176 0.707 0.117 
164 OmyJC19ROGR    (0)    2 :  0.669 0.238 0.093 
165 OmyJC19ROGR    (0)    2 :  0.554 0.378 0.068 
166 OmyJC19ROGR    (0)    2 :  0.642 0.203 0.156 
167 OmyJC19ROGR    (1)    2 :  0.283 0.491 0.227 
168 OmyJC19ROGR    (0)    2 :  0.525 0.287 0.188 
169 OmyJC19ROGR    (0)    2 :  0.055 0.036 0.909 
170 OmyJC19ROGR    (0)    2 :  0.135 0.724 0.140 
171 OmyJC19ROGR    (0)    2 :  0.700 0.204 0.096 
172 OmyJC19ROGR    (0)    2 :  0.142 0.395 0.463 
173 OmyJC19ROGR    (0)    2 :  0.067 0.059 0.874 
174 OmyJC19ROGR    (0)    2 :  0.437 0.445 0.117 
175 OmyJC19ROGR    (0)    2 :  0.587 0.302 0.111 
176 OmyJC19ROGR    (0)    2 :  0.170 0.629 0.201 
177 OmyJC19ROGR    (0)    2 :  0.103 0.859 0.038 
178 OmyJC19ROGR    (0)    2 :  0.800 0.067 0.133 
179 OmyJC19ROGR    (0)    2 :  0.262 0.675 0.062 
180 OmyJC19ROGR    (0)    2 :  0.064 0.095 0.841 
181 OmyJC19ROGR    (0)    2 :  0.543 0.275 0.182 
182 OmyJC19ROGR    (0)    2 :  0.414 0.248 0.338 
183 OmyJC19ROGR    (0)    2 :  0.610 0.289 0.101 
184 OmyJC19ROGR    (0)    2 :  0.143 0.183 0.675 
185 OmyJC19ROGR    (1)    2 :  0.541 0.412 0.047 
186 OmyJC19ROGR    (0)    2 :  0.142 0.661 0.196 
187 OmyJC19ROGR    (0)    2 :  0.690 0.215 0.095 
188 OmyJC19ROGR    (0)    2 :  0.548 0.341 0.111 
189 OmyJC19ROGR    (0)    2 :  0.169 0.504 0.328 
190 OmyJC19ROGR    (0)    2 :  0.146 0.736 0.118 
191 OmyJC19ROGR    (0)    2 :  0.205 0.693 0.102 
192 OmyJC19ROGR    (0)    2 :  0.770 0.098 0.132 
193 OmyJC19ROGR    (1)    2 :  0.417 0.292 0.291 
194 OmyJC19ROGR    (0)    2 :  0.789 0.147 0.064 
195 OmyJC19ROGR    (0)    2 :  0.124 0.070 0.806 
196 OmyJC19ROGR    (0)    2 :  0.726 0.149 0.125 
197 OmyJC19ROGR    (0)    2 :  0.250 0.576 0.174 
198 OmyJC19ROGR    (0)    2 :  0.114 0.105 0.781 
199 OmyJC19ROGR    (0)    2 :  0.590 0.323 0.087 
200 OmyJC19ROGR    (0)    2 :  0.162 0.642 0.196 
201 OmyJC19ROGR    (0)    2 :  0.673 0.253 0.073 
202 OmyJC19ROGR    (0)    2 :  0.126 0.834 0.040 
203 OmyJC19ROGR    (0)    2 :  0.448 0.412 0.141 
204 OmyJC19ROGR    (0)    2 :  0.515 0.349 0.136 
205 OmyJC19ROGR    (0)    2 :  0.447 0.278 0.275 
206 OmyJC19ROGR    (0)    2 :  0.074 0.080 0.847 
207 OmyJC19ROGR    (0)    2 :  0.409 0.188 0.403 
208 OmyJC19ROGR    (0)    2 :  0.723 0.163 0.113 
209 OmyJC19ROGR    (0)    2 :  0.121 0.305 0.574 
210 OmyJC19ROGR    (0)    2 :  0.075 0.051 0.875 
211 OmyJC19ROGR    (0)    2 :  0.313 0.335 0.352 
212 OmyJC19ROGR    (1)    2 :  0.170 0.536 0.294 
213 OmyJC19ROGR    (1)    2 :  0.517 0.356 0.127 
214 OmyJC19ROGR    (0)    2 :  0.684 0.182 0.134 
215 OmyJC19ROGR    (0)    2 :  0.650 0.247 0.102 
216 OmyJC19ROGR    (0)    2 :  0.123 0.073 0.805 
217 OmyJC19ROGR    (0)    2 :  0.261 0.205 0.535 
218 OmyJC19ROGR    (0)    2 :  0.253 0.649 0.098 
219 OmyJC19ROGR    (0)    2 :  0.650 0.104 0.246 
220 OmyJC19ROGR    (0)    2 :  0.499 0.457 0.044 
221 OmyJC19ROGR    (0)    2 :  0.306 0.256 0.438 
222 OmyJC19ROGR    (0)    2 :  0.328 0.563 0.109 
223 OmyJC19ROGR    (0)    2 :  0.600 0.255 0.145 
224 OmyJC19ROGR    (0)    2 :  0.765 0.152 0.083 
225 OmyJC19ROGR    (0)    2 :  0.045 0.044 0.911 
226 OmyJC19ROGR    (0)    2 :  0.443 0.158 0.399 
227 OmyJC19ROGR    (1)    2 :  0.052 0.075 0.874 
228 OmyJC19ROGR    (0)    2 :  0.791 0.106 0.103 
229 OmyJC19ROGR    (1)    2 :  0.367 0.526 0.107 
230 OmyJC19ROGR    (0)    2 :  0.246 0.383 0.371 
231 OmyJC19ROGR    (0)    2 :  0.603 0.169 0.228 
232 OmyJC19ROGR    (1)    2 :  0.419 0.436 0.145 
233 OmyJC19ROGR    (0)    2 :  0.398 0.275 0.328 
234 OmyJC19ROGR    (0)    2 :  0.059 0.068 0.873 
235 OmyJC19ROGR    (0)    2 :  0.139 0.174 0.687 
236 OmyJC19ROGR    (1)    2 :  0.549 0.339 0.112 
237 OmyJC19ROGR    (0)    2 :  0.511 0.321 0.168 
238 OmyJC19ROGR    (0)    2 :  0.632 0.144 0.224 
239 OmyJC19ROGR    (0)    2 :  0.484 0.269 0.247 
240 OmyJC19ROGR    (0)    2 :  0.475 0.368 0.157 
241 OmyJC19ROGR    (0)    2 :  0.201 0.573 0.227 
242 OmyJC19ROGR    (0)    2 :  0.520 0.408 0.072 
243 OmyJC19ROGR    (0)    2 :  0.306 0.547 0.147 
244 OmyJC19ROGR    (0)    2 :  0.253 0.566 0.181 
245 OmyJC19ROGR    (0)    2 :  0.044 0.041 0.915 
246 OmyJC19ROGR    (0)    2 :  0.164 0.495 0.341 
247 OmyJC19ROGR    (0)    2 :  0.132 0.224 0.644 
248 OmyJC19ROGR    (0)    2 :  0.168 0.203 0.629 
249 OmyJC19ROGR    (0)    2 :  0.612 0.180 0.208 
250 OmyJC19ROGR    (0)    2 :  0.476 0.302 0.221 
251 OmyJC19ROGR    (0)    2 :  0.560 0.291 0.149 
252 OmyJC19ROGR    (0)    2 :  0.097 0.804 0.099 
253 OmyJC19ROGR    (0)    2 :  0.435 0.307 0.258 
254 OmyJC19ROGR    (0)    2 :  0.272 0.556 0.171 
255 OmyJC19ROGR    (0)    2 :  0.202 0.694 0.103 
256 OmyJC19ROGR    (0)    2 :  0.159 0.394 0.447 
257 OmyJC19ROGR    (0)    2 :  0.497 0.240 0.264 
258 OmyAC19ROGR    (0)    1 :  0.384 0.292 0.324 
259 OmyAC19ROGR    (1)    1 :  0.285 0.168 0.547 
260 OmyAC19ROGR    (0)    1 :  0.721 0.187 0.092 
261 OmyAC19ROGR    (0)    1 :  0.642 0.175 0.183 
262 OmyAC19ROGR    (0)    1 :  0.408 0.305 0.287 
263 OmyAC19ROGR    (0)    1 :  0.246 0.608 0.146 
264 OmyAC19ROGR    (0)    1 :  0.499 0.304 0.197 
265 OmyAC19ROGR    (0)    1 :  0.425 0.431 0.144 
266 OmyAC19ROGR    (0)    1 :  0.711 0.207 0.082 
267 OmyAC19ROGR    (0)    1 :  0.406 0.282 0.311 
268 OmyAC19ROGR    (1)    1 :  0.190 0.510 0.300 
269 OmyAC19ROGR    (1)    1 :  0.468 0.198 0.334 
270 OmyAC19ROGR    (0)    1 :  0.251 0.645 0.104 
271 OmyAC19ROGR    (0)    1 :  0.311 0.202 0.487 
272 OmyAC19ROGR    (0)    1 :  0.498 0.147 0.355 
273 OmyAC19ROGR    (0)    1 :  0.371 0.505 0.124 
274 OmyAC19ROGR    (0)    1 :  0.102 0.106 0.792 
275 OmyAC19ROGR    (0)    1 :  0.276 0.475 0.249 
276 OmyAC19ROGR    (0)    1 :  0.509 0.284 0.207 
277 OmyAC19ROGR    (0)    1 :  0.655 0.130 0.215 
278 OmyAC19ROGR    (0)    1 :  0.374 0.153 0.473 
279 OmyAC19ROGR    (0)    1 :  0.491 0.126 0.383 
280 OmyAC19ROGR    (0)    1 :  0.241 0.479 0.280 
281 OmyAC19ROGR    (0)    1 :  0.585 0.260 0.154 
282 OmyAC19ROGR    (0)    1 :  0.318 0.356 0.325 
283 OmyAC19ROGR    (0)    1 :  0.673 0.182 0.145 
284 OmyAC19ROGR    (0)    1 :  0.552 0.369 0.079 
285 OmyAC19ROGR    (0)    1 :  0.353 0.511 0.136 
286 OmyAC19ROGR    (0)    1 :  0.513 0.409 0.078 
287 OmyAC19ROGR    (0)    1 :  0.030 0.028 0.943 
288 OmyAC19ROGR    (0)    1 :  0.102 0.085 0.813 
289 OmyAC19ROGR    (0)    1 :  0.462 0.222 0.316 
290 OmyAC19ROGR    (1)    1 :  0.037 0.047 0.916 
291 OmyAC19ROGR    (0)    1 :  0.197 0.291 0.512 
292 OmyAC19ROGR    (1)    1 :  0.446 0.194 0.360 
293 OmyAC19ROGR    (0)    1 :  0.169 0.745 0.086 
294 OmyAC19ROGR    (0)    1 :  0.370 0.142 0.488 
295 OmyAC19ROGR    (0)    1 :  0.502 0.401 0.097 
296 OmyAC19ROGR    (0)    1 :  0.644 0.239 0.118 
297 OmyAC19ROGR    (0)    1 :  0.128 0.075 0.797 
298 OmyAC19ROGR    (0)    1 :  0.795 0.119 0.086 
299 OmyAC19ROGR    (0)    1 :  0.196 0.400 0.404 
300 OmyAC19ROGR    (0)    1 :  0.584 0.292 0.124 
301 OmyAC19ROGR    (0)    1 :  0.059 0.055 0.886 
302 OmyAC19ROGR    (0)    1 :  0.309 0.120 0.570 
303 OmyAC19ROGR    (0)    1 :  0.541 0.185 0.275 
304 OmyAC19ROGR    (0)    1 :  0.452 0.219 0.329 
305 OmyAC19ROGR    (0)    1 :  0.615 0.274 0.111 
306 OmyAC19ROGR    (0)    1 :  0.196 0.058 0.745 
307 OmyAC19ROGR    (1)    1 :  0.438 0.479 0.084 
308 OmyAC19ROGR    (0)    1 :  0.572 0.172 0.256 
309 OmyAC19ROGR    (1)    1 :  0.066 0.071 0.863 
310 OmyAC19ROGR    (0)    1 :  0.290 0.205 0.505 
311 OmyAC19ROGR    (0)    1 :  0.284 0.135 0.581 
312 OmyAC19ROGR    (0)    1 :  0.297 0.592 0.111 
313 OmyAC19ROGR    (0)    1 :  0.603 0.322 0.076 
314 OmyAC19ROGR    (0)    1 :  0.180 0.704 0.116 
315 OmyAC19ROGR    (0)    1 :  0.511 0.297 0.192 
316 OmyAC19ROGR    (0)    1 :  0.556 0.316 0.128 
317 OmyAC19ROGR    (0)    1 :  0.229 0.634 0.138 
318 OmyAC19ROGR    (0)    1 :  0.223 0.697 0.080 
319 OmyAC19ROGR    (1)    1 :  0.598 0.343 0.059 
320 OmyAC19ROGR    (0)    1 :  0.783 0.175 0.042 
321 OmyAC19ROGR    (0)    1 :  0.689 0.200 0.110 
322 OmyAC19ROGR    (0)    1 :  0.220 0.202 0.578 
323 OmyAC19ROGR    (0)    1 :  0.814 0.106 0.080 
324 OmyAC19ROGR    (0)    1 :  0.539 0.359 0.102 
325 OmyAC19ROGR    (0)    1 :  0.282 0.196 0.522 
326 OmyAC19ROGR    (0)    1 :  0.694 0.157 0.149 
327 OmyAC19ROGR    (0)    1 :  0.566 0.310 0.124 
328 OmyAC20ROGR    (1)    1 :  0.540 0.364 0.096 
329 OmyAC20ROGR    (0)    1 :  0.283 0.518 0.199 
330 OmyAC20ROGR    (0)    1 :  0.443 0.368 0.189 
331 OmyAC20ROGR    (0)    1 :  0.238 0.295 0.467 
332 OmyAC20ROGR    (0)    1 :  0.202 0.431 0.367 
333 OmyAC20ROGR    (0)    1 :  0.176 0.391 0.433 
334 OmyAC20ROGR    (0)    1 :  0.230 0.695 0.075 
335 OmyAC20ROGR    (0)    1 :  0.414 0.458 0.128 
336 OmyAC20ROGR    (0)    1 :  0.341 0.328 0.331 
337 OmyAC20ROGR    (0)    1 :  0.239 0.186 0.576 
338 OmyAC20ROGR    (0)    1 :  0.251 0.455 0.293 
339 OmyAC20ROGR    (0)    1 :  0.482 0.259 0.259 
340 OmyAC20ROGR    (0)    1 :  0.117 0.744 0.138 
341 OmyAC20ROGR    (0)    1 :  0.151 0.659 0.190 
342 OmyAC20ROGR    (0)    1 :  0.312 0.356 0.332 
343 OmyAC20ROGR    (0)    1 :  0.234 0.586 0.180 
344 OmyAC20ROGR    (0)    1 :  0.187 0.487 0.327 
345 OmyAC20ROGR    (1)    1 :  0.468 0.173 0.358 
346 OmyAC20ROGR    (0)    1 :  0.316 0.303 0.381 
347 OmyAC20ROGR    (0)    1 :  0.335 0.272 0.393 
348 OmyAC20ROGR    (0)    1 :  0.144 0.509 0.347 
349 OmyAC20ROGR    (0)    1 :  0.206 0.624 0.171 
350 OmyAC20ROGR    (0)    1 :  0.518 0.251 0.231 
351 OmyAC20ROGR    (0)    1 :  0.270 0.445 0.285 
352 OmyAC20ROGR    (0)    1 :  0.607 0.237 0.157 
353 OmyAC20ROGR    (0)    1 :  0.509 0.376 0.116 
354 OmyAC20ROGR    (0)    1 :  0.140 0.455 0.406 
355 OmyAC20ROGR    (0)    1 :  0.271 0.545 0.184 
356 OmyAC20ROGR    (0)    1 :  0.573 0.302 0.125 
357 OmyAC20ROGR    (0)    1 :  0.568 0.173 0.259 
358 OmyAC20ROGR    (0)    1 :  0.681 0.193 0.126 
359 OmyAC20ROGR    (0)    1 :  0.573 0.063 0.364 
360 OmyAC20ROGR    (0)    1 :  0.320 0.284 0.396 
361 OmyAC20ROGR    (0)    1 :  0.750 0.134 0.117 
362 OmyAC20ROGR    (0)    1 :  0.680 0.171 0.149 
363 OmyAC20ROGR    (0)    1 :  0.235 0.473 0.292 
364 OmyAC20ROGR    (1)    1 :  0.273 0.609 0.118 
365 OmyAC20ROGR    (0)    1 :  0.630 0.299 0.071 
366 OmyAC20ROGR    (0)    1 :  0.361 0.529 0.110 
367 OmyAC20ROGR    (0)    1 :  0.446 0.282 0.272 
368 OmyAC20ROGR    (1)    1 :  0.609 0.132 0.258 
369 OmyAC20ROGR    (0)    1 :  0.190 0.354 0.456 
370 OmyAC20ROGR    (0)    1 :  0.115 0.128 0.757 
371 OmyAC20ROGR    (0)    1 :  0.097 0.073 0.830 
372 OmyAC20ROGR    (2)    1 :  0.060 0.048 0.892 
373 OmyAC20ROGR    (0)    1 :  0.332 0.118 0.550 
374 OmyAC20ROGR    (0)    1 :  0.470 0.439 0.091 
375 OmyAC20ROGR    (0)    1 :  0.532 0.245 0.223 
376 OmyAC20ROGR    (0)    1 :  0.198 0.199 0.602 
377 OmyAC20ROGR    (0)    1 :  0.308 0.625 0.067 
378 OmyAC20ROGR    (0)    1 :  0.382 0.525 0.093 
379 OmyAC20ROGR    (0)    1 :  0.181 0.281 0.539 
380 OmyAC20ROGR    (1)    1 :  0.623 0.299 0.078 
381 OmyAC20ROGR    (0)    1 :  0.605 0.136 0.260 
382 OmyAC20ROGR    (0)    1 :  0.072 0.045 0.883 
383 OmyAC20ROGR    (0)    1 :  0.515 0.109 0.376 
384 OmyAC20ROGR    (0)    1 :  0.211 0.311 0.479 
385 OmyAC20ROGR    (0)    1 :  0.481 0.095 0.424 
386 OmyAC20ROGR    (0)    1 :  0.349 0.343 0.308 
387 OmyAC20ROGR    (0)    1 :  0.431 0.114 0.455 
388 OmyAC20ROGR    (0)    1 :  0.170 0.389 0.441 
389 OmyAC20ROGR    (0)    1 :  0.737 0.153 0.111 
390 OmyAC20ROGR    (0)    1 :  0.655 0.268 0.077 
391 OmyAC20ROGR    (0)    1 :  0.217 0.271 0.512 
392 OmyAC20ROGR    (0)    1 :  0.249 0.324 0.427 
393 OmyAC20ROGR    (0)    1 :  0.347 0.448 0.205 
394 OmyAC20ROGR    (1)    1 :  0.570 0.196 0.234 
395 OmyAC20ROGR    (0)    1 :  0.366 0.448 0.186 
396 OmyAC20ROGR    (0)    1 :  0.628 0.226 0.146 
397 OmyAC20ROGR    (0)    1 :  0.407 0.151 0.442 
398 OmyAC20ROGR    (0)    1 :  0.097 0.182 0.721 
399 OmyAC20ROGR    (0)    1 :  0.353 0.271 0.375 
400 OmyAC20ROGR    (0)    1 :  0.414 0.292 0.294 
401 OmyAC20ROGR    (1)    1 :  0.060 0.084 0.856 
402 OmyAC20ROGR    (0)    1 :  0.237 0.680 0.083 
403 OmyAC20ROGR    (0)    1 :  0.234 0.462 0.304 
404 OmyAC20ROGR    (0)    1 :  0.276 0.642 0.082 
405 OmyAC20ROGR    (0)    1 :  0.395 0.145 0.460 
406 OmyAC20ROGR    (0)    1 :  0.298 0.490 0.213 
407 OmyAC20ROGR    (0)    1 :  0.731 0.115 0.154 
408 OmyAC20ROGR    (0)    1 :  0.350 0.437 0.213 
409 OmyAC20ROGR    (0)    1 :  0.726 0.100 0.175 
410 OmyAC20ROGR    (0)    1 :  0.069 0.043 0.888 
411 OmyAC20ROGR    (0)    1 :  0.200 0.139 0.661 
412 OmyAC20ROGR    (0)    1 :  0.241 0.502 0.258 
413 OmyAC20ROGR    (0)    1 :  0.762 0.107 0.131 
414 OmyAC20ROGR    (0)    1 :  0.180 0.324 0.496 
415 OmyAC20ROGR    (0)    1 :  0.516 0.382 0.103 
416 OmyAC20ROGR    (0)    1 :  0.373 0.405 0.221 
417 OmyAC20ROGR    (0)    1 :  0.597 0.308 0.095 
418 OmyAC20ROGR    (0)    1 :  0.448 0.213 0.340 
419 OmyAC20ROGR    (0)    1 :  0.378 0.113 0.509 
420 OmyAC20ROGR    (0)    1 :  0.446 0.452 0.102 
421 OmyAC20ROGR    (0)    1 :  0.289 0.455 0.256 
422 OmyAC20ROGR    (0)    1 :  0.047 0.063 0.890 
423 OmyAC20ROGR    (0)    1 :  0.810 0.089 0.101 
424 OmyAC20ROGR    (0)    1 :  0.751 0.163 0.086 
425 OmyAC20ROGR    (0)    1 :  0.050 0.118 0.832 
426 OmyAC20ROGR    (0)    1 :  0.528 0.230 0.243 
427 OmyAC20ROGR    (0)    1 :  0.389 0.213 0.398 
428 OmyAC20ROGR    (0)    1 :  0.044 0.050 0.906 
429 OmyAC20ROGR    (0)    1 :  0.700 0.207 0.093 
430 OmyAC20ROGR    (0)    1 :  0.638 0.104 0.259 
431 OmyAC20ROGR    (0)    1 :  0.179 0.217 0.603 
432 OmyAC20ROGR    (0)    1 :  0.075 0.086 0.839 
433 OmyAC20ROGR    (0)    1 :  0.066 0.071 0.863 
434 OmyAC20ROGR    (0)    1 :  0.520 0.088 0.392 
435 OmyAC20ROGR    (0)    1 :  0.314 0.612 0.074 
436 OmyAC20ROGR    (0)    1 :  0.761 0.120 0.119 
437 OmyAC20ROGR    (0)    1 :  0.188 0.112 0.700 
438 OmyAC20ROGR    (0)    1 :  0.270 0.180 0.550 
439 OmyAC20ROGR    (0)    1 :  0.600 0.195 0.205 
440 OmyAC20ROGR    (0)    1 :  0.118 0.099 0.783 
441 OmyAC20ROGR    (0)    1 :  0.691 0.240 0.069 
442 OmyAC20ROGR    (0)    1 :  0.583 0.237 0.180 
443 OmyAC20ROGR    (0)    1 :  0.256 0.676 0.068 
444 OmyAC20ROGR    (0)    1 :  0.613 0.118 0.269 
445 OmyAC20ROGR    (0)    1 :  0.590 0.150 0.260 
446 OmyJC18ROGR    (0)    2 :  0.271 0.589 0.140 
447 OmyJC18ROGR    (0)    2 :  0.573 0.257 0.170 
448 OmyJC18ROGR    (0)    2 :  0.708 0.122 0.170 
449 OmyJC18ROGR    (0)    2 :  0.143 0.140 0.717 
450 OmyJC18ROGR    (0)    2 :  0.126 0.160 0.714 
451 OmyJC18ROGR    (0)    2 :  0.072 0.064 0.864 
452 OmyJC18ROGR    (0)    2 :  0.245 0.347 0.408 
453 OmyJC18ROGR    (0)    2 :  0.240 0.672 0.088 
454 OmyJC18ROGR    (0)    2 :  0.082 0.063 0.855 
455 OmyJC18ROGR    (0)    2 :  0.715 0.176 0.109 
456 OmyJC18ROGR    (0)    2 :  0.080 0.049 0.870 
457 OmyJC18ROGR    (0)    2 :  0.581 0.252 0.166 
458 OmyJC18ROGR    (0)    2 :  0.224 0.492 0.284 
459 OmyJC18ROGR    (0)    2 :  0.354 0.579 0.068 
460 OmyJC18ROGR    (2)    2 :  0.249 0.208 0.543 
461 OmyJC18ROGR    (1)    2 :  0.191 0.391 0.418 
462 OmyJC18ROGR    (3)    2 :  0.219 0.256 0.525 
463 OmyJC18ROGR    (1)    2 :  0.123 0.129 0.748 
464 OmyJC18ROGR    (3)    2 :  0.813 0.115 0.072 
465 OmyJC18ROGR    (3)    2 :  0.683 0.151 0.166 
466 OmyJC18ROGR    (0)    2 :  0.375 0.245 0.380 
467 OmyJC18ROGR    (1)    2 :  0.644 0.229 0.127 
468 OmyJC18ROGR    (0)    2 :  0.666 0.154 0.180 
469 OmyJC18ROGR    (0)    2 :  0.139 0.089 0.772 
470 OmyJC18ROGR    (3)    2 :  0.200 0.171 0.629 
471 OmyJC18ROGR    (1)    2 :  0.229 0.330 0.441 
472 OmyJC18ROGR    (1)    2 :  0.510 0.235 0.255 
473 OmyJC18ROGR    (2)    2 :  0.550 0.338 0.112 
474 OmyJC18ROGR    (0)    2 :  0.282 0.608 0.110 
475 OmyJC18ROGR    (1)    2 :  0.070 0.231 0.699 
476 OmyJC18ROGR    (2)    2 :  0.312 0.618 0.070 
477 OmyJC18ROGR    (3)    2 :  0.452 0.276 0.272 
478 OmyJC18ROGR    (0)    2 :  0.215 0.641 0.144 
479 OmyJC18ROGR    (0)    2 :  0.747 0.175 0.078 
480 OmyJC18ROGR    (0)    2 :  0.449 0.225 0.325 
481 OmyJC18ROGR    (2)    2 :  0.251 0.367 0.382 
482 OmyJC18ROGR    (3)    2 :  0.697 0.242 0.061 
483 OmyJC18ROGR    (3)    2 :  0.755 0.112 0.133 
484 OmyJC18ROGR    (3)    2 :  0.464 0.380 0.156 
485 OmyJC18ROGR    (2)    2 :  0.173 0.116 0.711 
486 OmyJC18ROGR    (2)    2 :  0.296 0.143 0.561 
487 OmyJC18ROGR    (1)    2 :  0.186 0.559 0.255 
488 OmyJC18ROGR    (3)    2 :  0.414 0.390 0.196 
489 OmyJC18ROGR    (0)    2 :  0.404 0.478 0.118 
490 OmyJC18ROGR    (2)    2 :  0.484 0.282 0.234 
491 OmyJC18ROGR    (4)    2 :  0.158 0.589 0.253 
492 OmyJC18ROGR    (4)    2 :  0.169 0.764 0.067 
493 OmyJC18ROGR    (3)    2 :  0.551 0.178 0.271 
494 OmyJC18ROGR    (3)    2 :  0.068 0.049 0.883 
495 OmyJC18ROGR    (3)    2 :  0.145 0.562 0.293 
496 OmyJC18ROGR    (0)    2 :  0.328 0.467 0.206 
497 OmyJC18ROGR    (5)    2 :  0.379 0.372 0.249 
498 OmyJC18ROGR    (3)    2 :  0.209 0.405 0.386 
499 OmyJC18ROGR    (1)    2 :  0.431 0.428 0.141 
500 OmyJC18ROGR    (1)    2 :  0.557 0.354 0.089 
501 OmyJC18ROGR    (3)    2 :  0.212 0.199 0.589 
502 OmyJC18ROGR    (1)    2 :  0.545 0.102 0.353 
503 OmyJC18ROGR    (4)    2 :  0.758 0.102 0.139 
504 OmyJC18ROGR    (1)    2 :  0.444 0.090 0.466 
505 OmyJC18ROGR    (0)    2 :  0.218 0.394 0.389 
506 OmyJC18ROGR    (6)    2 :  0.248 0.589 0.164 
507 OmyJC18ROGR    (0)    2 :  0.429 0.240 0.330 
508 OmyJC18ROGR    (0)    2 :  0.599 0.188 0.213 
509 OmyJC18ROGR    (2)    2 :  0.062 0.077 0.861 
510 OmyJC18ROGR    (1)    2 :  0.575 0.324 0.101 
511 OmyJC18ROGR    (3)    2 :  0.104 0.634 0.262 
512 OmyJC18ROGR    (2)    2 :  0.137 0.073 0.791 
513 OmyJC18ROGR    (7)    2 :  0.131 0.526 0.343 
514 OmyJC18ROGR    (3)    2 :  0.136 0.246 0.618 
515 OmyJC18ROGR    (0)    2 :  0.530 0.276 0.194 
516 OmyJC18ROGR    (2)    2 :  0.344 0.289 0.368 
517 OmyJC18ROGR    (2)    2 :  0.208 0.392 0.400 
518 OmyJC18ROGR    (0)    2 :  0.607 0.255 0.137 
519 OmyJC18ROGR    (7)    2 :  0.108 0.734 0.159 
520 OmyJC18ROGR    (4)    2 :  0.128 0.517 0.355 
521 OmyJC18ROGR    (1)    2 :  0.203 0.466 0.331 
522 OmyJC18ROGR    (1)    2 :  0.555 0.139 0.306 
523 OmyJC18ROGR    (3)    2 :  0.618 0.242 0.141 
524 OmyJC18ROGR    (1)    2 :  0.752 0.131 0.117 
525 OmyJC18ROGR    (2)    2 :  0.252 0.431 0.317 
526 OmyJC18ROGR    (1)    2 :  0.339 0.439 0.222 
527 OmyJC18ROGR    (0)    2 :  0.334 0.548 0.118 
528 OmyJC18ROGR    (0)    2 :  0.618 0.263 0.119 
529 OmyJC18ROGR    (1)    2 :  0.521 0.363 0.116 
530 OmyJC18ROGR    (0)    2 :  0.806 0.104 0.090 
531 OmyJC18ROGR    (0)    2 :  0.778 0.102 0.120 
532 OmyJC18ROGR    (1)    2 :  0.748 0.174 0.077 
533 OmyJC18ROGR    (2)    2 :  0.313 0.621 0.066 
534 OmyJC18ROGR    (2)    2 :  0.587 0.216 0.197 
535 OmyJC18ROGR    (0)    2 :  0.343 0.504 0.153 
536 OmyJC18ROGR    (0)    2 :  0.128 0.774 0.097 
537 OmyJC18ROGR    (0)    2 :  0.274 0.629 0.097 
538 OmyJC18ROGR    (0)    2 :  0.740 0.131 0.130 
539 OmyJC18ROGR    (1)    2 :  0.621 0.206 0.173 
540 OmyJC18ROGR    (6)    2 :  0.336 0.500 0.164 
541 OmyJC18ROGR    (1)    2 :  0.441 0.390 0.169 
542 OmyJC18ROGR    (1)    2 :  0.369 0.293 0.338 
543 OmyJC18ROGR    (0)    2 :  0.342 0.238 0.420 
544 OmyJC18ROGR    (2)    2 :  0.418 0.440 0.142 
545 OmyJC18ROGR    (1)    2 :  0.275 0.065 0.660 
546 OmyJC18ROGR    (6)    2 :  0.770 0.175 0.056 
547 OmyJC18ROGR    (0)    2 :  0.619 0.092 0.289 
548 OmyJC18ROGR    (1)    2 :  0.256 0.429 0.315 
549 OmyJC18ROGR    (0)    2 :  0.674 0.171 0.155 
550 OmyJC18ROGR    (1)    2 :  0.098 0.119 0.783 
551 OmyJC18ROGR    (1)    2 :  0.142 0.705 0.152 
552 OmyJC18ROGR    (2)    2 :  0.420 0.298 0.282 
553 OmyJC18ROGR    (7)    2 :  0.540 0.269 0.191 
554 OmyJC18ROGR    (2)    2 :  0.587 0.310 0.103 
555 OmyJC18ROGR    (3)    2 :  0.404 0.488 0.109 
556 OmyJC18ROGR    (0)    2 :  0.082 0.751 0.168 
557 OmyJC18ROGR    (1)    2 :  0.216 0.173 0.611 
558 OmyJC18ROGR    (0)    2 :  0.088 0.628 0.285 
559 OmyJC18ROGR    (0)    2 :  0.755 0.153 0.092 
560 OmyJC18ROGR    (5)    2 :  0.315 0.432 0.253 
561 OmyJC18ROGR    (0)    2 :  0.813 0.100 0.087 
562 OmyJC18ROGR    (6)    2 :  0.289 0.581 0.131 
563 OmyJC18ROGR    (2)    2 :  0.363 0.448 0.189 
564 OmyJC18ROGR    (3)    2 :  0.117 0.490 0.392 
565 OmyJC18ROGR    (3)    2 :  0.461 0.295 0.243 
566 OmyJC18ROGR    (1)    2 :  0.583 0.214 0.202 
567 OmyJC18ROGR    (0)    2 :  0.757 0.155 0.088 
568 OmyJC18ROGR    (3)    2 :  0.186 0.542 0.272 
569 OmyJC18ROGR    (2)    2 :  0.572 0.267 0.161 
570 OmyJC18ROGR    (0)    2 :  0.696 0.117 0.188 
571 OmyJC18ROGR    (1)    2 :  0.815 0.111 0.074 
572 OmyJC18ROGR    (4)    2 :  0.265 0.584 0.151 
573 OmyJC18ROGR    (3)    2 :  0.194 0.259 0.547 
574 OmyJC18ROGR    (5)    2 :  0.334 0.299 0.367 
575 OmyJC18ROGR    (3)    2 :  0.227 0.688 0.085 
576 OmyJC18ROGR    (0)    2 :  0.446 0.371 0.183 
577 OmyJC18ROGR    (0)    2 :  0.089 0.055 0.857 
578 OmyJC18ROGR    (1)    2 :  0.728 0.166 0.106 
579 OmyJC18ROGR    (0)    2 :  0.090 0.136 0.774 
580 OmyJC18ROGR    (0)    2 :  0.468 0.476 0.056 
581 OmyJC18ROGR    (3)    2 :  0.606 0.223 0.171 
582 OmyJC18ROGR    (6)    2 :  0.507 0.404 0.090 
583 OmyJC18ROGR    (3)    2 :  0.316 0.580 0.104 
584 OmyJC18ROGR    (3)    2 :  0.409 0.412 0.178 
585 OmyJC18ROGR    (1)    2 :  0.427 0.338 0.235 
586 OmyJC18ROGR    (1)    2 :  0.706 0.237 0.058 
587 OmyJC18ROGR    (0)    2 :  0.059 0.042 0.899 
588 OmyJC18ROGR    (0)    2 :  0.136 0.498 0.366 
589 OmyJC18ROGR    (1)    2 :  0.349 0.447 0.204 
590 OmyJC18ROGR    (2)    2 :  0.870 0.098 0.032 
591 OmyJC18ROGR    (0)    2 :  0.541 0.300 0.159 
592 OmyJC18ROGR    (3)    2 :  0.624 0.192 0.184 
593 OmyJC18ROGR    (0)    2 :  0.232 0.505 0.262 
594 OmyJC18ROGR    (1)    2 :  0.609 0.270 0.120 
595 OmyJC18ROGR    (0)    2 :  0.192 0.611 0.197 
596 OmyJC18ROGR    (1)    2 :  0.453 0.306 0.241 
597 OmyJC18ROGR    (0)    2 :  0.401 0.412 0.187 
598 OmyJC18ROGR    (1)    2 :  0.615 0.210 0.175 
599 OmyJC18ROGR    (0)    2 :  0.634 0.197 0.168 
600 OmyJC18ROGR    (0)    2 :  0.207 0.673 0.120 
601 OmyJC18ROGR    (0)    2 :  0.416 0.475 0.109 
602 OmyJC18ROGR    (0)    2 :  0.590 0.185 0.225 
603 OmyJC18ROGR    (0)    2 :  0.298 0.601 0.101 
604 OmyJC18ROGR    (0)    2 :  0.448 0.407 0.146 
605 OmyJC18ROGR    (0)    2 :  0.110 0.798 0.092 
606 OmyJC18ROGR    (0)    2 :  0.268 0.550 0.182 
607 OmyJC18ROGR    (0)    2 :  0.634 0.193 0.173 
608 OmyJC18ROGR    (0)    2 :  0.809 0.112 0.079 
609 OmyJC18ROGR    (0)    2 :  0.192 0.663 0.146 
610 OmyJC18ROGR    (4)    2 :  0.053 0.120 0.826 
611 OmyJC18ROGR    (0)    2 :  0.170 0.413 0.417 
612 OmyJC18ROGR    (2)    2 :  0.525 0.349 0.126 
613 OmyJC18ROGR    (0)    2 :  0.274 0.511 0.215 
614 OmyJC18ROGR    (0)    2 :  0.562 0.131 0.307 
615 OmyJC18ROGR    (0)    2 :  0.418 0.517 0.065 
616 OmyJC18ROGR    (0)    2 :  0.333 0.374 0.293 
617 OmyJC18ROGR    (0)    2 :  0.435 0.428 0.137 
618 OmyJC18ROGR    (0)    2 :  0.662 0.109 0.229 
619 OmyJC18ROGR    (0)    2 :  0.258 0.649 0.093 
620 OmyJC18ROGR    (0)    2 :  0.141 0.568 0.291 
621 OmyJC18ROGR    (1)    2 :  0.357 0.417 0.226 
622 OmyJC18ROGR    (2)    2 :  0.203 0.636 0.162 
623 OmyJC18ROGR    (1)    2 :  0.664 0.162 0.174 
624 OmyJC18ROGR    (2)    2 :  0.522 0.300 0.177 
625 OmyJC18ROGR    (0)    2 :  0.572 0.149 0.279 
626 OmyJC18ROGR    (6)    2 :  0.478 0.395 0.126 
627 OmyJC18ROGR    (0)    2 :  0.242 0.465 0.293 
628 OmyJC18ROGR    (0)    2 :  0.036 0.042 0.923 
629 OmyJC18ROGR    (1)    2 :  0.161 0.552 0.287 
630 OmyJC18ROGR    (1)    2 :  0.205 0.711 0.084 
631 OmyJC18ROGR    (3)    2 :  0.609 0.282 0.110 
632 OmyJC18ROGR    (0)    2 :  0.115 0.809 0.076 
633 OmyJC18ROGR    (4)    2 :  0.530 0.344 0.126 
634 OmyJC18ROGR    (2)    2 :  0.106 0.449 0.445 
635 OmyJC18ROGR    (0)    2 :  0.421 0.521 0.058 
636 OmyJC18ROGR    (0)    2 :  0.179 0.208 0.613 
637 OmyJC18ROGR    (0)    2 :  0.303 0.444 0.252 
638 OmyJC18ROGR    (0)    2 :  0.511 0.348 0.141 
639 OmyJC18ROGR    (1)    2 :  0.324 0.382 0.294 
640 OmyJC18ROGR    (1)    2 :  0.284 0.200 0.517 
641 OmyJC18ROGR    (0)    2 :  0.159 0.406 0.435 
642 OmyJC18ROGR    (3)    2 :  0.447 0.274 0.279 
643 OmyJC18ROGR    (1)    2 :  0.287 0.578 0.134 
644 OmyJC18ROGR    (7)    2 :  0.759 0.179 0.062 
645 OmyJC18ROGR    (4)    2 :  0.578 0.192 0.230 
646 OmyJC18ROGR    (0)    2 :  0.538 0.375 0.087 
647 OmyJC18ROGR    (1)    2 :  0.782 0.122 0.096 
648 OmyJC18ROGR    (1)    2 :  0.222 0.582 0.196 
649 OmyJC18ROGR    (0)    2 :  0.619 0.264 0.117 
650 OmyJC18ROGR    (1)    2 :  0.665 0.278 0.057 
651 OmyJC18ROGR    (5)    2 :  0.061 0.103 0.836 
652 OmyJC18ROGR    (1)    2 :  0.356 0.384 0.260 
653 OmyJC18ROGR    (3)    2 :  0.287 0.517 0.196 
654 OmyJC18ROGR    (1)    2 :  0.572 0.185 0.243 
655 OmyJC18ROGR    (2)    2 :  0.342 0.233 0.426 
656 OmyJC18ROGR    (0)    2 :  0.634 0.283 0.083 
657 OmyJC18ROGR    (0)    2 :  0.387 0.489 0.124 
658 OmyJC18ROGR    (0)    2 :  0.556 0.302 0.142 
659 OmyJC18ROGR    (5)    2 :  0.420 0.536 0.044 
660 OmyJC18ROGR    (3)    2 :  0.369 0.350 0.281 
661 OmyJC18ROGR    (2)    2 :  0.331 0.607 0.062 
662 OmyJC18ROGR    (1)    2 :  0.171 0.636 0.193 
663 OmyJC18ROGR    (2)    2 :  0.244 0.314 0.442 
664 OmyJC18ROGR    (0)    2 :  0.289 0.585 0.126 
665 OmyJC18ROGR    (0)    2 :  0.198 0.590 0.212 
666 OmyJC18ROGR    (0)    2 :  0.105 0.085 0.809 
667 OmyJC18ROGR    (0)    2 :  0.198 0.322 0.480 
668 OmyJC18ROGR    (2)    2 :  0.394 0.205 0.401 
669 OmyJC18ROGR    (4)    2 :  0.601 0.153 0.246 
670 OmyJC18ROGR    (6)    2 :  0.809 0.074 0.116 
671 OmyJC18ROGR    (3)    2 :  0.066 0.848 0.085 
672 OmyJC18ROGR    (0)    2 :  0.188 0.751 0.061 
673 OmyJC18ROGR    (4)    2 :  0.392 0.526 0.083 
674 OmyJC18ROGR    (0)    2 :  0.338 0.425 0.236 
675 OmyJC18ROGR    (0)    2 :  0.381 0.497 0.122 
676 OmyJC18ROGR    (1)    2 :  0.359 0.515 0.126 
677 OmyJC18ROGR    (3)    2 :  0.394 0.190 0.416 
678 OmyJC18ROGR    (6)    2 :  0.288 0.623 0.089 
679 OmyJC18ROGR    (1)    2 :  0.557 0.095 0.348 
680 OmyJC18ROGR    (1)    2 :  0.223 0.651 0.126 
681 OmyJC18ROGR    (1)    2 :  0.168 0.394 0.438 
682 OmyJC18ROGR    (1)    2 :  0.223 0.268 0.510 
683 OmyJC18ROGR    (0)    2 :  0.677 0.133 0.191 
684 OmyJC18ROGR    (0)    2 :  0.706 0.202 0.091 
685 OmyJC18ROGR    (0)    2 :  0.761 0.131 0.107 
686 OmyJC18ROGR    (0)    2 :  0.767 0.169 0.064 
687 OmyJC18ROGR    (3)    2 :  0.591 0.294 0.115 
688 OmyJC18ROGR    (1)    2 :  0.171 0.414 0.415 
689 OmyJC18ROGR    (1)    2 :  0.198 0.205 0.597 
690 OmyJC18ROGR    (5)    2 :  0.101 0.684 0.215 
691 OmyJC18ROGR    (5)    2 :  0.265 0.357 0.378 
692 OmyJC18ROGR    (0)    2 :  0.420 0.156 0.424 
693 OmyJC18ROGR    (2)    2 :  0.370 0.537 0.094 
694 OmyJC18ROGR    (0)    2 :  0.169 0.769 0.062 
695 OmyJC18ROGR    (0)    2 :  0.354 0.182 0.464 
696 OmyJC18ROGR    (0)    2 :  0.859 0.077 0.064 
697 OmyJC18ROGR    (2)    2 :  0.160 0.659 0.181 
698 OmyJC18ROGR    (0)    2 :  0.323 0.625 0.052 
699 OmyJC18ROGR    (1)    2 :  0.118 0.685 0.197 
700 OmyJC18ROGR    (0)    2 :  0.633 0.130 0.237 
701 OmyJC18ROGR    (0)    2 :  0.249 0.564 0.187 
702 OmyJC18ROGR    (1)    2 :  0.254 0.285 0.462 
703 OmyJC18ROGR    (1)    2 :  0.567 0.083 0.350 
704 OmyJC18ROGR    (0)    2 :  0.191 0.185 0.624 
705 OmyJC18ROGR    (0)    2 :  0.472 0.423 0.105 
706 OmyJC18ROGR    (0)    2 :  0.207 0.301 0.492 
707 OmyJC18ROGR    (1)    2 :  0.079 0.831 0.090 
708 OmyJC18ROGR    (1)    2 :  0.260 0.433 0.307 
709 OmyJC18ROGR    (0)    2 :  0.262 0.248 0.490 
710 OmyJC18ROGR    (0)    2 :  0.370 0.428 0.201 
711 OmyJC18ROGR    (0)    2 :  0.547 0.110 0.343 
712 OmyJC18ROGR    (1)    2 :  0.572 0.274 0.154 
713 OmyJC18ROGR    (0)    2 :  0.562 0.225 0.213 
714 OmyJC18ROGR    (0)    2 :  0.623 0.179 0.198 
715 OmyJC18ROGR    (0)    2 :  0.621 0.130 0.249 
716 OmyJC18ROGR    (0)    2 :  0.194 0.184 0.622 
717 OmyJC18ROGR    (1)    2 :  0.194 0.631 0.174 
718 OmyJC18ROGR    (1)    2 :  0.182 0.699 0.118 
719 OmyJC18ROGR    (7)    2 :  0.212 0.741 0.047 
720 OmyJC18ROGR    (2)    2 :  0.663 0.160 0.177 
721 OmyJC18ROGR    (1)    2 :  0.330 0.530 0.140 
722 OmyJC18ROGR    (0)    2 :  0.455 0.405 0.140 
723 OmyJC18ROGR    (1)    2 :  0.313 0.570 0.117 
724 OmyJC18ROGR    (0)    2 :  0.337 0.102 0.561 
725 OmyJC18ROGR    (0)    2 :  0.450 0.396 0.154 
726 OmyJC18ROGR    (0)    2 :  0.455 0.431 0.114 
727 OmyJC18ROGR    (1)    2 :  0.092 0.759 0.149 
728 OmyJC18ROGR    (0)    2 :  0.237 0.396 0.367 
729 OmyJC18ROGR    (1)    2 :  0.307 0.538 0.154 
730 OmyJC18ROGR    (0)    2 :  0.514 0.224 0.262 
731 OmyJC18ROGR    (2)    2 :  0.123 0.147 0.730 
732 OmyJC18ROGR    (1)    2 :  0.091 0.534 0.375 
733 OmyJC18ROGR    (0)    2 :  0.630 0.271 0.099 
734 OmyJC18ROGR    (0)    2 :  0.683 0.210 0.107 
735 OmyJC18ROGR    (0)    2 :  0.367 0.539 0.095 
736 OmyJC18ROGR    (0)    2 :  0.579 0.134 0.287 
737 OmyJC18ROGR    (0)    2 :  0.593 0.173 0.234 
738 OmyJC18ROGR    (0)    2 :  0.318 0.271 0.412 
739 OmyJC18ROGR    (0)    2 :  0.233 0.510 0.257 
740 OmyJC18ROGR    (0)    2 :  0.332 0.628 0.041 
741 OmyJC18ROGR    (0)    2 :  0.433 0.165 0.402 
742 OmyJC18ROGR    (0)    2 :  0.357 0.428 0.215 
743 OmyJC18ROGR    (0)    2 :  0.769 0.091 0.141 
744 OmyJC18ROGR    (0)    2 :  0.649 0.272 0.079 
745 OmyJC18ROGR    (0)    2 :  0.650 0.246 0.105 
746 OmyJC18ROGR    (0)    2 :  0.324 0.110 0.566 
747 OmyJC18ROGR    (0)    2 :  0.063 0.041 0.896 
748 OmyJC18ROGR    (2)    2 :  0.684 0.080 0.235 
749 OmyJC18ROGR    (5)    2 :  0.121 0.491 0.388 
750 OmyJC18ROGR    (1)    2 :  0.499 0.287 0.214 
751 OmyJC18ROGR    (0)    2 :  0.492 0.079 0.429 
752 OmyJC18ROGR    (3)    2 :  0.613 0.324 0.063 
753 OmyJC18ROGR    (0)    2 :  0.868 0.069 0.063 
754 OmyJC18ROGR    (0)    2 :  0.543 0.324 0.133 
755 OmyJC18ROGR    (0)    2 :  0.077 0.838 0.085 
756 OmyJC18ROGR    (0)    2 :  0.550 0.115 0.335 
757 OmyJC18ROGR    (0)    2 :  0.206 0.635 0.159 
758 OmyJC18ROGR    (1)    2 :  0.432 0.273 0.295 
759 OmyJC18ROGR    (0)    2 :  0.473 0.313 0.214 
