

----------------------------------------------------
STRUCTURE by Pritchard, Stephens and Donnelly (2000)
     and Falush, Stephens and Pritchard (2003)
       Code by Pritchard, Falush and Hubisz
             Version 2.3.4 (Jul 2012)
----------------------------------------------------



Command line arguments:   bin/structure -m "/Users/ddayan/FRA/premature_migration/Rogue_Half-Pounder/half-pounder/structure/halfpounder_2021/10k_20k_adm_corr/mainparams" -e "/Users/ddayan/FRA/premature_migration/Rogue_Half-Pounder/half-pounder/structure/halfpounder_2021/10k_20k_adm_corr/extraparams" 
Input File:    /Users/ddayan/FRA/premature_migration/Rogue_Half-Pounder/half-pounder/structure/halfpounder_2021/project_data

Run parameters:
   1000 individuals
   328 loci
   6 populations assumed
   10000 Burn-in period
   20000 Reps


--------------------------------------------
Proportion of membership of each pre-defined
 population in each of the 6 clusters

Given    Inferred Clusters                            Number of
 Pop       1      2      3      4      5      6      Individuals

  1:     0.171  0.165  0.177  0.180  0.136  0.170      275
  2:     0.164  0.169  0.169  0.172  0.157  0.169      643
  3:     0.114  0.060  0.072  0.036  0.661  0.058       42
  4:     0.182  0.266  0.233  0.040  0.062  0.218       40
--------------------------------------------

Allele-freq. divergence among pops (Net nucleotide distance),
computed using point estimates of P.

      1       2       3       4       5       6      
 1      -    0.0015  0.0011  0.0084  0.0032  0.0013  
 2   0.0015     -    0.0011  0.0089  0.0044  0.0015  
 3   0.0011  0.0011     -    0.0084  0.0033  0.0008  
 4   0.0084  0.0089  0.0084     -    0.0118  0.0093  
 5   0.0032  0.0044  0.0033  0.0118     -    0.0039  
 6   0.0013  0.0015  0.0008  0.0093  0.0039     -    

Average distances (expected heterozygosity) between individuals in same cluster:
cluster  1  : 0.2919 
cluster  2  : 0.2918 
cluster  3  : 0.2914 
cluster  4  : 0.2589 
cluster  5  : 0.2864 
cluster  6  : 0.2907 

--------------------------------------------
Estimated Ln Prob of Data   = -285882.8
Mean value of ln likelihood = -283345.8
Variance of ln likelihood   = 5074.1
Mean value of alpha         = 0.1541

Mean value of Fst_1         = 0.0127
Mean value of Fst_2         = 0.0153
Mean value of Fst_3         = 0.0104
Mean value of Fst_4         = 0.0757
Mean value of Fst_5         = 0.0267
Mean value of Fst_6         = 0.0138


Inferred ancestry of individuals:
        Label (%Miss) Pop:  Inferred clusters
  1 OmyAC19ROGR    (0)    1 :  0.094 0.053 0.381 0.009 0.203 0.260 
  2 OmyAC19ROGR    (0)    1 :  0.571 0.041 0.104 0.049 0.110 0.125 
  3 OmyAC19ROGR    (0)    1 :  0.315 0.041 0.115 0.049 0.123 0.358 
  4 OmyAC19ROGR    (0)    1 :  0.111 0.207 0.377 0.019 0.084 0.203 
  5 OmyAC19ROGR    (1)    1 :  0.012 0.014 0.011 0.942 0.011 0.010 
  6 OmyAC19ROGR    (0)    1 :  0.070 0.041 0.399 0.124 0.029 0.336 
  7 OmyAC19ROGR    (0)    1 :  0.064 0.399 0.151 0.135 0.129 0.122 
  8 OmyAC19ROGR    (0)    1 :  0.257 0.265 0.224 0.013 0.150 0.091 
  9 OmyAC19ROGR    (0)    1 :  0.173 0.038 0.221 0.222 0.122 0.225 
 10 OmyAC19ROGR    (0)    1 :  0.305 0.071 0.046 0.410 0.106 0.062 
 11 OmyAC19ROGR    (0)    1 :  0.039 0.234 0.329 0.043 0.107 0.247 
 12 OmyAC19ROGR    (0)    1 :  0.083 0.098 0.096 0.081 0.041 0.600 
 13 OmyAC19ROGR    (0)    1 :  0.112 0.584 0.113 0.021 0.106 0.065 
 14 OmyAC19ROGR    (0)    1 :  0.050 0.357 0.095 0.404 0.025 0.069 
 15 OmyAC19ROGR    (0)    1 :  0.029 0.346 0.105 0.412 0.035 0.073 
 16 OmyAC19ROGR    (0)    1 :  0.066 0.291 0.315 0.065 0.099 0.163 
 17 OmyAC19ROGR    (0)    1 :  0.248 0.234 0.233 0.057 0.019 0.208 
 18 OmyAC19ROGR    (2)    1 :  0.373 0.209 0.148 0.017 0.174 0.080 
 19 OmyAC19ROGR    (1)    1 :  0.296 0.350 0.154 0.035 0.111 0.054 
 20 OmyAC19ROGR    (0)    1 :  0.090 0.141 0.269 0.223 0.027 0.250 
 21 OmyAC19ROGR    (1)    1 :  0.339 0.191 0.111 0.180 0.096 0.084 
 22 OmyAC19ROGR    (0)    1 :  0.169 0.171 0.149 0.056 0.226 0.229 
 23 OmyAC19ROGR    (0)    1 :  0.342 0.067 0.218 0.218 0.074 0.080 
 24 OmyAC19ROGR    (0)    1 :  0.050 0.031 0.042 0.016 0.782 0.079 
 25 OmyAC19ROGR    (0)    1 :  0.185 0.321 0.144 0.201 0.058 0.091 
 26 OmyAC19ROGR    (0)    1 :  0.662 0.040 0.046 0.060 0.132 0.059 
 27 OmyAC19ROGR    (1)    1 :  0.060 0.546 0.158 0.035 0.033 0.168 
 28 OmyAC19ROGR    (0)    1 :  0.038 0.017 0.035 0.025 0.854 0.031 
 29 OmyAC19ROGR    (0)    1 :  0.292 0.078 0.434 0.042 0.074 0.081 
 30 OmyAC19ROGR    (0)    1 :  0.143 0.034 0.055 0.680 0.038 0.050 
 31 OmyAC19ROGR    (0)    1 :  0.136 0.103 0.467 0.027 0.092 0.175 
 32 OmyAC19ROGR    (0)    1 :  0.145 0.207 0.256 0.107 0.203 0.082 
 33 OmyAC19ROGR    (1)    1 :  0.130 0.057 0.113 0.098 0.217 0.385 
 34 OmyAC19ROGR    (0)    1 :  0.066 0.185 0.097 0.509 0.060 0.083 
 35 OmyAC19ROGR    (0)    1 :  0.383 0.097 0.076 0.039 0.238 0.167 
 36 OmyAC19ROGR    (0)    1 :  0.344 0.162 0.228 0.112 0.066 0.088 
 37 OmyAC19ROGR    (0)    1 :  0.087 0.068 0.082 0.095 0.604 0.064 
 38 OmyAC19ROGR    (0)    1 :  0.126 0.060 0.052 0.375 0.321 0.065 
 39 OmyAC19ROGR    (0)    1 :  0.720 0.115 0.050 0.042 0.025 0.048 
 40 OmyAC19ROGR    (0)    1 :  0.138 0.193 0.053 0.297 0.033 0.286 
 41 OmyAC19ROGR    (1)    1 :  0.072 0.521 0.135 0.036 0.071 0.166 
 42 OmyAC19ROGR    (0)    1 :  0.035 0.042 0.034 0.836 0.015 0.039 
 43 OmyAC19ROGR    (0)    1 :  0.218 0.074 0.081 0.028 0.102 0.498 
 44 OmyAC19ROGR    (6)    1 :  0.176 0.049 0.282 0.029 0.065 0.398 
 45 OmyAC19ROGR    (1)    1 :  0.056 0.062 0.151 0.316 0.204 0.210 
 46 OmyAC19ROGR    (0)    1 :  0.287 0.066 0.113 0.058 0.340 0.137 
 47 OmyAC19ROGR    (0)    1 :  0.060 0.047 0.088 0.046 0.678 0.081 
 48 OmyAC19ROGR    (0)    1 :  0.177 0.118 0.381 0.029 0.108 0.187 
 49 OmyAC19ROGR    (0)    1 :  0.154 0.128 0.207 0.026 0.250 0.235 
 50 OmyAC19ROGR    (0)    1 :  0.141 0.429 0.076 0.016 0.024 0.315 
 51 OmyAC19ROGR    (2)    1 :  0.041 0.071 0.063 0.722 0.034 0.069 
 52 OmyAC19ROGR    (0)    1 :  0.037 0.028 0.034 0.842 0.028 0.032 
 53 OmyAC19ROGR    (1)    1 :  0.076 0.036 0.074 0.029 0.660 0.125 
 54 OmyAC19ROGR    (0)    1 :  0.169 0.108 0.112 0.053 0.447 0.110 
 55 OmyAC19ROGR    (3)    1 :  0.154 0.244 0.089 0.068 0.038 0.406 
 56 OmyAC19ROGR    (0)    1 :  0.056 0.128 0.091 0.049 0.632 0.043 
 57 OmyAC19ROGR    (0)    1 :  0.096 0.087 0.098 0.015 0.630 0.074 
 58 OmyAC19ROGR    (0)    1 :  0.071 0.048 0.136 0.659 0.046 0.040 
 59 OmyAC19ROGR    (0)    1 :  0.065 0.125 0.091 0.016 0.530 0.174 
 60 OmyAC19ROGR    (1)    1 :  0.107 0.235 0.416 0.070 0.073 0.099 
 61 OmyAC19ROGR    (0)    1 :  0.150 0.129 0.197 0.042 0.349 0.133 
 62 OmyAC19ROGR    (0)    1 :  0.306 0.054 0.253 0.025 0.059 0.303 
 63 OmyAC19ROGR    (0)    1 :  0.065 0.085 0.122 0.234 0.371 0.122 
 64 OmyAC19ROGR    (2)    1 :  0.095 0.173 0.218 0.067 0.076 0.372 
 65 OmyAC19ROGR    (0)    1 :  0.115 0.290 0.268 0.036 0.104 0.186 
 66 OmyAC19ROGR    (3)    1 :  0.120 0.503 0.061 0.222 0.034 0.060 
 67 OmyAC19ROGR    (0)    1 :  0.089 0.125 0.222 0.023 0.481 0.060 
 68 OmyAC19ROGR    (1)    1 :  0.432 0.062 0.115 0.037 0.251 0.103 
 69 OmyAC19ROGR    (2)    1 :  0.106 0.066 0.117 0.154 0.522 0.036 
 70 OmyAC19ROGR    (0)    1 :  0.299 0.139 0.061 0.027 0.156 0.319 
 71 OmyAC19ROGR    (0)    1 :  0.094 0.231 0.417 0.035 0.101 0.123 
 72 OmyAC19ROGR    (4)    1 :  0.115 0.091 0.506 0.018 0.076 0.194 
 73 OmyAC19ROGR    (0)    1 :  0.293 0.058 0.096 0.156 0.155 0.243 
 74 OmyAC19ROGR    (0)    1 :  0.071 0.131 0.106 0.020 0.025 0.647 
 75 OmyAC19ROGR    (0)    1 :  0.182 0.223 0.171 0.113 0.197 0.114 
 76 OmyAC19ROGR    (0)    1 :  0.140 0.041 0.051 0.042 0.653 0.073 
 77 OmyAC19ROGR    (1)    1 :  0.014 0.013 0.019 0.924 0.012 0.017 
 78 OmyAC19ROGR    (0)    1 :  0.414 0.135 0.157 0.029 0.060 0.206 
 79 OmyAC19ROGR    (2)    1 :  0.403 0.106 0.203 0.034 0.104 0.150 
 80 OmyAC19ROGR    (1)    1 :  0.038 0.067 0.061 0.701 0.082 0.050 
 81 OmyAC19ROGR    (2)    1 :  0.107 0.091 0.237 0.391 0.067 0.106 
 82 OmyAC19ROGR    (1)    1 :  0.094 0.055 0.063 0.014 0.628 0.147 
 83 OmyAC19ROGR    (0)    1 :  0.167 0.311 0.087 0.032 0.295 0.108 
 84 OmyAC19ROGR    (0)    1 :  0.517 0.089 0.145 0.102 0.042 0.106 
 85 OmyAC19ROGR    (5)    1 :  0.275 0.201 0.274 0.024 0.142 0.085 
 86 OmyAC19ROGR    (0)    1 :  0.089 0.540 0.100 0.079 0.022 0.170 
 87 OmyAC19ROGR    (1)    1 :  0.447 0.069 0.142 0.027 0.215 0.100 
 88 OmyJC19ROGR    (0)    2 :  0.049 0.043 0.028 0.827 0.016 0.036 
 89 OmyJC19ROGR    (0)    2 :  0.676 0.127 0.045 0.032 0.041 0.079 
 90 OmyJC19ROGR    (0)    2 :  0.014 0.019 0.023 0.907 0.014 0.023 
 91 OmyJC19ROGR    (1)    2 :  0.168 0.200 0.160 0.011 0.310 0.151 
 92 OmyJC19ROGR    (0)    2 :  0.079 0.076 0.107 0.039 0.640 0.058 
 93 OmyJC19ROGR    (0)    2 :  0.049 0.045 0.094 0.013 0.766 0.033 
 94 OmyJC19ROGR    (0)    2 :  0.167 0.118 0.138 0.114 0.031 0.432 
 95 OmyJC19ROGR    (0)    2 :  0.578 0.065 0.068 0.062 0.023 0.204 
 96 OmyJC19ROGR    (0)    2 :  0.076 0.446 0.187 0.053 0.048 0.189 
 97 OmyJC19ROGR    (0)    2 :  0.056 0.023 0.030 0.144 0.693 0.054 
 98 OmyJC19ROGR    (0)    2 :  0.103 0.121 0.404 0.028 0.105 0.240 
 99 OmyJC19ROGR    (0)    2 :  0.053 0.088 0.195 0.060 0.448 0.155 
100 OmyJC19ROGR    (1)    2 :  0.509 0.123 0.212 0.025 0.046 0.084 
101 OmyJC19ROGR    (0)    2 :  0.169 0.052 0.092 0.480 0.135 0.073 
102 OmyJC19ROGR    (0)    2 :  0.227 0.316 0.221 0.061 0.038 0.138 
103 OmyJC19ROGR    (0)    2 :  0.499 0.072 0.165 0.093 0.093 0.078 
104 OmyJC19ROGR    (0)    2 :  0.316 0.043 0.164 0.023 0.340 0.114 
105 OmyJC19ROGR    (0)    2 :  0.026 0.044 0.115 0.122 0.476 0.218 
106 OmyJC19ROGR    (0)    2 :  0.022 0.014 0.012 0.913 0.026 0.013 
107 OmyJC19ROGR    (1)    2 :  0.038 0.293 0.373 0.081 0.129 0.087 
108 OmyJC19ROGR    (0)    2 :  0.085 0.186 0.333 0.050 0.192 0.154 
109 OmyJC19ROGR    (0)    2 :  0.126 0.477 0.136 0.148 0.019 0.094 
110 OmyJC19ROGR    (0)    2 :  0.086 0.043 0.092 0.245 0.469 0.065 
111 OmyJC19ROGR    (1)    2 :  0.094 0.124 0.193 0.069 0.453 0.067 
112 OmyJC19ROGR    (2)    2 :  0.083 0.155 0.294 0.082 0.046 0.340 
113 OmyJC19ROGR    (0)    2 :  0.107 0.127 0.062 0.585 0.040 0.079 
114 OmyJC19ROGR    (3)    2 :  0.585 0.124 0.124 0.024 0.055 0.087 
115 OmyJC19ROGR    (1)    2 :  0.070 0.020 0.069 0.042 0.182 0.616 
116 OmyJC19ROGR    (0)    2 :  0.682 0.077 0.068 0.064 0.037 0.071 
117 OmyJC19ROGR    (0)    2 :  0.187 0.095 0.392 0.117 0.044 0.165 
118 OmyJC19ROGR    (0)    2 :  0.476 0.136 0.073 0.017 0.080 0.218 
119 OmyJC19ROGR    (2)    2 :  0.175 0.334 0.289 0.032 0.046 0.124 
120 OmyJC19ROGR    (0)    2 :  0.033 0.031 0.038 0.008 0.867 0.023 
121 OmyJC19ROGR    (0)    2 :  0.248 0.257 0.090 0.031 0.033 0.340 
122 OmyJC19ROGR    (0)    2 :  0.376 0.150 0.167 0.050 0.102 0.156 
123 OmyJC19ROGR    (0)    2 :  0.199 0.343 0.150 0.020 0.111 0.178 
124 OmyJC19ROGR    (0)    2 :  0.104 0.095 0.098 0.094 0.033 0.576 
125 OmyJC19ROGR    (0)    2 :  0.255 0.043 0.134 0.094 0.299 0.175 
126 OmyJC19ROGR    (1)    2 :  0.036 0.057 0.092 0.689 0.035 0.092 
127 OmyJC19ROGR    (0)    2 :  0.043 0.696 0.124 0.035 0.040 0.062 
128 OmyJC19ROGR    (1)    2 :  0.231 0.073 0.116 0.027 0.491 0.062 
129 OmyJC19ROGR    (0)    2 :  0.310 0.048 0.237 0.232 0.107 0.066 
130 OmyJC19ROGR    (2)    2 :  0.177 0.081 0.091 0.036 0.021 0.593 
131 OmyJC19ROGR    (0)    2 :  0.361 0.067 0.159 0.053 0.124 0.236 
132 OmyJC19ROGR    (1)    2 :  0.149 0.100 0.240 0.028 0.396 0.086 
133 OmyJC19ROGR    (0)    2 :  0.387 0.090 0.234 0.017 0.073 0.199 
134 OmyJC19ROGR    (0)    2 :  0.310 0.395 0.080 0.043 0.084 0.088 
135 OmyJC19ROGR    (1)    2 :  0.029 0.015 0.078 0.021 0.827 0.031 
136 OmyJC19ROGR    (3)    2 :  0.556 0.123 0.098 0.030 0.078 0.114 
137 OmyJC19ROGR    (0)    2 :  0.049 0.535 0.066 0.149 0.037 0.165 
138 OmyJC19ROGR    (0)    2 :  0.095 0.050 0.056 0.690 0.023 0.085 
139 OmyJC19ROGR    (2)    2 :  0.316 0.098 0.163 0.018 0.047 0.358 
140 OmyJC19ROGR    (2)    2 :  0.184 0.373 0.148 0.085 0.064 0.146 
141 OmyJC19ROGR    (0)    2 :  0.208 0.218 0.169 0.233 0.095 0.077 
142 OmyJC19ROGR    (0)    2 :  0.135 0.133 0.156 0.262 0.158 0.157 
143 OmyJC19ROGR    (0)    2 :  0.074 0.039 0.120 0.040 0.593 0.134 
144 OmyJC19ROGR    (0)    2 :  0.360 0.111 0.315 0.015 0.044 0.156 
145 OmyJC19ROGR    (0)    2 :  0.093 0.090 0.311 0.024 0.031 0.451 
146 OmyJC19ROGR    (1)    2 :  0.192 0.068 0.062 0.061 0.526 0.089 
147 OmyJC19ROGR    (0)    2 :  0.100 0.465 0.181 0.046 0.117 0.090 
148 OmyJC19ROGR    (0)    2 :  0.033 0.204 0.436 0.019 0.106 0.202 
149 OmyJC19ROGR    (1)    2 :  0.192 0.114 0.186 0.046 0.372 0.091 
150 OmyJC19ROGR    (1)    2 :  0.208 0.136 0.165 0.041 0.373 0.076 
151 OmyJC19ROGR    (0)    2 :  0.408 0.222 0.094 0.071 0.108 0.097 
152 OmyJC19ROGR    (0)    2 :  0.042 0.108 0.586 0.022 0.082 0.158 
153 OmyJC19ROGR    (0)    2 :  0.026 0.025 0.048 0.025 0.855 0.022 
154 OmyJC19ROGR    (1)    2 :  0.212 0.250 0.145 0.054 0.040 0.298 
155 OmyJC19ROGR    (0)    2 :  0.259 0.188 0.190 0.060 0.176 0.127 
156 OmyJC19ROGR    (1)    2 :  0.086 0.293 0.135 0.083 0.150 0.253 
157 OmyJC19ROGR    (0)    2 :  0.180 0.066 0.396 0.057 0.162 0.140 
158 OmyJC19ROGR    (0)    2 :  0.248 0.153 0.316 0.014 0.106 0.162 
159 OmyJC19ROGR    (0)    2 :  0.180 0.216 0.270 0.028 0.028 0.279 
160 OmyJC19ROGR    (0)    2 :  0.049 0.256 0.186 0.044 0.185 0.281 
161 OmyJC19ROGR    (0)    2 :  0.072 0.165 0.201 0.020 0.208 0.335 
162 OmyJC19ROGR    (0)    2 :  0.082 0.240 0.485 0.036 0.091 0.067 
163 OmyJC19ROGR    (0)    2 :  0.059 0.090 0.223 0.031 0.507 0.091 
164 OmyJC19ROGR    (0)    2 :  0.161 0.249 0.187 0.021 0.061 0.322 
165 OmyJC19ROGR    (0)    2 :  0.070 0.127 0.532 0.017 0.114 0.141 
166 OmyJC19ROGR    (0)    2 :  0.201 0.186 0.180 0.035 0.046 0.353 
167 OmyJC19ROGR    (1)    2 :  0.195 0.135 0.150 0.067 0.321 0.133 
168 OmyJC19ROGR    (0)    2 :  0.696 0.081 0.091 0.038 0.047 0.048 
169 OmyJC19ROGR    (0)    2 :  0.018 0.024 0.016 0.911 0.012 0.020 
170 OmyJC19ROGR    (0)    2 :  0.058 0.056 0.179 0.044 0.605 0.058 
171 OmyJC19ROGR    (0)    2 :  0.112 0.161 0.239 0.023 0.085 0.380 
172 OmyJC19ROGR    (0)    2 :  0.142 0.090 0.104 0.269 0.341 0.055 
173 OmyJC19ROGR    (0)    2 :  0.026 0.025 0.033 0.867 0.023 0.027 
174 OmyJC19ROGR    (0)    2 :  0.207 0.060 0.201 0.028 0.108 0.396 
175 OmyJC19ROGR    (0)    2 :  0.448 0.128 0.194 0.019 0.037 0.174 
176 OmyJC19ROGR    (0)    2 :  0.193 0.104 0.129 0.057 0.475 0.041 
177 OmyJC19ROGR    (0)    2 :  0.027 0.023 0.066 0.014 0.807 0.063 
178 OmyJC19ROGR    (0)    2 :  0.055 0.572 0.164 0.029 0.016 0.165 
179 OmyJC19ROGR    (0)    2 :  0.147 0.124 0.191 0.013 0.323 0.201 
180 OmyJC19ROGR    (0)    2 :  0.050 0.022 0.028 0.842 0.036 0.022 
181 OmyJC19ROGR    (0)    2 :  0.159 0.122 0.195 0.034 0.049 0.442 
182 OmyJC19ROGR    (0)    2 :  0.188 0.270 0.243 0.122 0.078 0.100 
183 OmyJC19ROGR    (0)    2 :  0.090 0.207 0.430 0.025 0.061 0.186 
184 OmyJC19ROGR    (0)    2 :  0.055 0.114 0.125 0.570 0.107 0.030 
185 OmyJC19ROGR    (1)    2 :  0.882 0.018 0.014 0.009 0.024 0.054 
186 OmyJC19ROGR    (0)    2 :  0.147 0.045 0.148 0.078 0.495 0.087 
187 OmyJC19ROGR    (0)    2 :  0.028 0.032 0.174 0.017 0.041 0.708 
188 OmyJC19ROGR    (0)    2 :  0.081 0.090 0.360 0.026 0.099 0.344 
189 OmyJC19ROGR    (0)    2 :  0.273 0.103 0.138 0.127 0.250 0.109 
190 OmyJC19ROGR    (0)    2 :  0.111 0.062 0.085 0.027 0.647 0.068 
191 OmyJC19ROGR    (0)    2 :  0.063 0.035 0.196 0.025 0.264 0.416 
192 OmyJC19ROGR    (0)    2 :  0.059 0.727 0.112 0.032 0.019 0.052 
193 OmyJC19ROGR    (1)    2 :  0.121 0.273 0.164 0.085 0.099 0.258 
194 OmyJC19ROGR    (0)    2 :  0.076 0.744 0.063 0.015 0.048 0.053 
195 OmyJC19ROGR    (0)    2 :  0.049 0.042 0.050 0.773 0.018 0.068 
196 OmyJC19ROGR    (0)    2 :  0.149 0.030 0.213 0.024 0.023 0.561 
197 OmyJC19ROGR    (0)    2 :  0.121 0.178 0.133 0.043 0.320 0.205 
198 OmyJC19ROGR    (0)    2 :  0.058 0.077 0.057 0.703 0.057 0.049 
199 OmyJC19ROGR    (0)    2 :  0.485 0.155 0.142 0.014 0.064 0.141 
200 OmyJC19ROGR    (0)    2 :  0.177 0.064 0.047 0.054 0.589 0.069 
201 OmyJC19ROGR    (0)    2 :  0.093 0.157 0.253 0.018 0.059 0.420 
202 OmyJC19ROGR    (0)    2 :  0.045 0.067 0.022 0.009 0.818 0.039 
203 OmyJC19ROGR    (0)    2 :  0.060 0.146 0.206 0.033 0.068 0.487 
204 OmyJC19ROGR    (0)    2 :  0.047 0.206 0.292 0.029 0.106 0.320 
205 OmyJC19ROGR    (0)    2 :  0.092 0.059 0.130 0.087 0.064 0.569 
206 OmyJC19ROGR    (0)    2 :  0.061 0.035 0.032 0.803 0.032 0.037 
207 OmyJC19ROGR    (0)    2 :  0.165 0.123 0.200 0.211 0.080 0.222 
208 OmyJC19ROGR    (0)    2 :  0.085 0.373 0.341 0.028 0.043 0.131 
209 OmyJC19ROGR    (0)    2 :  0.183 0.044 0.062 0.463 0.203 0.046 
210 OmyJC19ROGR    (0)    2 :  0.028 0.025 0.026 0.873 0.012 0.036 
211 OmyJC19ROGR    (0)    2 :  0.614 0.128 0.076 0.076 0.065 0.041 
212 OmyJC19ROGR    (1)    2 :  0.043 0.100 0.210 0.140 0.415 0.092 
213 OmyJC19ROGR    (1)    2 :  0.242 0.087 0.260 0.025 0.047 0.340 
214 OmyJC19ROGR    (0)    2 :  0.044 0.072 0.323 0.024 0.028 0.509 
215 OmyJC19ROGR    (0)    2 :  0.083 0.727 0.066 0.021 0.042 0.060 
216 OmyJC19ROGR    (0)    2 :  0.035 0.044 0.037 0.750 0.027 0.107 
217 OmyJC19ROGR    (0)    2 :  0.080 0.168 0.286 0.319 0.056 0.091 
218 OmyJC19ROGR    (0)    2 :  0.072 0.073 0.311 0.023 0.347 0.174 
219 OmyJC19ROGR    (0)    2 :  0.129 0.494 0.139 0.063 0.022 0.154 
220 OmyJC19ROGR    (0)    2 :  0.225 0.191 0.282 0.009 0.116 0.177 
221 OmyJC19ROGR    (0)    2 :  0.204 0.055 0.330 0.165 0.047 0.199 
222 OmyJC19ROGR    (0)    2 :  0.066 0.145 0.168 0.030 0.241 0.350 
223 OmyJC19ROGR    (0)    2 :  0.093 0.216 0.375 0.033 0.058 0.225 
224 OmyJC19ROGR    (0)    2 :  0.142 0.520 0.155 0.020 0.054 0.110 
225 OmyJC19ROGR    (0)    2 :  0.018 0.017 0.018 0.918 0.013 0.015 
226 OmyJC19ROGR    (0)    2 :  0.592 0.107 0.109 0.114 0.021 0.057 
227 OmyJC19ROGR    (1)    2 :  0.024 0.017 0.019 0.871 0.032 0.037 
228 OmyJC19ROGR    (0)    2 :  0.094 0.329 0.086 0.032 0.032 0.426 
229 OmyJC19ROGR    (1)    2 :  0.067 0.039 0.684 0.018 0.087 0.105 
230 OmyJC19ROGR    (0)    2 :  0.054 0.029 0.547 0.105 0.083 0.182 
231 OmyJC19ROGR    (0)    2 :  0.211 0.209 0.247 0.065 0.047 0.221 
232 OmyJC19ROGR    (1)    2 :  0.678 0.087 0.053 0.028 0.068 0.087 
233 OmyJC19ROGR    (0)    2 :  0.071 0.096 0.589 0.077 0.073 0.093 
234 OmyJC19ROGR    (0)    2 :  0.030 0.018 0.029 0.883 0.024 0.016 
235 OmyJC19ROGR    (0)    2 :  0.086 0.102 0.062 0.608 0.099 0.042 
236 OmyJC19ROGR    (1)    2 :  0.056 0.413 0.328 0.016 0.117 0.070 
237 OmyJC19ROGR    (0)    2 :  0.103 0.351 0.186 0.045 0.133 0.182 
238 OmyJC19ROGR    (0)    2 :  0.047 0.168 0.560 0.064 0.035 0.125 
239 OmyJC19ROGR    (0)    2 :  0.390 0.300 0.157 0.053 0.061 0.039 
240 OmyJC19ROGR    (0)    2 :  0.333 0.147 0.132 0.032 0.070 0.287 
241 OmyJC19ROGR    (0)    2 :  0.124 0.128 0.117 0.081 0.385 0.165 
242 OmyJC19ROGR    (0)    2 :  0.067 0.672 0.104 0.014 0.112 0.033 
243 OmyJC19ROGR    (0)    2 :  0.105 0.136 0.132 0.041 0.256 0.330 
244 OmyJC19ROGR    (0)    2 :  0.064 0.089 0.321 0.052 0.241 0.232 
245 OmyJC19ROGR    (0)    2 :  0.030 0.013 0.017 0.909 0.015 0.016 
246 OmyJC19ROGR    (0)    2 :  0.063 0.060 0.117 0.147 0.498 0.115 
247 OmyJC19ROGR    (0)    2 :  0.038 0.064 0.133 0.568 0.108 0.089 
248 OmyJC19ROGR    (0)    2 :  0.291 0.067 0.081 0.453 0.045 0.062 
249 OmyJC19ROGR    (0)    2 :  0.172 0.109 0.266 0.037 0.032 0.385 
250 OmyJC19ROGR    (0)    2 :  0.144 0.187 0.396 0.074 0.083 0.115 
251 OmyJC19ROGR    (0)    2 :  0.199 0.096 0.143 0.031 0.045 0.487 
252 OmyJC19ROGR    (0)    2 :  0.076 0.026 0.098 0.020 0.741 0.039 
253 OmyJC19ROGR    (0)    2 :  0.364 0.215 0.203 0.069 0.046 0.103 
254 OmyJC19ROGR    (0)    2 :  0.100 0.056 0.299 0.040 0.385 0.120 
255 OmyJC19ROGR    (0)    2 :  0.208 0.036 0.104 0.025 0.380 0.247 
256 OmyJC19ROGR    (0)    2 :  0.068 0.064 0.126 0.270 0.231 0.243 
257 OmyJC19ROGR    (0)    2 :  0.114 0.045 0.253 0.055 0.045 0.487 
258 OmyAC19ROGR    (0)    1 :  0.203 0.355 0.059 0.115 0.100 0.168 
259 OmyAC19ROGR    (1)    1 :  0.184 0.247 0.093 0.323 0.053 0.101 
260 OmyAC19ROGR    (0)    1 :  0.105 0.650 0.127 0.018 0.044 0.055 
261 OmyAC19ROGR    (0)    1 :  0.268 0.107 0.486 0.035 0.027 0.077 
262 OmyAC19ROGR    (0)    1 :  0.507 0.105 0.153 0.074 0.074 0.088 
263 OmyAC19ROGR    (0)    1 :  0.047 0.098 0.227 0.042 0.415 0.170 
264 OmyAC19ROGR    (0)    1 :  0.125 0.129 0.284 0.033 0.058 0.370 
265 OmyAC19ROGR    (0)    1 :  0.163 0.124 0.231 0.038 0.148 0.297 
266 OmyAC19ROGR    (0)    1 :  0.092 0.055 0.268 0.019 0.040 0.525 
267 OmyAC19ROGR    (0)    1 :  0.308 0.135 0.171 0.106 0.069 0.211 
268 OmyAC19ROGR    (1)    1 :  0.176 0.099 0.163 0.128 0.310 0.124 
269 OmyAC19ROGR    (1)    1 :  0.291 0.238 0.165 0.114 0.048 0.145 
270 OmyAC19ROGR    (0)    1 :  0.218 0.027 0.314 0.016 0.256 0.169 
271 OmyAC19ROGR    (0)    1 :  0.262 0.219 0.233 0.180 0.059 0.046 
272 OmyAC19ROGR    (0)    1 :  0.062 0.106 0.095 0.113 0.025 0.598 
273 OmyAC19ROGR    (0)    1 :  0.168 0.348 0.196 0.034 0.082 0.171 
274 OmyAC19ROGR    (0)    1 :  0.081 0.036 0.057 0.739 0.032 0.054 
275 OmyAC19ROGR    (0)    1 :  0.204 0.239 0.144 0.068 0.269 0.076 
276 OmyAC19ROGR    (0)    1 :  0.121 0.494 0.066 0.047 0.052 0.219 
277 OmyAC19ROGR    (0)    1 :  0.291 0.372 0.146 0.054 0.028 0.111 
278 OmyAC19ROGR    (0)    1 :  0.073 0.124 0.267 0.284 0.048 0.205 
279 OmyAC19ROGR    (0)    1 :  0.081 0.654 0.051 0.124 0.030 0.060 
280 OmyAC19ROGR    (0)    1 :  0.500 0.050 0.104 0.068 0.200 0.079 
281 OmyAC19ROGR    (0)    1 :  0.386 0.270 0.111 0.039 0.060 0.135 
282 OmyAC19ROGR    (0)    1 :  0.397 0.091 0.168 0.125 0.101 0.118 
283 OmyAC19ROGR    (0)    1 :  0.164 0.295 0.232 0.035 0.053 0.220 
284 OmyAC19ROGR    (0)    1 :  0.039 0.063 0.245 0.022 0.089 0.542 
285 OmyAC19ROGR    (0)    1 :  0.121 0.209 0.237 0.037 0.218 0.178 
286 OmyAC19ROGR    (0)    1 :  0.067 0.199 0.171 0.020 0.161 0.382 
287 OmyAC19ROGR    (0)    1 :  0.012 0.008 0.010 0.953 0.007 0.009 
288 OmyAC19ROGR    (0)    1 :  0.045 0.063 0.068 0.744 0.034 0.046 
289 OmyAC19ROGR    (0)    1 :  0.107 0.426 0.196 0.100 0.064 0.107 
290 OmyAC19ROGR    (1)    1 :  0.015 0.014 0.017 0.927 0.015 0.013 
291 OmyAC19ROGR    (0)    1 :  0.104 0.068 0.234 0.374 0.110 0.110 
292 OmyAC19ROGR    (1)    1 :  0.300 0.224 0.064 0.157 0.058 0.198 
293 OmyAC19ROGR    (0)    1 :  0.059 0.076 0.143 0.018 0.611 0.092 
294 OmyAC19ROGR    (0)    1 :  0.080 0.252 0.226 0.311 0.038 0.094 
295 OmyAC19ROGR    (0)    1 :  0.139 0.321 0.151 0.021 0.098 0.271 
296 OmyAC19ROGR    (0)    1 :  0.099 0.456 0.115 0.030 0.138 0.161 
297 OmyAC19ROGR    (0)    1 :  0.078 0.053 0.051 0.724 0.018 0.076 
298 OmyAC19ROGR    (0)    1 :  0.040 0.604 0.097 0.021 0.041 0.198 
299 OmyAC19ROGR    (0)    1 :  0.120 0.139 0.284 0.190 0.204 0.064 
300 OmyAC19ROGR    (0)    1 :  0.420 0.202 0.167 0.022 0.063 0.125 
301 OmyAC19ROGR    (0)    1 :  0.024 0.037 0.023 0.874 0.013 0.028 
302 OmyAC19ROGR    (0)    1 :  0.066 0.236 0.102 0.448 0.051 0.096 
303 OmyAC19ROGR    (0)    1 :  0.168 0.454 0.073 0.079 0.031 0.193 
304 OmyAC19ROGR    (0)    1 :  0.095 0.622 0.067 0.094 0.052 0.071 
305 OmyAC19ROGR    (0)    1 :  0.132 0.327 0.341 0.024 0.055 0.121 
306 OmyAC19ROGR    (0)    1 :  0.080 0.081 0.084 0.616 0.019 0.120 
307 OmyAC19ROGR    (1)    1 :  0.444 0.104 0.132 0.018 0.160 0.141 
308 OmyAC19ROGR    (0)    1 :  0.330 0.118 0.230 0.073 0.028 0.221 
309 OmyAC19ROGR    (1)    1 :  0.030 0.023 0.034 0.859 0.018 0.036 
310 OmyAC19ROGR    (0)    1 :  0.366 0.078 0.094 0.307 0.036 0.120 
311 OmyAC19ROGR    (0)    1 :  0.099 0.229 0.116 0.436 0.050 0.070 
312 OmyAC19ROGR    (0)    1 :  0.117 0.125 0.288 0.028 0.395 0.048 
313 OmyAC19ROGR    (0)    1 :  0.126 0.161 0.298 0.017 0.091 0.306 
314 OmyAC19ROGR    (0)    1 :  0.095 0.074 0.174 0.037 0.527 0.092 
315 OmyAC19ROGR    (0)    1 :  0.123 0.168 0.286 0.048 0.090 0.285 
316 OmyAC19ROGR    (0)    1 :  0.351 0.103 0.247 0.023 0.053 0.224 
317 OmyAC19ROGR    (0)    1 :  0.376 0.109 0.086 0.025 0.369 0.036 
318 OmyAC19ROGR    (0)    1 :  0.164 0.059 0.125 0.019 0.378 0.255 
319 OmyAC19ROGR    (1)    1 :  0.045 0.448 0.216 0.013 0.085 0.193 
320 OmyAC19ROGR    (0)    1 :  0.021 0.123 0.440 0.008 0.042 0.366 
321 OmyAC19ROGR    (0)    1 :  0.226 0.294 0.168 0.020 0.057 0.235 
322 OmyAC19ROGR    (0)    1 :  0.229 0.093 0.043 0.440 0.044 0.151 
323 OmyAC19ROGR    (0)    1 :  0.038 0.275 0.364 0.024 0.026 0.273 
324 OmyAC19ROGR    (0)    1 :  0.087 0.041 0.041 0.022 0.049 0.760 
325 OmyAC19ROGR    (0)    1 :  0.541 0.047 0.117 0.187 0.023 0.084 
326 OmyAC19ROGR    (0)    1 :  0.097 0.108 0.457 0.041 0.037 0.260 
327 OmyAC19ROGR    (0)    1 :  0.034 0.112 0.099 0.026 0.086 0.644 
328 OmyAC20ROGR    (1)    1 :  0.102 0.299 0.317 0.021 0.145 0.116 
329 OmyAC20ROGR    (0)    1 :  0.235 0.185 0.257 0.064 0.188 0.071 
330 OmyAC20ROGR    (0)    1 :  0.109 0.115 0.313 0.058 0.172 0.234 
331 OmyAC20ROGR    (0)    1 :  0.045 0.038 0.528 0.191 0.071 0.126 
332 OmyAC20ROGR    (0)    1 :  0.162 0.083 0.102 0.198 0.142 0.313 
333 OmyAC20ROGR    (0)    1 :  0.051 0.046 0.321 0.245 0.241 0.096 
334 OmyAC20ROGR    (0)    1 :  0.299 0.109 0.060 0.018 0.355 0.158 
335 OmyAC20ROGR    (0)    1 :  0.207 0.161 0.226 0.034 0.148 0.224 
336 OmyAC20ROGR    (0)    1 :  0.528 0.143 0.132 0.076 0.047 0.074 
337 OmyAC20ROGR    (0)    1 :  0.106 0.185 0.139 0.411 0.054 0.104 
338 OmyAC20ROGR    (0)    1 :  0.338 0.067 0.126 0.115 0.190 0.164 
339 OmyAC20ROGR    (0)    1 :  0.131 0.318 0.181 0.070 0.075 0.225 
340 OmyAC20ROGR    (0)    1 :  0.080 0.031 0.083 0.036 0.719 0.050 
341 OmyAC20ROGR    (0)    1 :  0.087 0.045 0.069 0.062 0.655 0.083 
342 OmyAC20ROGR    (0)    1 :  0.089 0.160 0.212 0.135 0.260 0.143 
343 OmyAC20ROGR    (0)    1 :  0.346 0.063 0.144 0.037 0.197 0.212 
344 OmyAC20ROGR    (0)    1 :  0.100 0.072 0.071 0.136 0.250 0.371 
345 OmyAC20ROGR    (1)    1 :  0.527 0.079 0.125 0.106 0.027 0.135 
346 OmyAC20ROGR    (0)    1 :  0.216 0.051 0.320 0.139 0.080 0.195 
347 OmyAC20ROGR    (0)    1 :  0.147 0.106 0.228 0.216 0.073 0.230 
348 OmyAC20ROGR    (0)    1 :  0.044 0.055 0.078 0.168 0.571 0.085 
349 OmyAC20ROGR    (0)    1 :  0.277 0.049 0.144 0.037 0.216 0.276 
350 OmyAC20ROGR    (0)    1 :  0.086 0.283 0.473 0.052 0.038 0.068 
351 OmyAC20ROGR    (0)    1 :  0.271 0.102 0.133 0.082 0.216 0.195 
352 OmyAC20ROGR    (0)    1 :  0.102 0.418 0.220 0.038 0.082 0.140 
353 OmyAC20ROGR    (0)    1 :  0.182 0.037 0.551 0.019 0.060 0.152 
354 OmyAC20ROGR    (0)    1 :  0.296 0.073 0.133 0.205 0.228 0.066 
355 OmyAC20ROGR    (0)    1 :  0.320 0.068 0.245 0.040 0.250 0.078 
356 OmyAC20ROGR    (0)    1 :  0.214 0.334 0.087 0.039 0.127 0.199 
357 OmyAC20ROGR    (0)    1 :  0.120 0.234 0.256 0.081 0.040 0.269 
358 OmyAC20ROGR    (0)    1 :  0.053 0.194 0.462 0.028 0.068 0.195 
359 OmyAC20ROGR    (0)    1 :  0.077 0.659 0.041 0.169 0.019 0.036 
360 OmyAC20ROGR    (0)    1 :  0.248 0.101 0.190 0.179 0.069 0.213 
361 OmyAC20ROGR    (0)    1 :  0.030 0.302 0.122 0.034 0.030 0.483 
362 OmyAC20ROGR    (0)    1 :  0.147 0.161 0.583 0.025 0.026 0.058 
363 OmyAC20ROGR    (0)    1 :  0.116 0.057 0.414 0.095 0.212 0.106 
364 OmyAC20ROGR    (1)    1 :  0.081 0.292 0.135 0.027 0.394 0.070 
365 OmyAC20ROGR    (0)    1 :  0.191 0.112 0.217 0.014 0.043 0.424 
366 OmyAC20ROGR    (0)    1 :  0.133 0.052 0.180 0.026 0.179 0.430 
367 OmyAC20ROGR    (0)    1 :  0.094 0.080 0.089 0.075 0.043 0.619 
368 OmyAC20ROGR    (1)    1 :  0.141 0.468 0.202 0.071 0.045 0.072 
369 OmyAC20ROGR    (0)    1 :  0.200 0.100 0.211 0.246 0.197 0.047 
370 OmyAC20ROGR    (0)    1 :  0.110 0.051 0.047 0.673 0.045 0.075 
371 OmyAC20ROGR    (0)    1 :  0.053 0.051 0.037 0.803 0.024 0.031 
372 OmyAC20ROGR    (2)    1 :  0.023 0.014 0.026 0.897 0.015 0.025 
373 OmyAC20ROGR    (0)    1 :  0.073 0.071 0.123 0.394 0.035 0.303 
374 OmyAC20ROGR    (0)    1 :  0.126 0.225 0.051 0.018 0.092 0.487 
375 OmyAC20ROGR    (0)    1 :  0.036 0.069 0.731 0.050 0.033 0.080 
376 OmyAC20ROGR    (0)    1 :  0.332 0.059 0.130 0.397 0.031 0.050 
377 OmyAC20ROGR    (0)    1 :  0.065 0.078 0.236 0.017 0.254 0.350 
378 OmyAC20ROGR    (0)    1 :  0.299 0.153 0.298 0.019 0.158 0.073 
379 OmyAC20ROGR    (0)    1 :  0.133 0.086 0.122 0.423 0.116 0.120 
380 OmyAC20ROGR    (1)    1 :  0.171 0.066 0.226 0.014 0.041 0.482 
381 OmyAC20ROGR    (0)    1 :  0.127 0.253 0.113 0.065 0.021 0.421 
382 OmyAC20ROGR    (0)    1 :  0.031 0.038 0.040 0.845 0.015 0.032 
383 OmyAC20ROGR    (0)    1 :  0.431 0.050 0.211 0.091 0.019 0.198 
384 OmyAC20ROGR    (0)    1 :  0.171 0.104 0.183 0.293 0.136 0.113 
385 OmyAC20ROGR    (0)    1 :  0.156 0.402 0.104 0.209 0.020 0.110 
386 OmyAC20ROGR    (0)    1 :  0.243 0.048 0.352 0.088 0.055 0.214 
387 OmyAC20ROGR    (0)    1 :  0.032 0.138 0.268 0.317 0.022 0.223 
388 OmyAC20ROGR    (0)    1 :  0.117 0.104 0.149 0.229 0.251 0.149 
389 OmyAC20ROGR    (0)    1 :  0.060 0.459 0.280 0.021 0.035 0.144 
390 OmyAC20ROGR    (0)    1 :  0.105 0.336 0.101 0.017 0.079 0.361 
391 OmyAC20ROGR    (0)    1 :  0.063 0.086 0.099 0.433 0.196 0.122 
392 OmyAC20ROGR    (0)    1 :  0.211 0.122 0.212 0.245 0.125 0.085 
393 OmyAC20ROGR    (0)    1 :  0.077 0.053 0.664 0.028 0.081 0.097 
394 OmyAC20ROGR    (1)    1 :  0.147 0.418 0.293 0.052 0.036 0.054 
395 OmyAC20ROGR    (0)    1 :  0.409 0.096 0.191 0.042 0.157 0.105 
396 OmyAC20ROGR    (0)    1 :  0.077 0.344 0.205 0.031 0.052 0.292 
397 OmyAC20ROGR    (0)    1 :  0.090 0.176 0.210 0.231 0.033 0.259 
398 OmyAC20ROGR    (0)    1 :  0.080 0.049 0.029 0.690 0.083 0.070 
399 OmyAC20ROGR    (0)    1 :  0.258 0.142 0.233 0.177 0.076 0.114 
400 OmyAC20ROGR    (0)    1 :  0.184 0.200 0.122 0.094 0.069 0.330 
401 OmyAC20ROGR    (1)    1 :  0.038 0.037 0.024 0.835 0.047 0.019 
402 OmyAC20ROGR    (0)    1 :  0.168 0.103 0.136 0.024 0.430 0.139 
403 OmyAC20ROGR    (0)    1 :  0.316 0.108 0.261 0.093 0.165 0.057 
404 OmyAC20ROGR    (0)    1 :  0.238 0.104 0.287 0.021 0.175 0.174 
405 OmyAC20ROGR    (0)    1 :  0.086 0.045 0.515 0.251 0.022 0.081 
406 OmyAC20ROGR    (0)    1 :  0.367 0.144 0.196 0.054 0.159 0.080 
407 OmyAC20ROGR    (0)    1 :  0.186 0.249 0.108 0.044 0.025 0.388 
408 OmyAC20ROGR    (0)    1 :  0.250 0.100 0.257 0.056 0.175 0.162 
409 OmyAC20ROGR    (0)    1 :  0.092 0.235 0.124 0.045 0.022 0.482 
410 OmyAC20ROGR    (0)    1 :  0.026 0.039 0.016 0.886 0.011 0.022 
411 OmyAC20ROGR    (0)    1 :  0.061 0.175 0.135 0.537 0.039 0.053 
412 OmyAC20ROGR    (0)    1 :  0.065 0.118 0.236 0.098 0.363 0.119 
413 OmyAC20ROGR    (0)    1 :  0.038 0.491 0.058 0.038 0.017 0.357 
414 OmyAC20ROGR    (0)    1 :  0.187 0.140 0.098 0.308 0.194 0.073 
415 OmyAC20ROGR    (0)    1 :  0.475 0.192 0.076 0.020 0.099 0.138 
416 OmyAC20ROGR    (0)    1 :  0.251 0.124 0.228 0.059 0.137 0.201 
417 OmyAC20ROGR    (0)    1 :  0.071 0.300 0.325 0.020 0.102 0.181 
418 OmyAC20ROGR    (0)    1 :  0.184 0.192 0.089 0.114 0.065 0.356 
419 OmyAC20ROGR    (0)    1 :  0.042 0.148 0.214 0.379 0.032 0.184 
420 OmyAC20ROGR    (0)    1 :  0.083 0.170 0.357 0.023 0.188 0.179 
421 OmyAC20ROGR    (0)    1 :  0.102 0.106 0.438 0.082 0.151 0.122 
422 OmyAC20ROGR    (0)    1 :  0.025 0.023 0.026 0.874 0.025 0.027 
423 OmyAC20ROGR    (0)    1 :  0.081 0.068 0.200 0.024 0.016 0.611 
424 OmyAC20ROGR    (0)    1 :  0.404 0.326 0.110 0.019 0.031 0.110 
425 OmyAC20ROGR    (0)    1 :  0.036 0.021 0.024 0.833 0.063 0.022 
426 OmyAC20ROGR    (0)    1 :  0.310 0.116 0.300 0.054 0.037 0.183 
427 OmyAC20ROGR    (0)    1 :  0.178 0.136 0.098 0.133 0.048 0.407 
428 OmyAC20ROGR    (0)    1 :  0.024 0.017 0.016 0.905 0.016 0.021 
429 OmyAC20ROGR    (0)    1 :  0.071 0.501 0.155 0.016 0.051 0.207 
430 OmyAC20ROGR    (0)    1 :  0.439 0.232 0.121 0.071 0.018 0.120 
431 OmyAC20ROGR    (0)    1 :  0.369 0.051 0.098 0.379 0.055 0.048 
432 OmyAC20ROGR    (0)    1 :  0.041 0.028 0.029 0.845 0.022 0.034 
433 OmyAC20ROGR    (0)    1 :  0.027 0.027 0.022 0.888 0.019 0.017 
434 OmyAC20ROGR    (0)    1 :  0.478 0.194 0.097 0.173 0.018 0.040 
435 OmyAC20ROGR    (0)    1 :  0.473 0.030 0.152 0.014 0.057 0.274 
436 OmyAC20ROGR    (0)    1 :  0.140 0.093 0.337 0.036 0.019 0.375 
437 OmyAC20ROGR    (0)    1 :  0.037 0.110 0.157 0.580 0.044 0.072 
438 OmyAC20ROGR    (0)    1 :  0.406 0.181 0.109 0.215 0.044 0.045 
439 OmyAC20ROGR    (0)    1 :  0.269 0.357 0.127 0.042 0.048 0.158 
440 OmyAC20ROGR    (0)    1 :  0.064 0.041 0.042 0.742 0.045 0.066 
441 OmyAC20ROGR    (0)    1 :  0.070 0.359 0.215 0.017 0.088 0.251 
442 OmyAC20ROGR    (0)    1 :  0.271 0.247 0.324 0.031 0.045 0.083 
443 OmyAC20ROGR    (0)    1 :  0.163 0.141 0.145 0.016 0.492 0.044 
444 OmyAC20ROGR    (0)    1 :  0.101 0.175 0.309 0.078 0.027 0.311 
445 OmyAC20ROGR    (0)    1 :  0.181 0.392 0.185 0.077 0.032 0.133 
446 OmyJC18ROGR    (0)    2 :  0.051 0.089 0.126 0.038 0.472 0.224 
447 OmyJC18ROGR    (0)    2 :  0.202 0.161 0.306 0.037 0.054 0.240 
448 OmyJC18ROGR    (0)    2 :  0.172 0.112 0.097 0.055 0.023 0.540 
449 OmyJC18ROGR    (0)    2 :  0.073 0.086 0.078 0.644 0.055 0.065 
450 OmyJC18ROGR    (0)    2 :  0.084 0.079 0.054 0.646 0.061 0.077 
451 OmyJC18ROGR    (0)    2 :  0.078 0.030 0.028 0.824 0.019 0.022 
452 OmyJC18ROGR    (0)    2 :  0.063 0.084 0.082 0.237 0.155 0.380 
453 OmyJC18ROGR    (0)    2 :  0.189 0.119 0.120 0.028 0.486 0.058 
454 OmyJC18ROGR    (0)    2 :  0.040 0.039 0.045 0.829 0.022 0.026 
455 OmyJC18ROGR    (0)    2 :  0.101 0.405 0.214 0.022 0.043 0.215 
456 OmyJC18ROGR    (0)    2 :  0.045 0.043 0.035 0.831 0.015 0.031 
457 OmyJC18ROGR    (0)    2 :  0.242 0.096 0.297 0.036 0.029 0.300 
458 OmyJC18ROGR    (0)    2 :  0.130 0.139 0.099 0.130 0.377 0.125 
459 OmyJC18ROGR    (0)    2 :  0.092 0.285 0.277 0.014 0.163 0.168 
460 OmyJC18ROGR    (2)    2 :  0.284 0.179 0.075 0.327 0.056 0.079 
461 OmyJC18ROGR    (1)    2 :  0.254 0.068 0.157 0.249 0.124 0.148 
462 OmyJC18ROGR    (3)    2 :  0.312 0.172 0.093 0.277 0.076 0.070 
463 OmyJC18ROGR    (1)    2 :  0.082 0.053 0.098 0.641 0.061 0.065 
464 OmyJC18ROGR    (3)    2 :  0.082 0.033 0.060 0.018 0.012 0.795 
465 OmyJC18ROGR    (3)    2 :  0.060 0.568 0.156 0.040 0.043 0.133 
466 OmyJC18ROGR    (0)    2 :  0.694 0.069 0.036 0.089 0.037 0.075 
467 OmyJC18ROGR    (1)    2 :  0.220 0.418 0.153 0.027 0.062 0.120 
468 OmyJC18ROGR    (0)    2 :  0.059 0.231 0.614 0.028 0.030 0.038 
469 OmyJC18ROGR    (0)    2 :  0.055 0.108 0.046 0.727 0.026 0.038 
470 OmyJC18ROGR    (3)    2 :  0.084 0.155 0.173 0.457 0.038 0.094 
471 OmyJC18ROGR    (1)    2 :  0.283 0.099 0.114 0.220 0.096 0.188 
472 OmyJC18ROGR    (1)    2 :  0.266 0.106 0.103 0.054 0.039 0.432 
473 OmyJC18ROGR    (2)    2 :  0.208 0.049 0.100 0.018 0.042 0.583 
474 OmyJC18ROGR    (0)    2 :  0.073 0.066 0.238 0.029 0.471 0.123 
475 OmyJC18ROGR    (1)    2 :  0.045 0.037 0.032 0.683 0.163 0.040 
476 OmyJC18ROGR    (2)    2 :  0.152 0.127 0.068 0.012 0.302 0.339 
477 OmyJC18ROGR    (3)    2 :  0.405 0.337 0.055 0.055 0.063 0.084 
478 OmyJC18ROGR    (0)    2 :  0.226 0.076 0.251 0.034 0.211 0.201 
479 OmyJC18ROGR    (0)    2 :  0.039 0.118 0.071 0.018 0.030 0.725 
480 OmyJC18ROGR    (0)    2 :  0.110 0.111 0.197 0.128 0.046 0.407 
481 OmyJC18ROGR    (2)    2 :  0.158 0.073 0.279 0.173 0.169 0.148 
482 OmyJC18ROGR    (3)    2 :  0.174 0.371 0.306 0.015 0.045 0.090 
483 OmyJC18ROGR    (3)    2 :  0.310 0.374 0.128 0.027 0.025 0.135 
484 OmyJC18ROGR    (3)    2 :  0.412 0.179 0.167 0.032 0.089 0.122 
485 OmyJC18ROGR    (2)    2 :  0.062 0.058 0.108 0.599 0.035 0.138 
486 OmyJC18ROGR    (2)    2 :  0.115 0.261 0.082 0.401 0.042 0.099 
487 OmyJC18ROGR    (1)    2 :  0.653 0.036 0.054 0.073 0.131 0.053 
488 OmyJC18ROGR    (3)    2 :  0.572 0.045 0.230 0.039 0.041 0.073 
489 OmyJC18ROGR    (0)    2 :  0.397 0.181 0.213 0.019 0.075 0.115 
490 OmyJC18ROGR    (2)    2 :  0.417 0.206 0.085 0.055 0.063 0.173 
491 OmyJC18ROGR    (4)    2 :  0.063 0.095 0.131 0.076 0.519 0.116 
492 OmyJC18ROGR    (4)    2 :  0.061 0.087 0.055 0.019 0.748 0.031 
493 OmyJC18ROGR    (3)    2 :  0.504 0.096 0.170 0.077 0.031 0.122 
494 OmyJC18ROGR    (3)    2 :  0.035 0.028 0.027 0.868 0.017 0.025 
495 OmyJC18ROGR    (3)    2 :  0.116 0.074 0.081 0.138 0.352 0.238 
496 OmyJC18ROGR    (0)    2 :  0.160 0.198 0.291 0.064 0.229 0.057 
497 OmyJC18ROGR    (5)    2 :  0.147 0.198 0.195 0.064 0.141 0.255 
498 OmyJC18ROGR    (3)    2 :  0.493 0.078 0.102 0.125 0.089 0.114 
499 OmyJC18ROGR    (1)    2 :  0.332 0.253 0.093 0.041 0.109 0.173 
500 OmyJC18ROGR    (1)    2 :  0.177 0.240 0.261 0.017 0.095 0.211 
501 OmyJC18ROGR    (3)    2 :  0.172 0.073 0.160 0.399 0.062 0.133 
502 OmyJC18ROGR    (1)    2 :  0.036 0.472 0.113 0.167 0.024 0.188 
503 OmyJC18ROGR    (4)    2 :  0.092 0.335 0.210 0.039 0.023 0.301 
504 OmyJC18ROGR    (1)    2 :  0.100 0.519 0.062 0.237 0.025 0.056 
505 OmyJC18ROGR    (0)    2 :  0.171 0.204 0.095 0.208 0.235 0.087 
506 OmyJC18ROGR    (6)    2 :  0.289 0.094 0.220 0.044 0.240 0.113 
507 OmyJC18ROGR    (0)    2 :  0.153 0.112 0.513 0.091 0.051 0.079 
508 OmyJC18ROGR    (0)    2 :  0.119 0.447 0.219 0.063 0.049 0.102 
509 OmyJC18ROGR    (2)    2 :  0.026 0.016 0.026 0.876 0.030 0.026 
510 OmyJC18ROGR    (1)    2 :  0.413 0.120 0.216 0.019 0.132 0.100 
511 OmyJC18ROGR    (3)    2 :  0.086 0.048 0.061 0.103 0.630 0.073 
512 OmyJC18ROGR    (2)    2 :  0.065 0.046 0.068 0.742 0.020 0.059 
513 OmyJC18ROGR    (7)    2 :  0.238 0.085 0.139 0.112 0.361 0.065 
514 OmyJC18ROGR    (3)    2 :  0.037 0.097 0.058 0.541 0.150 0.117 
515 OmyJC18ROGR    (0)    2 :  0.172 0.153 0.411 0.047 0.081 0.135 
516 OmyJC18ROGR    (2)    2 :  0.098 0.089 0.317 0.151 0.079 0.265 
517 OmyJC18ROGR    (2)    2 :  0.286 0.093 0.080 0.202 0.216 0.123 
518 OmyJC18ROGR    (0)    2 :  0.131 0.196 0.460 0.034 0.075 0.105 
519 OmyJC18ROGR    (7)    2 :  0.069 0.041 0.068 0.035 0.672 0.115 
520 OmyJC18ROGR    (4)    2 :  0.381 0.062 0.086 0.145 0.224 0.103 
521 OmyJC18ROGR    (1)    2 :  0.359 0.095 0.093 0.109 0.177 0.166 
522 OmyJC18ROGR    (1)    2 :  0.258 0.413 0.065 0.085 0.027 0.152 
523 OmyJC18ROGR    (3)    2 :  0.158 0.379 0.239 0.028 0.064 0.130 
524 OmyJC18ROGR    (1)    2 :  0.136 0.429 0.268 0.027 0.027 0.113 
525 OmyJC18ROGR    (2)    2 :  0.058 0.396 0.079 0.096 0.280 0.092 
526 OmyJC18ROGR    (1)    2 :  0.081 0.247 0.163 0.056 0.287 0.166 
527 OmyJC18ROGR    (0)    2 :  0.400 0.094 0.141 0.024 0.181 0.160 
528 OmyJC18ROGR    (0)    2 :  0.079 0.100 0.433 0.025 0.033 0.329 
529 OmyJC18ROGR    (1)    2 :  0.103 0.056 0.229 0.025 0.045 0.543 
530 OmyJC18ROGR    (0)    2 :  0.056 0.610 0.132 0.021 0.024 0.157 
531 OmyJC18ROGR    (0)    2 :  0.041 0.063 0.168 0.029 0.020 0.679 
532 OmyJC18ROGR    (1)    2 :  0.136 0.426 0.269 0.017 0.050 0.102 
533 OmyJC18ROGR    (2)    2 :  0.400 0.051 0.163 0.013 0.107 0.266 
534 OmyJC18ROGR    (2)    2 :  0.265 0.236 0.136 0.047 0.040 0.277 
535 OmyJC18ROGR    (0)    2 :  0.147 0.148 0.061 0.032 0.288 0.324 
536 OmyJC18ROGR    (0)    2 :  0.049 0.026 0.127 0.025 0.666 0.108 
537 OmyJC18ROGR    (0)    2 :  0.148 0.105 0.213 0.021 0.238 0.275 
538 OmyJC18ROGR    (0)    2 :  0.122 0.067 0.243 0.033 0.026 0.510 
539 OmyJC18ROGR    (1)    2 :  0.099 0.487 0.095 0.049 0.067 0.204 
540 OmyJC18ROGR    (6)    2 :  0.628 0.039 0.225 0.021 0.050 0.037 
541 OmyJC18ROGR    (1)    2 :  0.064 0.048 0.219 0.041 0.097 0.530 
542 OmyJC18ROGR    (1)    2 :  0.093 0.071 0.442 0.120 0.076 0.199 
543 OmyJC18ROGR    (0)    2 :  0.247 0.072 0.399 0.136 0.036 0.109 
544 OmyJC18ROGR    (2)    2 :  0.264 0.065 0.093 0.034 0.128 0.417 
545 OmyJC18ROGR    (1)    2 :  0.059 0.280 0.054 0.566 0.014 0.028 
546 OmyJC18ROGR    (6)    2 :  0.037 0.054 0.216 0.012 0.029 0.651 
547 OmyJC18ROGR    (0)    2 :  0.298 0.394 0.122 0.074 0.016 0.094 
548 OmyJC18ROGR    (1)    2 :  0.427 0.088 0.147 0.116 0.097 0.124 
549 OmyJC18ROGR    (0)    2 :  0.127 0.079 0.185 0.025 0.033 0.550 
550 OmyJC18ROGR    (1)    2 :  0.057 0.028 0.048 0.785 0.035 0.047 
