

----------------------------------------------------
STRUCTURE by Pritchard, Stephens and Donnelly (2000)
     and Falush, Stephens and Pritchard (2003)
       Code by Pritchard, Falush and Hubisz
             Version 2.3.4 (Jul 2012)
----------------------------------------------------



Command line arguments:   bin/structure -m "/Users/ddayan/FRA/premature_migration/Rogue_Half-Pounder/half-pounder/structure/halfpounder_2021/10k_20k_adm_corr/mainparams" -e "/Users/ddayan/FRA/premature_migration/Rogue_Half-Pounder/half-pounder/structure/halfpounder_2021/10k_20k_adm_corr/extraparams" 
Input File:    /Users/ddayan/FRA/premature_migration/Rogue_Half-Pounder/half-pounder/structure/halfpounder_2021/project_data

Run parameters:
   1000 individuals
   328 loci
   5 populations assumed
   10000 Burn-in period
   20000 Reps


--------------------------------------------
Proportion of membership of each pre-defined
 population in each of the 5 clusters

Given    Inferred Clusters                     Number of
 Pop       1      2      3      4      5      Individuals

  1:     0.170  0.202  0.213  0.205  0.211      275
  2:     0.190  0.207  0.202  0.194  0.207      643
  3:     0.686  0.078  0.109  0.051  0.076       42
  4:     0.089  0.326  0.236  0.059  0.290       40
--------------------------------------------

Allele-freq. divergence among pops (Net nucleotide distance),
computed using point estimates of P.

      1       2       3       4       5      
 1      -    0.0040  0.0032  0.0120  0.0038  
 2   0.0040     -    0.0010  0.0092  0.0009  
 3   0.0032  0.0010     -    0.0088  0.0009  
 4   0.0120  0.0092  0.0088     -    0.0092  
 5   0.0038  0.0009  0.0009  0.0092     -    

Average distances (expected heterozygosity) between individuals in same cluster:
cluster  1  : 0.2869 
cluster  2  : 0.2928 
cluster  3  : 0.2924 
cluster  4  : 0.2589 
cluster  5  : 0.2917 

--------------------------------------------
Estimated Ln Prob of Data   = -285589.5
Mean value of ln likelihood = -283595.4
Variance of ln likelihood   = 3988.2
Mean value of alpha         = 0.2322

Mean value of Fst_1         = 0.0272
Mean value of Fst_2         = 0.0135
Mean value of Fst_3         = 0.0116
Mean value of Fst_4         = 0.0790
Mean value of Fst_5         = 0.0134


Inferred ancestry of individuals:
        Label (%Miss) Pop:  Inferred clusters
  1 OmyAC19ROGR    (0)    1 :  0.312 0.164 0.199 0.020 0.305 
  2 OmyAC19ROGR    (0)    1 :  0.184 0.094 0.507 0.079 0.136 
  3 OmyAC19ROGR    (0)    1 :  0.203 0.115 0.382 0.068 0.232 
  4 OmyAC19ROGR    (0)    1 :  0.122 0.264 0.150 0.024 0.439 
  5 OmyAC19ROGR    (1)    1 :  0.013 0.019 0.019 0.928 0.021 
  6 OmyAC19ROGR    (0)    1 :  0.055 0.082 0.186 0.162 0.516 
  7 OmyAC19ROGR    (0)    1 :  0.136 0.368 0.116 0.180 0.200 
  8 OmyAC19ROGR    (0)    1 :  0.171 0.366 0.307 0.020 0.137 
  9 OmyAC19ROGR    (0)    1 :  0.165 0.062 0.168 0.260 0.344 
 10 OmyAC19ROGR    (0)    1 :  0.130 0.110 0.268 0.434 0.058 
 11 OmyAC19ROGR    (0)    1 :  0.134 0.261 0.065 0.065 0.475 
 12 OmyAC19ROGR    (0)    1 :  0.056 0.182 0.253 0.118 0.391 
 13 OmyAC19ROGR    (0)    1 :  0.132 0.587 0.168 0.029 0.084 
 14 OmyAC19ROGR    (0)    1 :  0.042 0.285 0.081 0.455 0.137 
 15 OmyAC19ROGR    (0)    1 :  0.040 0.402 0.056 0.400 0.103 
 16 OmyAC19ROGR    (0)    1 :  0.152 0.331 0.150 0.114 0.253 
 17 OmyAC19ROGR    (0)    1 :  0.024 0.337 0.378 0.082 0.178 
 18 OmyAC19ROGR    (2)    1 :  0.251 0.244 0.379 0.028 0.099 
 19 OmyAC19ROGR    (1)    1 :  0.158 0.445 0.213 0.057 0.127 
 20 OmyAC19ROGR    (0)    1 :  0.034 0.221 0.137 0.258 0.351 
 21 OmyAC19ROGR    (1)    1 :  0.118 0.165 0.378 0.222 0.116 
 22 OmyAC19ROGR    (0)    1 :  0.315 0.185 0.214 0.080 0.207 
 23 OmyAC19ROGR    (0)    1 :  0.115 0.097 0.334 0.280 0.175 
 24 OmyAC19ROGR    (0)    1 :  0.764 0.051 0.092 0.023 0.071 
 25 OmyAC19ROGR    (0)    1 :  0.089 0.338 0.184 0.237 0.152 
 26 OmyAC19ROGR    (0)    1 :  0.282 0.109 0.364 0.121 0.123 
 27 OmyAC19ROGR    (1)    1 :  0.052 0.497 0.098 0.055 0.298 
 28 OmyAC19ROGR    (0)    1 :  0.849 0.033 0.046 0.033 0.040 
 29 OmyAC19ROGR    (0)    1 :  0.111 0.163 0.378 0.065 0.283 
 30 OmyAC19ROGR    (0)    1 :  0.047 0.066 0.152 0.666 0.068 
 31 OmyAC19ROGR    (0)    1 :  0.126 0.243 0.283 0.043 0.305 
 32 OmyAC19ROGR    (0)    1 :  0.226 0.191 0.310 0.138 0.136 
 33 OmyAC19ROGR    (1)    1 :  0.304 0.115 0.251 0.102 0.228 
 34 OmyAC19ROGR    (0)    1 :  0.069 0.248 0.090 0.506 0.086 
 35 OmyAC19ROGR    (0)    1 :  0.246 0.101 0.503 0.068 0.082 
 36 OmyAC19ROGR    (0)    1 :  0.118 0.175 0.237 0.160 0.310 
 37 OmyAC19ROGR    (0)    1 :  0.655 0.080 0.066 0.115 0.084 
 38 OmyAC19ROGR    (0)    1 :  0.365 0.065 0.089 0.427 0.053 
 39 OmyAC19ROGR    (0)    1 :  0.031 0.165 0.700 0.051 0.052 
 40 OmyAC19ROGR    (0)    1 :  0.057 0.220 0.153 0.337 0.233 
 41 OmyAC19ROGR    (1)    1 :  0.093 0.427 0.157 0.046 0.276 
 42 OmyAC19ROGR    (0)    1 :  0.026 0.049 0.054 0.796 0.075 
 43 OmyAC19ROGR    (0)    1 :  0.126 0.149 0.448 0.047 0.231 
 44 OmyAC19ROGR    (6)    1 :  0.099 0.071 0.451 0.037 0.343 
 45 OmyAC19ROGR    (1)    1 :  0.255 0.117 0.108 0.355 0.165 
 46 OmyAC19ROGR    (0)    1 :  0.400 0.123 0.272 0.087 0.118 
 47 OmyAC19ROGR    (0)    1 :  0.687 0.089 0.073 0.063 0.088 
 48 OmyAC19ROGR    (0)    1 :  0.155 0.210 0.282 0.042 0.311 
 49 OmyAC19ROGR    (0)    1 :  0.325 0.161 0.136 0.035 0.342 
 50 OmyAC19ROGR    (0)    1 :  0.025 0.495 0.335 0.022 0.122 
 51 OmyAC19ROGR    (2)    1 :  0.060 0.083 0.053 0.711 0.092 
 52 OmyAC19ROGR    (0)    1 :  0.034 0.035 0.041 0.850 0.040 
 53 OmyAC19ROGR    (1)    1 :  0.737 0.059 0.085 0.037 0.082 
 54 OmyAC19ROGR    (0)    1 :  0.529 0.128 0.142 0.075 0.125 
 55 OmyAC19ROGR    (3)    1 :  0.065 0.367 0.302 0.087 0.178 
 56 OmyAC19ROGR    (0)    1 :  0.630 0.134 0.059 0.079 0.098 
 57 OmyAC19ROGR    (0)    1 :  0.644 0.090 0.134 0.020 0.112 
 58 OmyAC19ROGR    (0)    1 :  0.053 0.081 0.096 0.651 0.119 
 59 OmyAC19ROGR    (0)    1 :  0.517 0.167 0.140 0.022 0.153 
 60 OmyAC19ROGR    (1)    1 :  0.117 0.342 0.132 0.117 0.291 
 61 OmyAC19ROGR    (0)    1 :  0.424 0.224 0.181 0.060 0.111 
 62 OmyAC19ROGR    (0)    1 :  0.083 0.168 0.386 0.036 0.327 
 63 OmyAC19ROGR    (0)    1 :  0.447 0.071 0.075 0.253 0.154 
 64 OmyAC19ROGR    (2)    1 :  0.134 0.225 0.197 0.102 0.342 
 65 OmyAC19ROGR    (0)    1 :  0.123 0.398 0.272 0.052 0.156 
 66 OmyAC19ROGR    (3)    1 :  0.041 0.434 0.109 0.292 0.125 
 67 OmyAC19ROGR    (0)    1 :  0.507 0.175 0.078 0.039 0.200 
 68 OmyAC19ROGR    (1)    1 :  0.363 0.118 0.281 0.061 0.176 
 69 OmyAC19ROGR    (2)    1 :  0.532 0.081 0.111 0.217 0.060 
 70 OmyAC19ROGR    (0)    1 :  0.217 0.121 0.489 0.034 0.138 
 71 OmyAC19ROGR    (0)    1 :  0.165 0.290 0.282 0.044 0.219 
 72 OmyAC19ROGR    (4)    1 :  0.126 0.152 0.172 0.031 0.519 
 73 OmyAC19ROGR    (0)    1 :  0.170 0.112 0.420 0.190 0.107 
 74 OmyAC19ROGR    (0)    1 :  0.041 0.155 0.163 0.031 0.610 
 75 OmyAC19ROGR    (0)    1 :  0.249 0.226 0.231 0.137 0.157 
 76 OmyAC19ROGR    (0)    1 :  0.687 0.054 0.105 0.056 0.098 
 77 OmyAC19ROGR    (1)    1 :  0.018 0.021 0.023 0.911 0.027 
 78 OmyAC19ROGR    (0)    1 :  0.074 0.209 0.514 0.038 0.165 
 79 OmyAC19ROGR    (2)    1 :  0.134 0.183 0.501 0.055 0.127 
 80 OmyAC19ROGR    (1)    1 :  0.082 0.071 0.052 0.697 0.098 
 81 OmyAC19ROGR    (2)    1 :  0.099 0.113 0.137 0.422 0.230 
 82 OmyAC19ROGR    (1)    1 :  0.633 0.071 0.141 0.023 0.131 
 83 OmyAC19ROGR    (0)    1 :  0.399 0.199 0.216 0.053 0.134 
 84 OmyAC19ROGR    (0)    1 :  0.073 0.188 0.407 0.168 0.164 
 85 OmyAC19ROGR    (5)    1 :  0.199 0.215 0.366 0.036 0.184 
 86 OmyAC19ROGR    (0)    1 :  0.027 0.455 0.185 0.136 0.197 
 87 OmyAC19ROGR    (1)    1 :  0.347 0.110 0.285 0.049 0.208 
 88 OmyJC19ROGR    (0)    2 :  0.032 0.068 0.072 0.795 0.035 
 89 OmyJC19ROGR    (0)    2 :  0.087 0.279 0.458 0.069 0.108 
 90 OmyJC19ROGR    (0)    2 :  0.021 0.038 0.027 0.888 0.026 
 91 OmyJC19ROGR    (1)    2 :  0.365 0.276 0.142 0.018 0.199 
 92 OmyJC19ROGR    (0)    2 :  0.642 0.093 0.124 0.058 0.084 
 93 OmyJC19ROGR    (0)    2 :  0.742 0.058 0.095 0.022 0.083 
 94 OmyJC19ROGR    (0)    2 :  0.035 0.188 0.356 0.152 0.269 
 95 OmyJC19ROGR    (0)    2 :  0.032 0.122 0.611 0.095 0.141 
 96 OmyJC19ROGR    (0)    2 :  0.069 0.441 0.156 0.085 0.249 
 97 OmyJC19ROGR    (0)    2 :  0.674 0.033 0.055 0.200 0.038 
 98 OmyJC19ROGR    (0)    2 :  0.145 0.240 0.236 0.041 0.338 
 99 OmyJC19ROGR    (0)    2 :  0.498 0.196 0.111 0.079 0.116 
100 OmyJC19ROGR    (1)    2 :  0.068 0.158 0.511 0.049 0.214 
101 OmyJC19ROGR    (0)    2 :  0.134 0.094 0.155 0.499 0.118 
102 OmyJC19ROGR    (0)    2 :  0.059 0.428 0.197 0.088 0.228 
103 OmyJC19ROGR    (0)    2 :  0.146 0.154 0.393 0.148 0.159 
104 OmyJC19ROGR    (0)    2 :  0.448 0.140 0.213 0.037 0.161 
105 OmyJC19ROGR    (0)    2 :  0.530 0.069 0.059 0.155 0.187 
106 OmyJC19ROGR    (0)    2 :  0.036 0.018 0.022 0.902 0.022 
107 OmyJC19ROGR    (1)    2 :  0.143 0.361 0.084 0.113 0.298 
108 OmyJC19ROGR    (0)    2 :  0.258 0.297 0.181 0.072 0.193 
109 OmyJC19ROGR    (0)    2 :  0.030 0.374 0.144 0.182 0.269 
110 OmyJC19ROGR    (0)    2 :  0.471 0.064 0.094 0.284 0.086 
111 OmyJC19ROGR    (1)    2 :  0.559 0.135 0.095 0.107 0.104 
112 OmyJC19ROGR    (2)    2 :  0.084 0.280 0.179 0.128 0.329 
113 OmyJC19ROGR    (0)    2 :  0.063 0.172 0.098 0.587 0.080 
114 OmyJC19ROGR    (3)    2 :  0.059 0.197 0.615 0.042 0.087 
115 OmyJC19ROGR    (1)    2 :  0.339 0.051 0.216 0.055 0.339 
116 OmyJC19ROGR    (0)    2 :  0.075 0.182 0.519 0.092 0.132 
117 OmyJC19ROGR    (0)    2 :  0.051 0.189 0.215 0.167 0.378 
118 OmyJC19ROGR    (0)    2 :  0.121 0.155 0.556 0.029 0.140 
119 OmyJC19ROGR    (2)    2 :  0.072 0.365 0.301 0.049 0.213 
120 OmyJC19ROGR    (0)    2 :  0.817 0.057 0.054 0.023 0.050 
121 OmyJC19ROGR    (0)    2 :  0.045 0.319 0.380 0.051 0.205 
122 OmyJC19ROGR    (0)    2 :  0.151 0.214 0.371 0.065 0.199 
123 OmyJC19ROGR    (0)    2 :  0.171 0.352 0.241 0.025 0.211 
124 OmyJC19ROGR    (0)    2 :  0.062 0.105 0.265 0.142 0.426 
125 OmyJC19ROGR    (0)    2 :  0.365 0.106 0.277 0.107 0.144 
126 OmyJC19ROGR    (1)    2 :  0.048 0.069 0.082 0.685 0.116 
127 OmyJC19ROGR    (0)    2 :  0.050 0.692 0.057 0.038 0.163 
128 OmyJC19ROGR    (1)    2 :  0.598 0.112 0.155 0.046 0.089 
129 OmyJC19ROGR    (0)    2 :  0.133 0.143 0.317 0.284 0.123 
130 OmyJC19ROGR    (2)    2 :  0.035 0.111 0.371 0.057 0.426 
131 OmyJC19ROGR    (0)    2 :  0.168 0.111 0.433 0.084 0.204 
132 OmyJC19ROGR    (1)    2 :  0.493 0.105 0.130 0.058 0.213 
133 OmyJC19ROGR    (0)    2 :  0.097 0.139 0.542 0.030 0.192 
134 OmyJC19ROGR    (0)    2 :  0.115 0.399 0.269 0.078 0.139 
135 OmyJC19ROGR    (1)    2 :  0.872 0.027 0.029 0.026 0.046 
136 OmyJC19ROGR    (3)    2 :  0.159 0.173 0.473 0.048 0.147 
137 OmyJC19ROGR    (0)    2 :  0.061 0.436 0.096 0.193 0.214 
138 OmyJC19ROGR    (0)    2 :  0.038 0.057 0.114 0.693 0.098 
139 OmyJC19ROGR    (2)    2 :  0.075 0.258 0.470 0.021 0.177 
140 OmyJC19ROGR    (2)    2 :  0.078 0.428 0.290 0.095 0.109 
141 OmyJC19ROGR    (0)    2 :  0.142 0.207 0.221 0.294 0.136 
142 OmyJC19ROGR    (0)    2 :  0.214 0.193 0.144 0.296 0.153 
143 OmyJC19ROGR    (0)    2 :  0.671 0.044 0.112 0.062 0.112 
144 OmyJC19ROGR    (0)    2 :  0.066 0.236 0.497 0.021 0.180 
145 OmyJC19ROGR    (0)    2 :  0.039 0.216 0.236 0.035 0.474 
146 OmyJC19ROGR    (1)    2 :  0.585 0.101 0.163 0.085 0.066 
147 OmyJC19ROGR    (0)    2 :  0.152 0.408 0.080 0.064 0.295 
148 OmyJC19ROGR    (0)    2 :  0.165 0.321 0.059 0.023 0.431 
149 OmyJC19ROGR    (1)    2 :  0.456 0.176 0.168 0.088 0.112 
150 OmyJC19ROGR    (1)    2 :  0.478 0.191 0.145 0.059 0.126 
151 OmyJC19ROGR    (0)    2 :  0.118 0.210 0.451 0.126 0.095 
152 OmyJC19ROGR    (0)    2 :  0.111 0.171 0.053 0.048 0.617 
153 OmyJC19ROGR    (0)    2 :  0.829 0.046 0.040 0.038 0.048 
154 OmyJC19ROGR    (1)    2 :  0.061 0.330 0.342 0.067 0.200 
155 OmyJC19ROGR    (0)    2 :  0.241 0.205 0.217 0.093 0.245 
156 OmyJC19ROGR    (1)    2 :  0.208 0.332 0.161 0.115 0.184 
157 OmyJC19ROGR    (0)    2 :  0.218 0.120 0.181 0.072 0.410 
158 OmyJC19ROGR    (0)    2 :  0.189 0.217 0.303 0.024 0.267 
159 OmyJC19ROGR    (0)    2 :  0.045 0.258 0.258 0.049 0.389 
160 OmyJC19ROGR    (0)    2 :  0.271 0.346 0.101 0.067 0.215 
161 OmyJC19ROGR    (0)    2 :  0.325 0.204 0.136 0.027 0.308 
162 OmyJC19ROGR    (0)    2 :  0.160 0.287 0.103 0.057 0.394 
163 OmyJC19ROGR    (0)    2 :  0.605 0.119 0.104 0.052 0.121 
164 OmyJC19ROGR    (0)    2 :  0.093 0.363 0.260 0.032 0.252 
165 OmyJC19ROGR    (0)    2 :  0.177 0.213 0.119 0.024 0.466 
166 OmyJC19ROGR    (0)    2 :  0.068 0.244 0.229 0.052 0.406 
167 OmyJC19ROGR    (1)    2 :  0.345 0.189 0.236 0.092 0.138 
168 OmyJC19ROGR    (0)    2 :  0.093 0.162 0.539 0.067 0.139 
169 OmyJC19ROGR    (0)    2 :  0.016 0.030 0.020 0.908 0.025 
170 OmyJC19ROGR    (0)    2 :  0.618 0.073 0.081 0.068 0.160 
171 OmyJC19ROGR    (0)    2 :  0.097 0.241 0.281 0.034 0.347 
172 OmyJC19ROGR    (0)    2 :  0.371 0.103 0.117 0.330 0.079 
173 OmyJC19ROGR    (0)    2 :  0.027 0.034 0.027 0.865 0.046 
174 OmyJC19ROGR    (0)    2 :  0.149 0.102 0.331 0.038 0.380 
175 OmyJC19ROGR    (0)    2 :  0.059 0.147 0.475 0.031 0.288 
176 OmyJC19ROGR    (0)    2 :  0.568 0.123 0.150 0.092 0.067 
177 OmyJC19ROGR    (0)    2 :  0.786 0.039 0.042 0.015 0.118 
178 OmyJC19ROGR    (0)    2 :  0.026 0.372 0.084 0.039 0.479 
179 OmyJC19ROGR    (0)    2 :  0.426 0.190 0.198 0.021 0.164 
180 OmyJC19ROGR    (0)    2 :  0.053 0.042 0.064 0.806 0.035 
181 OmyJC19ROGR    (0)    2 :  0.093 0.198 0.346 0.050 0.312 
182 OmyJC19ROGR    (0)    2 :  0.102 0.256 0.328 0.148 0.166 
183 OmyJC19ROGR    (0)    2 :  0.097 0.211 0.266 0.035 0.391 
184 OmyJC19ROGR    (0)    2 :  0.131 0.125 0.105 0.587 0.053 
185 OmyJC19ROGR    (1)    2 :  0.054 0.167 0.729 0.012 0.038 
186 OmyJC19ROGR    (0)    2 :  0.532 0.075 0.187 0.099 0.107 
187 OmyJC19ROGR    (0)    2 :  0.056 0.068 0.112 0.028 0.735 
188 OmyJC19ROGR    (0)    2 :  0.123 0.173 0.260 0.037 0.406 
189 OmyJC19ROGR    (0)    2 :  0.276 0.105 0.368 0.143 0.107 
190 OmyJC19ROGR    (0)    2 :  0.723 0.081 0.087 0.043 0.066 
191 OmyJC19ROGR    (0)    2 :  0.421 0.074 0.124 0.041 0.341 
192 OmyJC19ROGR    (0)    2 :  0.032 0.660 0.072 0.041 0.195 
193 OmyJC19ROGR    (1)    2 :  0.146 0.239 0.172 0.134 0.309 
194 OmyJC19ROGR    (0)    2 :  0.062 0.665 0.067 0.021 0.186 
195 OmyJC19ROGR    (0)    2 :  0.025 0.074 0.074 0.754 0.073 
196 OmyJC19ROGR    (0)    2 :  0.031 0.108 0.337 0.039 0.484 
197 OmyJC19ROGR    (0)    2 :  0.368 0.231 0.185 0.058 0.158 
198 OmyJC19ROGR    (0)    2 :  0.067 0.118 0.068 0.692 0.055 
199 OmyJC19ROGR    (0)    2 :  0.089 0.242 0.536 0.024 0.109 
200 OmyJC19ROGR    (0)    2 :  0.597 0.068 0.163 0.089 0.083 
201 OmyJC19ROGR    (0)    2 :  0.084 0.381 0.198 0.025 0.313 
202 OmyJC19ROGR    (0)    2 :  0.798 0.078 0.057 0.017 0.051 
203 OmyJC19ROGR    (0)    2 :  0.138 0.206 0.294 0.050 0.313 
204 OmyJC19ROGR    (0)    2 :  0.180 0.339 0.148 0.055 0.278 
205 OmyJC19ROGR    (0)    2 :  0.102 0.139 0.249 0.125 0.385 
206 OmyJC19ROGR    (0)    2 :  0.040 0.043 0.056 0.823 0.038 
207 OmyJC19ROGR    (0)    2 :  0.124 0.147 0.158 0.262 0.309 
208 OmyJC19ROGR    (0)    2 :  0.064 0.408 0.152 0.043 0.333 
209 OmyJC19ROGR    (0)    2 :  0.190 0.084 0.195 0.486 0.045 
210 OmyJC19ROGR    (0)    2 :  0.022 0.030 0.041 0.854 0.054 
211 OmyJC19ROGR    (0)    2 :  0.106 0.204 0.385 0.154 0.152 
212 OmyJC19ROGR    (1)    2 :  0.472 0.130 0.065 0.170 0.162 
213 OmyJC19ROGR    (1)    2 :  0.093 0.145 0.452 0.038 0.272 
214 OmyJC19ROGR    (0)    2 :  0.049 0.135 0.082 0.036 0.698 
215 OmyJC19ROGR    (0)    2 :  0.070 0.677 0.131 0.028 0.094 
216 OmyJC19ROGR    (0)    2 :  0.029 0.067 0.065 0.756 0.082 
217 OmyJC19ROGR    (0)    2 :  0.086 0.177 0.143 0.363 0.230 
218 OmyJC19ROGR    (0)    2 :  0.389 0.084 0.078 0.035 0.414 
219 OmyJC19ROGR    (0)    2 :  0.043 0.490 0.159 0.107 0.201 
220 OmyJC19ROGR    (0)    2 :  0.170 0.307 0.211 0.015 0.296 
221 OmyJC19ROGR    (0)    2 :  0.060 0.066 0.169 0.212 0.493 
222 OmyJC19ROGR    (0)    2 :  0.360 0.259 0.163 0.041 0.178 
223 OmyJC19ROGR    (0)    2 :  0.101 0.191 0.112 0.052 0.544 
224 OmyJC19ROGR    (0)    2 :  0.062 0.463 0.138 0.034 0.303 
225 OmyJC19ROGR    (0)    2 :  0.017 0.028 0.029 0.899 0.027 
226 OmyJC19ROGR    (0)    2 :  0.046 0.176 0.464 0.185 0.130 
227 OmyJC19ROGR    (1)    2 :  0.044 0.029 0.025 0.867 0.035 
228 OmyJC19ROGR    (0)    2 :  0.045 0.443 0.201 0.051 0.260 
229 OmyJC19ROGR    (1)    2 :  0.169 0.090 0.195 0.030 0.516 
230 OmyJC19ROGR    (0)    2 :  0.162 0.075 0.127 0.177 0.458 
231 OmyJC19ROGR    (0)    2 :  0.060 0.225 0.198 0.087 0.429 
232 OmyJC19ROGR    (1)    2 :  0.135 0.165 0.525 0.046 0.129 
233 OmyJC19ROGR    (0)    2 :  0.125 0.228 0.145 0.161 0.341 
234 OmyJC19ROGR    (0)    2 :  0.026 0.029 0.040 0.878 0.026 
235 OmyJC19ROGR    (0)    2 :  0.108 0.118 0.079 0.641 0.054 
236 OmyJC19ROGR    (1)    2 :  0.180 0.383 0.078 0.030 0.328 
237 OmyJC19ROGR    (0)    2 :  0.155 0.405 0.155 0.069 0.215 
238 OmyJC19ROGR    (0)    2 :  0.049 0.279 0.075 0.102 0.495 
239 OmyJC19ROGR    (0)    2 :  0.073 0.426 0.330 0.079 0.092 
240 OmyJC19ROGR    (0)    2 :  0.099 0.134 0.537 0.045 0.185 
241 OmyJC19ROGR    (0)    2 :  0.398 0.140 0.244 0.097 0.120 
242 OmyJC19ROGR    (0)    2 :  0.160 0.626 0.114 0.022 0.078 
243 OmyJC19ROGR    (0)    2 :  0.316 0.231 0.183 0.056 0.213 
244 OmyJC19ROGR    (0)    2 :  0.324 0.110 0.117 0.066 0.383 
245 OmyJC19ROGR    (0)    2 :  0.025 0.024 0.041 0.881 0.029 
246 OmyJC19ROGR    (0)    2 :  0.523 0.075 0.098 0.182 0.122 
247 OmyJC19ROGR    (0)    2 :  0.163 0.081 0.076 0.555 0.124 
248 OmyJC19ROGR    (0)    2 :  0.069 0.092 0.263 0.509 0.066 
249 OmyJC19ROGR    (0)    2 :  0.054 0.114 0.233 0.068 0.531 
250 OmyJC19ROGR    (0)    2 :  0.126 0.279 0.236 0.095 0.264 
251 OmyJC19ROGR    (0)    2 :  0.078 0.149 0.359 0.054 0.359 
252 OmyJC19ROGR    (0)    2 :  0.717 0.042 0.102 0.046 0.093 
253 OmyJC19ROGR    (0)    2 :  0.072 0.267 0.457 0.095 0.110 
254 OmyJC19ROGR    (0)    2 :  0.356 0.121 0.138 0.074 0.310 
255 OmyJC19ROGR    (0)    2 :  0.456 0.076 0.191 0.037 0.239 
256 OmyJC19ROGR    (0)    2 :  0.278 0.095 0.126 0.310 0.191 
257 OmyJC19ROGR    (0)    2 :  0.054 0.067 0.340 0.069 0.469 
258 OmyAC19ROGR    (0)    1 :  0.152 0.318 0.215 0.195 0.119 
259 OmyAC19ROGR    (1)    1 :  0.075 0.235 0.183 0.377 0.130 
260 OmyAC19ROGR    (0)    1 :  0.067 0.543 0.170 0.026 0.195 
261 OmyAC19ROGR    (0)    1 :  0.050 0.228 0.382 0.052 0.288 
262 OmyAC19ROGR    (0)    1 :  0.119 0.177 0.473 0.105 0.126 
263 OmyAC19ROGR    (0)    1 :  0.497 0.134 0.092 0.060 0.218 
264 OmyAC19ROGR    (0)    1 :  0.087 0.220 0.252 0.061 0.380 
265 OmyAC19ROGR    (0)    1 :  0.214 0.137 0.213 0.059 0.377 
266 OmyAC19ROGR    (0)    1 :  0.056 0.088 0.285 0.026 0.544 
267 OmyAC19ROGR    (0)    1 :  0.077 0.135 0.487 0.141 0.160 
268 OmyAC19ROGR    (1)    1 :  0.398 0.123 0.168 0.166 0.145 
269 OmyAC19ROGR    (1)    1 :  0.053 0.207 0.458 0.152 0.130 
270 OmyAC19ROGR    (0)    1 :  0.344 0.059 0.203 0.037 0.356 
271 OmyAC19ROGR    (0)    1 :  0.068 0.185 0.278 0.263 0.206 
272 OmyAC19ROGR    (0)    1 :  0.043 0.250 0.295 0.177 0.236 
273 OmyAC19ROGR    (0)    1 :  0.141 0.295 0.401 0.046 0.118 
274 OmyAC19ROGR    (0)    1 :  0.045 0.044 0.117 0.725 0.069 
275 OmyAC19ROGR    (0)    1 :  0.294 0.306 0.173 0.109 0.118 
276 OmyAC19ROGR    (0)    1 :  0.087 0.524 0.204 0.056 0.129 
277 OmyAC19ROGR    (0)    1 :  0.042 0.374 0.310 0.087 0.188 
278 OmyAC19ROGR    (0)    1 :  0.055 0.165 0.104 0.309 0.366 
279 OmyAC19ROGR    (0)    1 :  0.049 0.547 0.099 0.206 0.099 
280 OmyAC19ROGR    (0)    1 :  0.317 0.087 0.268 0.133 0.196 
281 OmyAC19ROGR    (0)    1 :  0.088 0.276 0.420 0.057 0.158 
282 OmyAC19ROGR    (0)    1 :  0.129 0.143 0.463 0.156 0.109 
283 OmyAC19ROGR    (0)    1 :  0.085 0.302 0.284 0.051 0.277 
284 OmyAC19ROGR    (0)    1 :  0.159 0.187 0.194 0.034 0.427 
285 OmyAC19ROGR    (0)    1 :  0.328 0.293 0.171 0.047 0.160 
286 OmyAC19ROGR    (0)    1 :  0.248 0.360 0.164 0.028 0.200 
287 OmyAC19ROGR    (0)    1 :  0.013 0.015 0.018 0.940 0.015 
288 OmyAC19ROGR    (0)    1 :  0.048 0.080 0.056 0.744 0.071 
289 OmyAC19ROGR    (0)    1 :  0.086 0.325 0.193 0.153 0.243 
290 OmyAC19ROGR    (1)    1 :  0.019 0.020 0.024 0.916 0.022 
291 OmyAC19ROGR    (0)    1 :  0.159 0.118 0.132 0.411 0.179 
292 OmyAC19ROGR    (1)    1 :  0.072 0.222 0.371 0.189 0.145 
293 OmyAC19ROGR    (0)    1 :  0.623 0.133 0.107 0.029 0.107 
294 OmyAC19ROGR    (0)    1 :  0.051 0.190 0.105 0.368 0.286 
295 OmyAC19ROGR    (0)    1 :  0.152 0.290 0.276 0.032 0.251 
296 OmyAC19ROGR    (0)    1 :  0.130 0.606 0.121 0.052 0.091 
297 OmyAC19ROGR    (0)    1 :  0.035 0.074 0.094 0.720 0.078 
298 OmyAC19ROGR    (0)    1 :  0.059 0.572 0.085 0.030 0.254 
299 OmyAC19ROGR    (0)    1 :  0.251 0.181 0.088 0.263 0.217 
300 OmyAC19ROGR    (0)    1 :  0.126 0.269 0.258 0.040 0.307 
301 OmyAC19ROGR    (0)    1 :  0.021 0.031 0.042 0.863 0.044 
302 OmyAC19ROGR    (0)    1 :  0.055 0.214 0.116 0.478 0.137 
303 OmyAC19ROGR    (0)    1 :  0.059 0.324 0.388 0.108 0.122 
304 OmyAC19ROGR    (0)    1 :  0.092 0.451 0.134 0.153 0.170 
305 OmyAC19ROGR    (0)    1 :  0.096 0.380 0.150 0.037 0.336 
306 OmyAC19ROGR    (0)    1 :  0.021 0.084 0.122 0.621 0.153 
307 OmyAC19ROGR    (1)    1 :  0.187 0.165 0.335 0.032 0.280 
308 OmyAC19ROGR    (0)    1 :  0.052 0.178 0.336 0.096 0.338 
309 OmyAC19ROGR    (1)    1 :  0.037 0.031 0.038 0.849 0.044 
310 OmyAC19ROGR    (0)    1 :  0.063 0.136 0.312 0.338 0.151 
311 OmyAC19ROGR    (0)    1 :  0.055 0.277 0.123 0.456 0.089 
312 OmyAC19ROGR    (0)    1 :  0.498 0.136 0.140 0.045 0.180 
313 OmyAC19ROGR    (0)    1 :  0.120 0.295 0.188 0.018 0.380 
314 OmyAC19ROGR    (0)    1 :  0.599 0.125 0.119 0.042 0.114 
315 OmyAC19ROGR    (0)    1 :  0.104 0.185 0.230 0.082 0.399 
316 OmyAC19ROGR    (0)    1 :  0.099 0.113 0.342 0.038 0.408 
317 OmyAC19ROGR    (0)    1 :  0.381 0.111 0.386 0.051 0.071 
318 OmyAC19ROGR    (0)    1 :  0.418 0.153 0.249 0.030 0.150 
319 OmyAC19ROGR    (1)    1 :  0.140 0.421 0.194 0.020 0.224 
320 OmyAC19ROGR    (0)    1 :  0.057 0.210 0.065 0.012 0.657 
321 OmyAC19ROGR    (0)    1 :  0.067 0.306 0.232 0.036 0.360 
322 OmyAC19ROGR    (0)    1 :  0.060 0.129 0.284 0.446 0.081 
323 OmyAC19ROGR    (0)    1 :  0.030 0.404 0.119 0.033 0.414 
324 OmyAC19ROGR    (0)    1 :  0.112 0.145 0.234 0.036 0.473 
325 OmyAC19ROGR    (0)    1 :  0.042 0.086 0.459 0.293 0.120 
326 OmyAC19ROGR    (0)    1 :  0.056 0.127 0.191 0.052 0.573 
327 OmyAC19ROGR    (0)    1 :  0.117 0.202 0.106 0.043 0.532 
328 OmyAC20ROGR    (1)    1 :  0.167 0.370 0.165 0.041 0.257 
329 OmyAC20ROGR    (0)    1 :  0.293 0.254 0.139 0.086 0.228 
330 OmyAC20ROGR    (0)    1 :  0.199 0.192 0.203 0.083 0.324 
331 OmyAC20ROGR    (0)    1 :  0.118 0.083 0.115 0.295 0.389 
332 OmyAC20ROGR    (0)    1 :  0.183 0.133 0.328 0.217 0.139 
333 OmyAC20ROGR    (0)    1 :  0.288 0.072 0.127 0.317 0.195 
334 OmyAC20ROGR    (0)    1 :  0.435 0.181 0.281 0.023 0.080 
335 OmyAC20ROGR    (0)    1 :  0.188 0.225 0.302 0.047 0.239 
336 OmyAC20ROGR    (0)    1 :  0.092 0.173 0.436 0.130 0.169 
337 OmyAC20ROGR    (0)    1 :  0.078 0.175 0.157 0.438 0.152 
338 OmyAC20ROGR    (0)    1 :  0.213 0.131 0.343 0.148 0.165 
339 OmyAC20ROGR    (0)    1 :  0.097 0.311 0.213 0.111 0.268 
340 OmyAC20ROGR    (0)    1 :  0.721 0.058 0.093 0.054 0.074 
341 OmyAC20ROGR    (0)    1 :  0.634 0.096 0.105 0.083 0.082 
342 OmyAC20ROGR    (0)    1 :  0.285 0.183 0.118 0.187 0.227 
343 OmyAC20ROGR    (0)    1 :  0.272 0.112 0.326 0.061 0.229 
344 OmyAC20ROGR    (0)    1 :  0.320 0.118 0.236 0.174 0.152 
345 OmyAC20ROGR    (1)    1 :  0.045 0.112 0.487 0.152 0.204 
346 OmyAC20ROGR    (0)    1 :  0.124 0.089 0.174 0.202 0.411 
347 OmyAC20ROGR    (0)    1 :  0.088 0.132 0.329 0.227 0.224 
348 OmyAC20ROGR    (0)    1 :  0.552 0.067 0.079 0.198 0.105 
349 OmyAC20ROGR    (0)    1 :  0.335 0.103 0.310 0.067 0.185 
350 OmyAC20ROGR    (0)    1 :  0.059 0.383 0.131 0.082 0.345 
351 OmyAC20ROGR    (0)    1 :  0.260 0.157 0.253 0.124 0.206 
352 OmyAC20ROGR    (0)    1 :  0.108 0.437 0.184 0.059 0.212 
353 OmyAC20ROGR    (0)    1 :  0.127 0.089 0.211 0.037 0.536 
354 OmyAC20ROGR    (0)    1 :  0.299 0.121 0.233 0.254 0.092 
355 OmyAC20ROGR    (0)    1 :  0.366 0.150 0.275 0.081 0.128 
356 OmyAC20ROGR    (0)    1 :  0.146 0.428 0.229 0.046 0.151 
357 OmyAC20ROGR    (0)    1 :  0.057 0.224 0.140 0.103 0.476 
358 OmyAC20ROGR    (0)    1 :  0.109 0.363 0.116 0.045 0.367 
359 OmyAC20ROGR    (0)    1 :  0.023 0.555 0.086 0.203 0.133 
360 OmyAC20ROGR    (0)    1 :  0.110 0.165 0.249 0.208 0.268 
361 OmyAC20ROGR    (0)    1 :  0.052 0.370 0.105 0.043 0.429 
362 OmyAC20ROGR    (0)    1 :  0.051 0.313 0.178 0.039 0.420 
363 OmyAC20ROGR    (0)    1 :  0.314 0.108 0.175 0.158 0.246 
364 OmyAC20ROGR    (1)    1 :  0.438 0.275 0.113 0.041 0.133 
365 OmyAC20ROGR    (0)    1 :  0.089 0.237 0.283 0.022 0.368 
366 OmyAC20ROGR    (0)    1 :  0.240 0.092 0.309 0.031 0.328 
367 OmyAC20ROGR    (0)    1 :  0.085 0.160 0.317 0.112 0.326 
368 OmyAC20ROGR    (1)    1 :  0.048 0.495 0.229 0.091 0.137 
369 OmyAC20ROGR    (0)    1 :  0.237 0.113 0.171 0.328 0.151 
370 OmyAC20ROGR    (0)    1 :  0.065 0.083 0.090 0.689 0.073 
371 OmyAC20ROGR    (0)    1 :  0.031 0.060 0.064 0.801 0.044 
372 OmyAC20ROGR    (2)    1 :  0.018 0.026 0.036 0.887 0.032 
373 OmyAC20ROGR    (0)    1 :  0.044 0.109 0.163 0.430 0.254 
374 OmyAC20ROGR    (0)    1 :  0.150 0.337 0.345 0.030 0.138 
375 OmyAC20ROGR    (0)    1 :  0.065 0.112 0.130 0.090 0.603 
376 OmyAC20ROGR    (0)    1 :  0.076 0.105 0.202 0.512 0.105 
377 OmyAC20ROGR    (0)    1 :  0.313 0.160 0.223 0.027 0.277 
378 OmyAC20ROGR    (0)    1 :  0.188 0.299 0.310 0.031 0.173 
379 OmyAC20ROGR    (0)    1 :  0.151 0.122 0.145 0.436 0.146 
380 OmyAC20ROGR    (1)    1 :  0.052 0.087 0.396 0.026 0.439 
381 OmyAC20ROGR    (0)    1 :  0.053 0.329 0.293 0.115 0.211 
382 OmyAC20ROGR    (0)    1 :  0.024 0.041 0.037 0.835 0.063 
383 OmyAC20ROGR    (0)    1 :  0.030 0.104 0.407 0.135 0.324 
384 OmyAC20ROGR    (0)    1 :  0.159 0.179 0.233 0.308 0.120 
385 OmyAC20ROGR    (0)    1 :  0.031 0.322 0.164 0.274 0.209 
386 OmyAC20ROGR    (0)    1 :  0.088 0.104 0.388 0.131 0.290 
387 OmyAC20ROGR    (0)    1 :  0.044 0.160 0.073 0.359 0.364 
388 OmyAC20ROGR    (0)    1 :  0.295 0.135 0.138 0.304 0.129 
389 OmyAC20ROGR    (0)    1 :  0.054 0.446 0.084 0.034 0.381 
390 OmyAC20ROGR    (0)    1 :  0.134 0.373 0.211 0.030 0.253 
391 OmyAC20ROGR    (0)    1 :  0.223 0.120 0.068 0.427 0.163 
392 OmyAC20ROGR    (0)    1 :  0.161 0.149 0.220 0.298 0.173 
393 OmyAC20ROGR    (0)    1 :  0.154 0.092 0.140 0.060 0.554 
394 OmyAC20ROGR    (1)    1 :  0.054 0.496 0.128 0.081 0.241 
395 OmyAC20ROGR    (0)    1 :  0.227 0.186 0.375 0.073 0.138 
396 OmyAC20ROGR    (0)    1 :  0.068 0.453 0.112 0.049 0.318 
397 OmyAC20ROGR    (0)    1 :  0.048 0.244 0.173 0.287 0.248 
398 OmyAC20ROGR    (0)    1 :  0.104 0.055 0.097 0.682 0.062 
399 OmyAC20ROGR    (0)    1 :  0.113 0.153 0.307 0.217 0.210 
400 OmyAC20ROGR    (0)    1 :  0.100 0.260 0.304 0.131 0.205 
401 OmyAC20ROGR    (1)    1 :  0.050 0.035 0.046 0.846 0.023 
402 OmyAC20ROGR    (0)    1 :  0.548 0.115 0.169 0.029 0.139 
403 OmyAC20ROGR    (0)    1 :  0.268 0.155 0.244 0.150 0.183 
404 OmyAC20ROGR    (0)    1 :  0.250 0.200 0.328 0.030 0.192 
405 OmyAC20ROGR    (0)    1 :  0.035 0.100 0.095 0.336 0.435 
406 OmyAC20ROGR    (0)    1 :  0.235 0.185 0.280 0.083 0.217 
407 OmyAC20ROGR    (0)    1 :  0.033 0.308 0.360 0.057 0.241 
408 OmyAC20ROGR    (0)    1 :  0.239 0.198 0.260 0.089 0.213 
409 OmyAC20ROGR    (0)    1 :  0.036 0.352 0.164 0.076 0.372 
410 OmyAC20ROGR    (0)    1 :  0.015 0.039 0.031 0.882 0.032 
411 OmyAC20ROGR    (0)    1 :  0.056 0.148 0.131 0.566 0.099 
412 OmyAC20ROGR    (0)    1 :  0.358 0.100 0.118 0.111 0.313 
413 OmyAC20ROGR    (0)    1 :  0.036 0.479 0.123 0.055 0.308 
414 OmyAC20ROGR    (0)    1 :  0.198 0.173 0.211 0.334 0.084 
415 OmyAC20ROGR    (0)    1 :  0.134 0.278 0.427 0.033 0.129 
416 OmyAC20ROGR    (0)    1 :  0.182 0.149 0.264 0.088 0.317 
417 OmyAC20ROGR    (0)    1 :  0.119 0.272 0.091 0.023 0.494 
418 OmyAC20ROGR    (0)    1 :  0.085 0.240 0.272 0.170 0.232 
419 OmyAC20ROGR    (0)    1 :  0.045 0.274 0.055 0.410 0.216 
420 OmyAC20ROGR    (0)    1 :  0.255 0.330 0.095 0.038 0.282 
421 OmyAC20ROGR    (0)    1 :  0.190 0.183 0.195 0.120 0.312 
422 OmyAC20ROGR    (0)    1 :  0.023 0.037 0.039 0.870 0.031 
423 OmyAC20ROGR    (0)    1 :  0.031 0.137 0.171 0.038 0.623 
424 OmyAC20ROGR    (0)    1 :  0.057 0.367 0.406 0.026 0.144 
425 OmyAC20ROGR    (0)    1 :  0.084 0.028 0.033 0.825 0.030 
426 OmyAC20ROGR    (0)    1 :  0.055 0.182 0.361 0.092 0.310 
427 OmyAC20ROGR    (0)    1 :  0.076 0.203 0.314 0.199 0.208 
428 OmyAC20ROGR    (0)    1 :  0.026 0.021 0.024 0.902 0.026 
429 OmyAC20ROGR    (0)    1 :  0.074 0.456 0.093 0.035 0.343 
430 OmyAC20ROGR    (0)    1 :  0.034 0.357 0.309 0.114 0.185 
431 OmyAC20ROGR    (0)    1 :  0.108 0.075 0.233 0.459 0.124 
432 OmyAC20ROGR    (0)    1 :  0.037 0.042 0.048 0.830 0.043 
433 OmyAC20ROGR    (0)    1 :  0.039 0.039 0.025 0.870 0.027 
434 OmyAC20ROGR    (0)    1 :  0.026 0.215 0.381 0.190 0.188 
435 OmyAC20ROGR    (0)    1 :  0.099 0.063 0.631 0.018 0.189 
436 OmyAC20ROGR    (0)    1 :  0.031 0.113 0.179 0.047 0.630 
437 OmyAC20ROGR    (0)    1 :  0.052 0.148 0.054 0.601 0.145 
438 OmyAC20ROGR    (0)    1 :  0.058 0.202 0.361 0.314 0.065 
439 OmyAC20ROGR    (0)    1 :  0.055 0.283 0.456 0.053 0.154 
440 OmyAC20ROGR    (0)    1 :  0.064 0.071 0.069 0.722 0.074 
441 OmyAC20ROGR    (0)    1 :  0.129 0.529 0.122 0.026 0.194 
442 OmyAC20ROGR    (0)    1 :  0.069 0.379 0.299 0.056 0.197 
443 OmyAC20ROGR    (0)    1 :  0.496 0.201 0.218 0.021 0.064 
444 OmyAC20ROGR    (0)    1 :  0.052 0.211 0.206 0.105 0.426 
445 OmyAC20ROGR    (0)    1 :  0.041 0.355 0.330 0.115 0.159 
446 OmyJC18ROGR    (0)    2 :  0.506 0.164 0.089 0.058 0.184 
447 OmyJC18ROGR    (0)    2 :  0.084 0.167 0.380 0.053 0.316 
448 OmyJC18ROGR    (0)    2 :  0.032 0.164 0.245 0.075 0.484 
449 OmyJC18ROGR    (0)    2 :  0.068 0.105 0.091 0.663 0.073 
450 OmyJC18ROGR    (0)    2 :  0.079 0.081 0.139 0.639 0.063 
451 OmyJC18ROGR    (0)    2 :  0.025 0.043 0.077 0.818 0.037 
452 OmyJC18ROGR    (0)    2 :  0.243 0.201 0.145 0.276 0.134 
453 OmyJC18ROGR    (0)    2 :  0.579 0.160 0.112 0.037 0.112 
454 OmyJC18ROGR    (0)    2 :  0.036 0.037 0.066 0.826 0.036 
455 OmyJC18ROGR    (0)    2 :  0.052 0.395 0.229 0.037 0.287 
456 OmyJC18ROGR    (0)    2 :  0.024 0.059 0.039 0.828 0.050 
457 OmyJC18ROGR    (0)    2 :  0.042 0.206 0.550 0.046 0.157 
458 OmyJC18ROGR    (0)    2 :  0.441 0.147 0.116 0.170 0.126 
459 OmyJC18ROGR    (0)    2 :  0.283 0.339 0.193 0.021 0.164 
460 OmyJC18ROGR    (2)    2 :  0.091 0.231 0.207 0.401 0.070 
461 OmyJC18ROGR    (1)    2 :  0.183 0.132 0.232 0.301 0.153 
462 OmyJC18ROGR    (3)    2 :  0.126 0.203 0.211 0.362 0.098 
463 OmyJC18ROGR    (1)    2 :  0.075 0.085 0.079 0.656 0.104 
464 OmyJC18ROGR    (3)    2 :  0.032 0.147 0.253 0.030 0.538 
465 OmyJC18ROGR    (3)    2 :  0.059 0.464 0.190 0.061 0.225 
466 OmyJC18ROGR    (0)    2 :  0.064 0.111 0.567 0.154 0.103 
467 OmyJC18ROGR    (1)    2 :  0.070 0.439 0.258 0.046 0.186 
468 OmyJC18ROGR    (0)    2 :  0.047 0.454 0.070 0.053 0.375 
469 OmyJC18ROGR    (0)    2 :  0.046 0.107 0.091 0.706 0.050 
470 OmyJC18ROGR    (3)    2 :  0.069 0.183 0.072 0.502 0.174 
471 OmyJC18ROGR    (1)    2 :  0.146 0.145 0.267 0.279 0.164 
472 OmyJC18ROGR    (1)    2 :  0.053 0.217 0.423 0.085 0.221 
473 OmyJC18ROGR    (2)    2 :  0.054 0.110 0.471 0.035 0.330 
474 OmyJC18ROGR    (0)    2 :  0.567 0.112 0.072 0.047 0.203 
475 OmyJC18ROGR    (1)    2 :  0.229 0.041 0.048 0.640 0.042 
476 OmyJC18ROGR    (2)    2 :  0.291 0.230 0.316 0.024 0.139 
477 OmyJC18ROGR    (3)    2 :  0.090 0.357 0.390 0.084 0.079 
478 OmyJC18ROGR    (0)    2 :  0.370 0.133 0.288 0.053 0.156 
479 OmyJC18ROGR    (0)    2 :  0.059 0.247 0.188 0.023 0.483 
480 OmyJC18ROGR    (0)    2 :  0.074 0.287 0.233 0.166 0.240 
481 OmyJC18ROGR    (2)    2 :  0.204 0.180 0.203 0.209 0.204 
482 OmyJC18ROGR    (3)    2 :  0.082 0.519 0.137 0.022 0.241 
483 OmyJC18ROGR    (3)    2 :  0.036 0.342 0.349 0.047 0.226 
484 OmyJC18ROGR    (3)    2 :  0.174 0.303 0.263 0.046 0.213 
485 OmyJC18ROGR    (2)    2 :  0.043 0.102 0.080 0.606 0.168 
486 OmyJC18ROGR    (2)    2 :  0.065 0.194 0.148 0.421 0.173 
487 OmyJC18ROGR    (1)    2 :  0.248 0.077 0.475 0.090 0.109 
488 OmyJC18ROGR    (3)    2 :  0.072 0.139 0.422 0.054 0.313 
489 OmyJC18ROGR    (0)    2 :  0.123 0.232 0.424 0.035 0.186 
490 OmyJC18ROGR    (2)    2 :  0.101 0.351 0.280 0.079 0.189 
491 OmyJC18ROGR    (4)    2 :  0.563 0.101 0.082 0.126 0.128 
492 OmyJC18ROGR    (4)    2 :  0.740 0.104 0.072 0.022 0.063 
493 OmyJC18ROGR    (3)    2 :  0.066 0.174 0.285 0.128 0.347 
494 OmyJC18ROGR    (3)    2 :  0.027 0.046 0.046 0.845 0.035 
495 OmyJC18ROGR    (3)    2 :  0.385 0.128 0.158 0.173 0.156 
496 OmyJC18ROGR    (0)    2 :  0.269 0.281 0.203 0.082 0.166 
497 OmyJC18ROGR    (5)    2 :  0.184 0.277 0.216 0.096 0.228 
498 OmyJC18ROGR    (3)    2 :  0.120 0.104 0.444 0.188 0.145 
499 OmyJC18ROGR    (1)    2 :  0.146 0.233 0.451 0.049 0.122 
500 OmyJC18ROGR    (1)    2 :  0.126 0.386 0.255 0.026 0.207 
501 OmyJC18ROGR    (3)    2 :  0.089 0.107 0.198 0.430 0.176 
502 OmyJC18ROGR    (1)    2 :  0.040 0.467 0.070 0.213 0.210 
503 OmyJC18ROGR    (4)    2 :  0.038 0.299 0.228 0.050 0.386 
504 OmyJC18ROGR    (1)    2 :  0.037 0.435 0.103 0.301 0.125 
505 OmyJC18ROGR    (0)    2 :  0.281 0.166 0.132 0.286 0.135 
506 OmyJC18ROGR    (6)    2 :  0.310 0.206 0.310 0.069 0.106 
507 OmyJC18ROGR    (0)    2 :  0.076 0.242 0.289 0.149 0.244 
508 OmyJC18ROGR    (0)    2 :  0.077 0.445 0.116 0.088 0.275 
509 OmyJC18ROGR    (2)    2 :  0.038 0.032 0.031 0.862 0.038 
510 OmyJC18ROGR    (1)    2 :  0.165 0.201 0.287 0.030 0.317 
511 OmyJC18ROGR    (3)    2 :  0.617 0.068 0.086 0.152 0.076 
512 OmyJC18ROGR    (2)    2 :  0.023 0.084 0.081 0.725 0.087 
513 OmyJC18ROGR    (7)    2 :  0.462 0.092 0.144 0.201 0.101 
514 OmyJC18ROGR    (3)    2 :  0.191 0.097 0.063 0.564 0.085 
515 OmyJC18ROGR    (0)    2 :  0.129 0.249 0.203 0.064 0.354 
516 OmyJC18ROGR    (2)    2 :  0.116 0.144 0.223 0.230 0.288 
517 OmyJC18ROGR    (2)    2 :  0.270 0.127 0.252 0.248 0.103 
518 OmyJC18ROGR    (0)    2 :  0.092 0.246 0.143 0.054 0.465 
519 OmyJC18ROGR    (7)    2 :  0.651 0.052 0.144 0.065 0.087 
520 OmyJC18ROGR    (4)    2 :  0.343 0.089 0.279 0.201 0.087 
521 OmyJC18ROGR    (1)    2 :  0.233 0.123 0.326 0.188 0.130 
522 OmyJC18ROGR    (1)    2 :  0.040 0.384 0.363 0.115 0.098 
523 OmyJC18ROGR    (3)    2 :  0.095 0.425 0.115 0.043 0.322 
524 OmyJC18ROGR    (1)    2 :  0.043 0.361 0.227 0.040 0.329 
525 OmyJC18ROGR    (2)    2 :  0.331 0.306 0.079 0.162 0.122 
526 OmyJC18ROGR    (1)    2 :  0.301 0.280 0.091 0.085 0.242 
527 OmyJC18ROGR    (0)    2 :  0.267 0.154 0.307 0.037 0.234 
528 OmyJC18ROGR    (0)    2 :  0.069 0.188 0.170 0.040 0.533 
529 OmyJC18ROGR    (1)    2 :  0.090 0.145 0.428 0.041 0.297 
530 OmyJC18ROGR    (0)    2 :  0.035 0.586 0.115 0.032 0.231 
531 OmyJC18ROGR    (0)    2 :  0.034 0.093 0.193 0.046 0.635 
532 OmyJC18ROGR    (1)    2 :  0.078 0.495 0.234 0.026 0.167 
533 OmyJC18ROGR    (2)    2 :  0.167 0.069 0.430 0.020 0.314 
534 OmyJC18ROGR    (2)    2 :  0.070 0.306 0.313 0.071 0.240 
535 OmyJC18ROGR    (0)    2 :  0.354 0.229 0.209 0.056 0.152 
536 OmyJC18ROGR    (0)    2 :  0.710 0.048 0.076 0.035 0.131 
537 OmyJC18ROGR    (0)    2 :  0.338 0.160 0.280 0.037 0.184 
538 OmyJC18ROGR    (0)    2 :  0.042 0.142 0.335 0.044 0.437 
539 OmyJC18ROGR    (1)    2 :  0.087 0.438 0.149 0.062 0.263 
540 OmyJC18ROGR    (6)    2 :  0.099 0.152 0.587 0.042 0.120 
541 OmyJC18ROGR    (1)    2 :  0.104 0.104 0.152 0.056 0.584 
542 OmyJC18ROGR    (1)    2 :  0.129 0.081 0.153 0.153 0.484 
543 OmyJC18ROGR    (0)    2 :  0.071 0.133 0.264 0.209 0.323 
544 OmyJC18ROGR    (2)    2 :  0.193 0.107 0.328 0.049 0.323 
545 OmyJC18ROGR    (1)    2 :  0.025 0.260 0.072 0.564 0.079 
546 OmyJC18ROGR    (6)    2 :  0.043 0.168 0.151 0.018 0.620 
547 OmyJC18ROGR    (0)    2 :  0.026 0.257 0.358 0.103 0.255 
548 OmyJC18ROGR    (1)    2 :  0.146 0.128 0.462 0.152 0.112 
549 OmyJC18ROGR    (0)    2 :  0.055 0.153 0.333 0.042 0.418 
550 OmyJC18ROGR    (1)    2 :  0.053 0.057 0.076 0.738 0.076 
551 OmyJC18ROGR    (1)    2 :  0.499 0.112 0.234 0.064 0.091 
552 OmyJC18ROGR    (2)    2 :  0.057 0.162 0.541 0.083 0.155 
553 OmyJC18ROGR    (7)    2 :  0.139 0.191 0.155 0.074 0.440 
554 OmyJC18ROGR    (2)    2 :  0.131 0.165 0.246 0.036 0.422 
555 OmyJC18ROGR    (3)    2 :  0.223 0.203 0.325 0.040 0.210 
556 OmyJC18ROGR    (0)    2 :  0.648 0.044 0.142 0.078 0.087 
557 OmyJC18ROGR    (1)    2 :  0.078 0.134 0.233 0.483 0.072 
558 OmyJC18ROGR    (0)    2 :  0.649 0.052 0.077 0.158 0.063 
559 OmyJC18ROGR    (0)    2 :  0.064 0.686 0.137 0.027 0.086 
560 OmyJC18ROGR    (5)    2 :  0.239 0.225 0.278 0.092 0.166 
561 OmyJC18ROGR    (0)    2 :  0.043 0.582 0.119 0.031 0.226 
562 OmyJC18ROGR    (6)    2 :  0.245 0.081 0.172 0.043 0.458 
563 OmyJC18ROGR    (2)    2 :  0.204 0.179 0.299 0.074 0.244 
564 OmyJC18ROGR    (3)    2 :  0.332 0.081 0.143 0.280 0.164 
565 OmyJC18ROGR    (3)    2 :  0.138 0.259 0.241 0.095 0.267 
566 OmyJC18ROGR    (1)    2 :  0.067 0.458 0.274 0.068 0.134 
567 OmyJC18ROGR    (0)    2 :  0.103 0.587 0.127 0.032 0.151 
568 OmyJC18ROGR    (3)    2 :  0.266 0.061 0.196 0.119 0.358 
569 OmyJC18ROGR    (2)    2 :  0.129 0.361 0.252 0.056 0.202 
570 OmyJC18ROGR    (0)    2 :  0.045 0.377 0.306 0.092 0.180 
571 OmyJC18ROGR    (1)    2 :  0.033 0.270 0.348 0.027 0.322 
572 OmyJC18ROGR    (4)    2 :  0.419 0.253 0.112 0.059 0.157 
573 OmyJC18ROGR    (3)    2 :  0.156 0.218 0.105 0.436 0.085 
574 OmyJC18ROGR    (5)    2 :  0.134 0.142 0.213 0.199 0.312 
575 OmyJC18ROGR    (3)    2 :  0.339 0.102 0.303 0.034 0.222 
576 OmyJC18ROGR    (0)    2 :  0.145 0.134 0.126 0.069 0.526 
577 OmyJC18ROGR    (0)    2 :  0.019 0.052 0.047 0.821 0.061 
578 OmyJC18ROGR    (1)    2 :  0.043 0.309 0.183 0.041 0.424 
579 OmyJC18ROGR    (0)    2 :  0.087 0.073 0.081 0.710 0.049 
580 OmyJC18ROGR    (0)    2 :  0.265 0.233 0.241 0.019 0.242 
581 OmyJC18ROGR    (3)    2 :  0.066 0.458 0.192 0.055 0.229 
582 OmyJC18ROGR    (6)    2 :  0.214 0.214 0.256 0.034 0.282 
583 OmyJC18ROGR    (3)    2 :  0.370 0.134 0.163 0.034 0.299 
584 OmyJC18ROGR    (3)    2 :  0.259 0.262 0.183 0.090 0.207 
585 OmyJC18ROGR    (1)    2 :  0.045 0.135 0.698 0.053 0.069 
586 OmyJC18ROGR    (1)    2 :  0.101 0.198 0.134 0.018 0.550 
587 OmyJC18ROGR    (0)    2 :  0.025 0.019 0.027 0.890 0.039 
588 OmyJC18ROGR    (0)    2 :  0.481 0.155 0.085 0.215 0.064 
589 OmyJC18ROGR    (1)    2 :  0.165 0.130 0.207 0.075 0.423 
590 OmyJC18ROGR    (2)    2 :  0.032 0.123 0.113 0.012 0.720 
591 OmyJC18ROGR    (0)    2 :  0.111 0.223 0.319 0.059 0.287 
592 OmyJC18ROGR    (3)    2 :  0.063 0.189 0.166 0.056 0.527 
593 OmyJC18ROGR    (0)    2 :  0.245 0.186 0.380 0.114 0.074 
594 OmyJC18ROGR    (1)    2 :  0.092 0.275 0.351 0.041 0.241 
595 OmyJC18ROGR    (0)    2 :  0.442 0.123 0.208 0.079 0.149 
596 OmyJC18ROGR    (1)    2 :  0.133 0.253 0.208 0.093 0.313 
597 OmyJC18ROGR    (0)    2 :  0.173 0.149 0.380 0.077 0.221 
598 OmyJC18ROGR    (1)    2 :  0.065 0.386 0.276 0.072 0.200 
599 OmyJC18ROGR    (0)    2 :  0.080 0.212 0.235 0.066 0.407 
600 OmyJC18ROGR    (0)    2 :  0.399 0.094 0.298 0.042 0.167 
601 OmyJC18ROGR    (0)    2 :  0.219 0.298 0.209 0.040 0.234 
602 OmyJC18ROGR    (0)    2 :  0.064 0.542 0.121 0.091 0.181 
603 OmyJC18ROGR    (0)    2 :  0.353 0.259 0.208 0.033 0.147 
604 OmyJC18ROGR    (0)    2 :  0.179 0.183 0.180 0.052 0.406 
605 OmyJC18ROGR    (0)    2 :  0.649 0.122 0.163 0.027 0.039 
606 OmyJC18ROGR    (0)    2 :  0.278 0.122 0.255 0.065 0.279 
