

----------------------------------------------------
STRUCTURE by Pritchard, Stephens and Donnelly (2000)
     and Falush, Stephens and Pritchard (2003)
       Code by Pritchard, Falush and Hubisz
             Version 2.3.4 (Jul 2012)
----------------------------------------------------



Command line arguments:   bin/structure -m "/Users/ddayan/FRA/premature_migration/Rogue_Half-Pounder/half-pounder/structure/halfpounder_2021/10k_20k_adm_corr/mainparams" -e "/Users/ddayan/FRA/premature_migration/Rogue_Half-Pounder/half-pounder/structure/halfpounder_2021/10k_20k_adm_corr/extraparams" 
Input File:    /Users/ddayan/FRA/premature_migration/Rogue_Half-Pounder/half-pounder/structure/halfpounder_2021/project_data

Run parameters:
   1000 individuals
   328 loci
   5 populations assumed
   10000 Burn-in period
   20000 Reps


--------------------------------------------
Proportion of membership of each pre-defined
 population in each of the 5 clusters

Given    Inferred Clusters                     Number of
 Pop       1      2      3      4      5      Individuals

  1:     0.215  0.210  0.202  0.203  0.169      275
  2:     0.200  0.211  0.193  0.206  0.191      643
  3:     0.117  0.075  0.046  0.068  0.696       42
  4:     0.262  0.277  0.054  0.327  0.080       40
--------------------------------------------

Allele-freq. divergence among pops (Net nucleotide distance),
computed using point estimates of P.

      1       2       3       4       5      
 1      -    0.0008  0.0081  0.0011  0.0029  
 2   0.0008     -    0.0087  0.0012  0.0035  
 3   0.0081  0.0087     -    0.0087  0.0111  
 4   0.0011  0.0012  0.0087     -    0.0039  
 5   0.0029  0.0035  0.0111  0.0039     -    

Average distances (expected heterozygosity) between individuals in same cluster:
cluster  1  : 0.2930 
cluster  2  : 0.2912 
cluster  3  : 0.2602 
cluster  4  : 0.2923 
cluster  5  : 0.2870 

--------------------------------------------
Estimated Ln Prob of Data   = -285865.8
Mean value of ln likelihood = -283627.6
Variance of ln likelihood   = 4476.5
Mean value of alpha         = 0.1971

Mean value of Fst_1         = 0.0092
Mean value of Fst_2         = 0.0109
Mean value of Fst_3         = 0.0734
Mean value of Fst_4         = 0.0134
Mean value of Fst_5         = 0.0246


Inferred ancestry of individuals:
        Label (%Miss) Pop:  Inferred clusters
  1 OmyAC19ROGR    (0)    1 :  0.226 0.410 0.017 0.107 0.241 
  2 OmyAC19ROGR    (0)    1 :  0.495 0.208 0.072 0.048 0.178 
  3 OmyAC19ROGR    (0)    1 :  0.362 0.319 0.062 0.063 0.193 
  4 OmyAC19ROGR    (0)    1 :  0.249 0.276 0.025 0.318 0.133 
  5 OmyAC19ROGR    (1)    1 :  0.015 0.015 0.948 0.013 0.009 
  6 OmyAC19ROGR    (0)    1 :  0.208 0.528 0.154 0.066 0.045 
  7 OmyAC19ROGR    (0)    1 :  0.104 0.163 0.181 0.408 0.144 
  8 OmyAC19ROGR    (0)    1 :  0.203 0.153 0.018 0.420 0.206 
  9 OmyAC19ROGR    (0)    1 :  0.275 0.261 0.235 0.062 0.167 
 10 OmyAC19ROGR    (0)    1 :  0.196 0.063 0.454 0.112 0.175 
 11 OmyAC19ROGR    (0)    1 :  0.073 0.410 0.068 0.260 0.189 
 12 OmyAC19ROGR    (0)    1 :  0.211 0.541 0.090 0.105 0.053 
 13 OmyAC19ROGR    (0)    1 :  0.067 0.080 0.022 0.708 0.122 
 14 OmyAC19ROGR    (0)    1 :  0.063 0.129 0.456 0.326 0.026 
 15 OmyAC19ROGR    (0)    1 :  0.052 0.115 0.418 0.374 0.041 
 16 OmyAC19ROGR    (0)    1 :  0.109 0.278 0.098 0.363 0.152 
 17 OmyAC19ROGR    (0)    1 :  0.309 0.296 0.073 0.303 0.020 
 18 OmyAC19ROGR    (2)    1 :  0.449 0.083 0.028 0.210 0.229 
 19 OmyAC19ROGR    (1)    1 :  0.310 0.064 0.051 0.433 0.142 
 20 OmyAC19ROGR    (0)    1 :  0.170 0.363 0.251 0.176 0.041 
 21 OmyAC19ROGR    (1)    1 :  0.319 0.108 0.210 0.248 0.116 
 22 OmyAC19ROGR    (0)    1 :  0.132 0.213 0.070 0.204 0.380 
 23 OmyAC19ROGR    (0)    1 :  0.354 0.172 0.273 0.089 0.112 
 24 OmyAC19ROGR    (0)    1 :  0.059 0.110 0.017 0.041 0.773 
 25 OmyAC19ROGR    (0)    1 :  0.174 0.131 0.224 0.390 0.080 
 26 OmyAC19ROGR    (0)    1 :  0.625 0.083 0.073 0.054 0.165 
 27 OmyAC19ROGR    (1)    1 :  0.118 0.218 0.054 0.558 0.053 
 28 OmyAC19ROGR    (0)    1 :  0.052 0.040 0.023 0.028 0.857 
 29 OmyAC19ROGR    (0)    1 :  0.343 0.264 0.060 0.213 0.119 
 30 OmyAC19ROGR    (0)    1 :  0.141 0.053 0.714 0.038 0.054 
 31 OmyAC19ROGR    (0)    1 :  0.146 0.450 0.042 0.246 0.117 
 32 OmyAC19ROGR    (0)    1 :  0.251 0.136 0.127 0.246 0.241 
 33 OmyAC19ROGR    (1)    1 :  0.259 0.248 0.098 0.102 0.294 
 34 OmyAC19ROGR    (0)    1 :  0.071 0.075 0.511 0.266 0.078 
 35 OmyAC19ROGR    (0)    1 :  0.361 0.138 0.063 0.127 0.311 
 36 OmyAC19ROGR    (0)    1 :  0.289 0.248 0.162 0.201 0.100 
 37 OmyAC19ROGR    (0)    1 :  0.088 0.081 0.094 0.074 0.663 
 38 OmyAC19ROGR    (0)    1 :  0.070 0.050 0.434 0.082 0.363 
 39 OmyAC19ROGR    (0)    1 :  0.640 0.079 0.065 0.172 0.045 
 40 OmyAC19ROGR    (0)    1 :  0.200 0.252 0.331 0.180 0.038 
 41 OmyAC19ROGR    (1)    1 :  0.169 0.172 0.037 0.538 0.083 
 42 OmyAC19ROGR    (0)    1 :  0.046 0.061 0.835 0.041 0.017 
 43 OmyAC19ROGR    (0)    1 :  0.362 0.334 0.040 0.110 0.155 
 44 OmyAC19ROGR    (6)    1 :  0.373 0.433 0.035 0.065 0.094 
 45 OmyAC19ROGR    (1)    1 :  0.099 0.192 0.360 0.064 0.285 
 46 OmyAC19ROGR    (0)    1 :  0.299 0.121 0.070 0.109 0.402 
 47 OmyAC19ROGR    (0)    1 :  0.089 0.098 0.065 0.060 0.688 
 48 OmyAC19ROGR    (0)    1 :  0.294 0.336 0.040 0.159 0.172 
 49 OmyAC19ROGR    (0)    1 :  0.230 0.229 0.035 0.167 0.338 
 50 OmyAC19ROGR    (0)    1 :  0.183 0.280 0.022 0.489 0.026 
 51 OmyAC19ROGR    (2)    1 :  0.050 0.086 0.743 0.068 0.054 
 52 OmyAC19ROGR    (0)    1 :  0.035 0.029 0.862 0.040 0.035 
 53 OmyAC19ROGR    (1)    1 :  0.086 0.118 0.036 0.046 0.713 
 54 OmyAC19ROGR    (0)    1 :  0.177 0.125 0.071 0.101 0.526 
 55 OmyAC19ROGR    (3)    1 :  0.188 0.236 0.091 0.421 0.064 
 56 OmyAC19ROGR    (0)    1 :  0.094 0.067 0.070 0.149 0.620 
 57 OmyAC19ROGR    (0)    1 :  0.093 0.114 0.022 0.123 0.647 
 58 OmyAC19ROGR    (0)    1 :  0.088 0.087 0.694 0.058 0.073 
 59 OmyAC19ROGR    (0)    1 :  0.086 0.202 0.018 0.155 0.539 
 60 OmyAC19ROGR    (1)    1 :  0.179 0.171 0.111 0.437 0.101 
 61 OmyAC19ROGR    (0)    1 :  0.207 0.182 0.049 0.117 0.445 
 62 OmyAC19ROGR    (0)    1 :  0.475 0.323 0.038 0.096 0.068 
 63 OmyAC19ROGR    (0)    1 :  0.064 0.190 0.235 0.064 0.448 
 64 OmyAC19ROGR    (2)    1 :  0.241 0.401 0.078 0.160 0.120 
 65 OmyAC19ROGR    (0)    1 :  0.176 0.230 0.045 0.438 0.110 
 66 OmyAC19ROGR    (3)    1 :  0.107 0.090 0.273 0.493 0.038 
 67 OmyAC19ROGR    (0)    1 :  0.121 0.131 0.034 0.143 0.571 
 68 OmyAC19ROGR    (1)    1 :  0.455 0.112 0.045 0.073 0.316 
 69 OmyAC19ROGR    (2)    1 :  0.099 0.056 0.203 0.073 0.569 
 70 OmyAC19ROGR    (0)    1 :  0.312 0.233 0.035 0.172 0.248 
 71 OmyAC19ROGR    (0)    1 :  0.113 0.333 0.036 0.369 0.148 
 72 OmyAC19ROGR    (4)    1 :  0.152 0.561 0.025 0.150 0.112 
 73 OmyAC19ROGR    (0)    1 :  0.265 0.225 0.190 0.070 0.250 
 74 OmyAC19ROGR    (0)    1 :  0.269 0.491 0.036 0.164 0.040 
 75 OmyAC19ROGR    (0)    1 :  0.222 0.110 0.125 0.280 0.263 
 76 OmyAC19ROGR    (0)    1 :  0.133 0.090 0.057 0.047 0.672 
 77 OmyAC19ROGR    (1)    1 :  0.018 0.022 0.932 0.015 0.012 
 78 OmyAC19ROGR    (0)    1 :  0.484 0.203 0.041 0.180 0.093 
 79 OmyAC19ROGR    (2)    1 :  0.443 0.225 0.058 0.126 0.148 
 80 OmyAC19ROGR    (1)    1 :  0.049 0.073 0.708 0.086 0.083 
 81 OmyAC19ROGR    (2)    1 :  0.172 0.201 0.422 0.107 0.099 
 82 OmyAC19ROGR    (1)    1 :  0.080 0.142 0.016 0.068 0.694 
 83 OmyAC19ROGR    (0)    1 :  0.138 0.125 0.040 0.305 0.392 
 84 OmyAC19ROGR    (0)    1 :  0.579 0.119 0.142 0.109 0.051 
 85 OmyAC19ROGR    (5)    1 :  0.301 0.180 0.036 0.298 0.186 
 86 OmyAC19ROGR    (0)    1 :  0.159 0.207 0.121 0.486 0.028 
 87 OmyAC19ROGR    (1)    1 :  0.492 0.116 0.042 0.083 0.266 
 88 OmyJC19ROGR    (0)    2 :  0.045 0.032 0.852 0.043 0.028 
 89 OmyJC19ROGR    (0)    2 :  0.695 0.075 0.057 0.116 0.057 
 90 OmyJC19ROGR    (0)    2 :  0.024 0.028 0.901 0.031 0.016 
 91 OmyJC19ROGR    (1)    2 :  0.170 0.184 0.015 0.305 0.325 
 92 OmyJC19ROGR    (0)    2 :  0.092 0.074 0.062 0.089 0.683 
 93 OmyJC19ROGR    (0)    2 :  0.117 0.080 0.018 0.051 0.733 
 94 OmyJC19ROGR    (0)    2 :  0.220 0.425 0.146 0.166 0.043 
 95 OmyJC19ROGR    (0)    2 :  0.517 0.248 0.111 0.090 0.035 
 96 OmyJC19ROGR    (0)    2 :  0.101 0.191 0.070 0.583 0.056 
 97 OmyJC19ROGR    (0)    2 :  0.060 0.038 0.142 0.023 0.737 
 98 OmyJC19ROGR    (0)    2 :  0.223 0.412 0.028 0.196 0.141 
 99 OmyJC19ROGR    (0)    2 :  0.081 0.189 0.076 0.125 0.529 
100 OmyJC19ROGR    (1)    2 :  0.502 0.138 0.046 0.243 0.071 
101 OmyJC19ROGR    (0)    2 :  0.188 0.078 0.493 0.080 0.160 
102 OmyJC19ROGR    (0)    2 :  0.426 0.126 0.075 0.328 0.046 
103 OmyJC19ROGR    (0)    2 :  0.443 0.166 0.127 0.116 0.147 
104 OmyJC19ROGR    (0)    2 :  0.262 0.152 0.037 0.085 0.465 
105 OmyJC19ROGR    (0)    2 :  0.041 0.189 0.136 0.058 0.576 
106 OmyJC19ROGR    (0)    2 :  0.020 0.012 0.923 0.016 0.029 
107 OmyJC19ROGR    (1)    2 :  0.143 0.145 0.096 0.452 0.163 
108 OmyJC19ROGR    (0)    2 :  0.168 0.262 0.068 0.238 0.263 
109 OmyJC19ROGR    (0)    2 :  0.160 0.181 0.165 0.469 0.026 
110 OmyJC19ROGR    (0)    2 :  0.102 0.081 0.280 0.051 0.486 
111 OmyJC19ROGR    (1)    2 :  0.075 0.106 0.083 0.167 0.569 
112 OmyJC19ROGR    (2)    2 :  0.153 0.454 0.120 0.216 0.057 
113 OmyJC19ROGR    (0)    2 :  0.126 0.090 0.605 0.115 0.064 
114 OmyJC19ROGR    (3)    2 :  0.552 0.130 0.040 0.197 0.080 
115 OmyJC19ROGR    (1)    2 :  0.141 0.427 0.060 0.032 0.340 
116 OmyJC19ROGR    (0)    2 :  0.626 0.118 0.075 0.121 0.059 
117 OmyJC19ROGR    (0)    2 :  0.228 0.363 0.173 0.183 0.053 
118 OmyJC19ROGR    (0)    2 :  0.554 0.179 0.023 0.138 0.105 
119 OmyJC19ROGR    (2)    2 :  0.407 0.188 0.044 0.313 0.048 
120 OmyJC19ROGR    (0)    2 :  0.069 0.034 0.017 0.048 0.833 
121 OmyJC19ROGR    (0)    2 :  0.265 0.286 0.049 0.356 0.045 
122 OmyJC19ROGR    (0)    2 :  0.392 0.186 0.058 0.218 0.145 
123 OmyJC19ROGR    (0)    2 :  0.278 0.165 0.025 0.370 0.162 
124 OmyJC19ROGR    (0)    2 :  0.143 0.560 0.128 0.110 0.060 
125 OmyJC19ROGR    (0)    2 :  0.199 0.230 0.106 0.070 0.395 
126 OmyJC19ROGR    (1)    2 :  0.081 0.106 0.709 0.061 0.043 
127 OmyJC19ROGR    (0)    2 :  0.052 0.083 0.036 0.766 0.062 
128 OmyJC19ROGR    (1)    2 :  0.194 0.068 0.043 0.102 0.594 
129 OmyJC19ROGR    (0)    2 :  0.243 0.175 0.304 0.117 0.161 
130 OmyJC19ROGR    (2)    2 :  0.353 0.490 0.049 0.080 0.028 
131 OmyJC19ROGR    (0)    2 :  0.286 0.382 0.073 0.097 0.162 
132 OmyJC19ROGR    (1)    2 :  0.228 0.133 0.045 0.104 0.489 
133 OmyJC19ROGR    (0)    2 :  0.528 0.258 0.025 0.116 0.073 
134 OmyJC19ROGR    (0)    2 :  0.326 0.128 0.067 0.383 0.095 
135 OmyJC19ROGR    (1)    2 :  0.036 0.044 0.028 0.029 0.863 
136 OmyJC19ROGR    (3)    2 :  0.596 0.135 0.035 0.130 0.105 
137 OmyJC19ROGR    (0)    2 :  0.075 0.270 0.186 0.417 0.052 
138 OmyJC19ROGR    (0)    2 :  0.086 0.097 0.711 0.075 0.031 
139 OmyJC19ROGR    (2)    2 :  0.261 0.397 0.026 0.239 0.077 
140 OmyJC19ROGR    (2)    2 :  0.150 0.198 0.093 0.482 0.077 
141 OmyJC19ROGR    (0)    2 :  0.160 0.108 0.317 0.276 0.138 
142 OmyJC19ROGR    (0)    2 :  0.149 0.136 0.318 0.190 0.207 
143 OmyJC19ROGR    (0)    2 :  0.101 0.088 0.044 0.034 0.733 
144 OmyJC19ROGR    (0)    2 :  0.228 0.257 0.016 0.415 0.084 
145 OmyJC19ROGR    (0)    2 :  0.293 0.459 0.032 0.175 0.041 
146 OmyJC19ROGR    (1)    2 :  0.129 0.092 0.072 0.073 0.634 
147 OmyJC19ROGR    (0)    2 :  0.155 0.145 0.064 0.475 0.160 
148 OmyJC19ROGR    (0)    2 :  0.094 0.370 0.020 0.368 0.148 
149 OmyJC19ROGR    (1)    2 :  0.257 0.115 0.067 0.145 0.416 
150 OmyJC19ROGR    (1)    2 :  0.270 0.095 0.058 0.150 0.428 
151 OmyJC19ROGR    (0)    2 :  0.266 0.102 0.101 0.373 0.158 
152 OmyJC19ROGR    (0)    2 :  0.225 0.413 0.042 0.175 0.146 
153 OmyJC19ROGR    (0)    2 :  0.036 0.035 0.033 0.036 0.860 
154 OmyJC19ROGR    (1)    2 :  0.412 0.247 0.052 0.235 0.054 
155 OmyJC19ROGR    (0)    2 :  0.220 0.212 0.102 0.204 0.263 
156 OmyJC19ROGR    (1)    2 :  0.154 0.255 0.113 0.300 0.178 
157 OmyJC19ROGR    (0)    2 :  0.178 0.440 0.069 0.121 0.192 
158 OmyJC19ROGR    (0)    2 :  0.537 0.161 0.019 0.141 0.142 
159 OmyJC19ROGR    (0)    2 :  0.240 0.417 0.036 0.270 0.037 
160 OmyJC19ROGR    (0)    2 :  0.080 0.261 0.059 0.309 0.292 
161 OmyJC19ROGR    (0)    2 :  0.104 0.413 0.022 0.199 0.263 
162 OmyJC19ROGR    (0)    2 :  0.206 0.169 0.049 0.414 0.162 
163 OmyJC19ROGR    (0)    2 :  0.104 0.154 0.037 0.118 0.587 
164 OmyJC19ROGR    (0)    2 :  0.278 0.265 0.027 0.345 0.085 
165 OmyJC19ROGR    (0)    2 :  0.139 0.397 0.023 0.289 0.153 
166 OmyJC19ROGR    (0)    2 :  0.251 0.453 0.049 0.180 0.067 
167 OmyJC19ROGR    (1)    2 :  0.215 0.157 0.098 0.153 0.377 
168 OmyJC19ROGR    (0)    2 :  0.739 0.067 0.048 0.090 0.056 
169 OmyJC19ROGR    (0)    2 :  0.021 0.020 0.919 0.028 0.011 
170 OmyJC19ROGR    (0)    2 :  0.060 0.112 0.054 0.075 0.699 
171 OmyJC19ROGR    (0)    2 :  0.227 0.411 0.024 0.242 0.096 
172 OmyJC19ROGR    (0)    2 :  0.131 0.072 0.311 0.120 0.366 
173 OmyJC19ROGR    (0)    2 :  0.031 0.033 0.879 0.031 0.025 
174 OmyJC19ROGR    (0)    2 :  0.223 0.530 0.028 0.087 0.132 
175 OmyJC19ROGR    (0)    2 :  0.557 0.231 0.031 0.123 0.058 
176 OmyJC19ROGR    (0)    2 :  0.194 0.081 0.074 0.128 0.523 
177 OmyJC19ROGR    (0)    2 :  0.034 0.105 0.011 0.031 0.820 
178 OmyJC19ROGR    (0)    2 :  0.119 0.228 0.037 0.593 0.022 
179 OmyJC19ROGR    (0)    2 :  0.146 0.215 0.018 0.192 0.428 
180 OmyJC19ROGR    (0)    2 :  0.060 0.026 0.841 0.028 0.046 
181 OmyJC19ROGR    (0)    2 :  0.288 0.388 0.055 0.172 0.097 
182 OmyJC19ROGR    (0)    2 :  0.179 0.172 0.173 0.371 0.104 
183 OmyJC19ROGR    (0)    2 :  0.155 0.370 0.033 0.366 0.077 
184 OmyJC19ROGR    (0)    2 :  0.102 0.078 0.599 0.101 0.119 
185 OmyJC19ROGR    (1)    2 :  0.825 0.039 0.011 0.067 0.058 
186 OmyJC19ROGR    (0)    2 :  0.180 0.139 0.083 0.070 0.529 
187 OmyJC19ROGR    (0)    2 :  0.066 0.832 0.024 0.037 0.041 
188 OmyJC19ROGR    (0)    2 :  0.102 0.511 0.036 0.192 0.159 
189 OmyJC19ROGR    (0)    2 :  0.358 0.096 0.160 0.105 0.281 
190 OmyJC19ROGR    (0)    2 :  0.110 0.069 0.036 0.079 0.707 
191 OmyJC19ROGR    (0)    2 :  0.095 0.432 0.035 0.055 0.383 
192 OmyJC19ROGR    (0)    2 :  0.097 0.044 0.033 0.794 0.032 
193 OmyJC19ROGR    (1)    2 :  0.228 0.292 0.118 0.229 0.133 
194 OmyJC19ROGR    (0)    2 :  0.079 0.048 0.018 0.807 0.048 
195 OmyJC19ROGR    (0)    2 :  0.063 0.068 0.776 0.070 0.023 
196 OmyJC19ROGR    (0)    2 :  0.186 0.700 0.030 0.059 0.025 
197 OmyJC19ROGR    (0)    2 :  0.122 0.157 0.063 0.216 0.442 
198 OmyJC19ROGR    (0)    2 :  0.070 0.052 0.735 0.077 0.066 
199 OmyJC19ROGR    (0)    2 :  0.321 0.257 0.026 0.286 0.110 
200 OmyJC19ROGR    (0)    2 :  0.181 0.065 0.070 0.066 0.618 
201 OmyJC19ROGR    (0)    2 :  0.147 0.514 0.023 0.233 0.083 
202 OmyJC19ROGR    (0)    2 :  0.038 0.047 0.014 0.064 0.837 
203 OmyJC19ROGR    (0)    2 :  0.165 0.485 0.041 0.195 0.114 
204 OmyJC19ROGR    (0)    2 :  0.093 0.406 0.042 0.296 0.163 
205 OmyJC19ROGR    (0)    2 :  0.159 0.541 0.098 0.112 0.090 
206 OmyJC19ROGR    (0)    2 :  0.062 0.041 0.834 0.028 0.035 
207 OmyJC19ROGR    (0)    2 :  0.205 0.281 0.264 0.132 0.118 
208 OmyJC19ROGR    (0)    2 :  0.102 0.282 0.032 0.530 0.053 
209 OmyJC19ROGR    (0)    2 :  0.144 0.076 0.474 0.089 0.216 
210 OmyJC19ROGR    (0)    2 :  0.037 0.035 0.897 0.016 0.016 
211 OmyJC19ROGR    (0)    2 :  0.412 0.095 0.137 0.263 0.093 
212 OmyJC19ROGR    (1)    2 :  0.079 0.161 0.157 0.115 0.488 
213 OmyJC19ROGR    (1)    2 :  0.225 0.486 0.037 0.166 0.086 
214 OmyJC19ROGR    (0)    2 :  0.080 0.737 0.037 0.100 0.045 
215 OmyJC19ROGR    (0)    2 :  0.177 0.056 0.026 0.675 0.066 
216 OmyJC19ROGR    (0)    2 :  0.049 0.089 0.778 0.052 0.032 
217 OmyJC19ROGR    (0)    2 :  0.134 0.172 0.378 0.221 0.095 
218 OmyJC19ROGR    (0)    2 :  0.096 0.316 0.034 0.094 0.460 
219 OmyJC19ROGR    (0)    2 :  0.190 0.173 0.090 0.511 0.036 
220 OmyJC19ROGR    (0)    2 :  0.376 0.177 0.014 0.289 0.144 
221 OmyJC19ROGR    (0)    2 :  0.318 0.354 0.206 0.072 0.050 
222 OmyJC19ROGR    (0)    2 :  0.154 0.285 0.037 0.182 0.343 
223 OmyJC19ROGR    (0)    2 :  0.144 0.457 0.057 0.246 0.096 
224 OmyJC19ROGR    (0)    2 :  0.228 0.120 0.027 0.555 0.069 
225 OmyJC19ROGR    (0)    2 :  0.022 0.022 0.919 0.020 0.017 
226 OmyJC19ROGR    (0)    2 :  0.573 0.121 0.142 0.120 0.044 
227 OmyJC19ROGR    (1)    2 :  0.029 0.034 0.880 0.020 0.036 
228 OmyJC19ROGR    (0)    2 :  0.137 0.379 0.033 0.404 0.047 
229 OmyJC19ROGR    (1)    2 :  0.186 0.555 0.032 0.103 0.124 
230 OmyJC19ROGR    (0)    2 :  0.182 0.384 0.182 0.092 0.160 
231 OmyJC19ROGR    (0)    2 :  0.215 0.425 0.082 0.228 0.050 
232 OmyJC19ROGR    (1)    2 :  0.546 0.101 0.038 0.199 0.116 
233 OmyJC19ROGR    (0)    2 :  0.137 0.375 0.159 0.224 0.106 
234 OmyJC19ROGR    (0)    2 :  0.030 0.027 0.890 0.023 0.030 
235 OmyJC19ROGR    (0)    2 :  0.072 0.046 0.637 0.131 0.114 
236 OmyJC19ROGR    (1)    2 :  0.088 0.136 0.032 0.554 0.190 
237 OmyJC19ROGR    (0)    2 :  0.296 0.188 0.061 0.308 0.147 
238 OmyJC19ROGR    (0)    2 :  0.177 0.378 0.085 0.305 0.056 
239 OmyJC19ROGR    (0)    2 :  0.350 0.081 0.083 0.398 0.087 
240 OmyJC19ROGR    (0)    2 :  0.383 0.310 0.048 0.166 0.093 
241 OmyJC19ROGR    (0)    2 :  0.123 0.184 0.083 0.132 0.477 
242 OmyJC19ROGR    (0)    2 :  0.095 0.052 0.020 0.688 0.144 
243 OmyJC19ROGR    (0)    2 :  0.137 0.321 0.048 0.192 0.302 
244 OmyJC19ROGR    (0)    2 :  0.087 0.320 0.072 0.098 0.423 
245 OmyJC19ROGR    (0)    2 :  0.041 0.018 0.905 0.018 0.018 
246 OmyJC19ROGR    (0)    2 :  0.093 0.143 0.164 0.091 0.508 
247 OmyJC19ROGR    (0)    2 :  0.076 0.117 0.592 0.078 0.136 
248 OmyJC19ROGR    (0)    2 :  0.242 0.073 0.529 0.092 0.063 
249 OmyJC19ROGR    (0)    2 :  0.308 0.433 0.059 0.147 0.053 
250 OmyJC19ROGR    (0)    2 :  0.167 0.252 0.081 0.394 0.105 
251 OmyJC19ROGR    (0)    2 :  0.316 0.465 0.040 0.102 0.077 
252 OmyJC19ROGR    (0)    2 :  0.095 0.079 0.041 0.034 0.751 
253 OmyJC19ROGR    (0)    2 :  0.284 0.158 0.083 0.380 0.095 
254 OmyJC19ROGR    (0)    2 :  0.146 0.273 0.059 0.104 0.418 
255 OmyJC19ROGR    (0)    2 :  0.314 0.203 0.035 0.035 0.413 
256 OmyJC19ROGR    (0)    2 :  0.106 0.241 0.328 0.060 0.266 
257 OmyJC19ROGR    (0)    2 :  0.345 0.449 0.064 0.082 0.060 
258 OmyAC19ROGR    (0)    1 :  0.189 0.121 0.181 0.338 0.171 
259 OmyAC19ROGR    (1)    1 :  0.223 0.087 0.374 0.237 0.080 
260 OmyAC19ROGR    (0)    1 :  0.151 0.143 0.024 0.619 0.063 
261 OmyAC19ROGR    (0)    1 :  0.424 0.275 0.045 0.213 0.043 
262 OmyAC19ROGR    (0)    1 :  0.512 0.170 0.095 0.115 0.108 
263 OmyAC19ROGR    (0)    1 :  0.095 0.204 0.055 0.145 0.500 
264 OmyAC19ROGR    (0)    1 :  0.179 0.521 0.049 0.158 0.093 
265 OmyAC19ROGR    (0)    1 :  0.325 0.308 0.047 0.104 0.216 
266 OmyAC19ROGR    (0)    1 :  0.219 0.653 0.022 0.060 0.046 
267 OmyAC19ROGR    (0)    1 :  0.523 0.167 0.107 0.123 0.080 
268 OmyAC19ROGR    (1)    1 :  0.118 0.173 0.171 0.121 0.417 
269 OmyAC19ROGR    (1)    1 :  0.286 0.142 0.157 0.357 0.058 
270 OmyAC19ROGR    (0)    1 :  0.286 0.293 0.028 0.045 0.348 
271 OmyAC19ROGR    (0)    1 :  0.191 0.120 0.268 0.348 0.073 
272 OmyAC19ROGR    (0)    1 :  0.127 0.525 0.164 0.150 0.035 
273 OmyAC19ROGR    (0)    1 :  0.194 0.171 0.035 0.435 0.166 
274 OmyAC19ROGR    (0)    1 :  0.096 0.067 0.753 0.041 0.042 
275 OmyAC19ROGR    (0)    1 :  0.110 0.140 0.101 0.346 0.304 
276 OmyAC19ROGR    (0)    1 :  0.150 0.255 0.058 0.448 0.088 
277 OmyAC19ROGR    (0)    1 :  0.264 0.193 0.080 0.420 0.043 
278 OmyAC19ROGR    (0)    1 :  0.148 0.276 0.343 0.175 0.057 
279 OmyAC19ROGR    (0)    1 :  0.050 0.060 0.158 0.691 0.041 
280 OmyAC19ROGR    (0)    1 :  0.508 0.126 0.098 0.046 0.222 
281 OmyAC19ROGR    (0)    1 :  0.331 0.144 0.045 0.396 0.085 
282 OmyAC19ROGR    (0)    1 :  0.619 0.091 0.133 0.070 0.087 
283 OmyAC19ROGR    (0)    1 :  0.166 0.387 0.047 0.317 0.083 
284 OmyAC19ROGR    (0)    1 :  0.105 0.592 0.025 0.142 0.136 
285 OmyAC19ROGR    (0)    1 :  0.163 0.208 0.050 0.242 0.336 
286 OmyAC19ROGR    (0)    1 :  0.149 0.313 0.025 0.283 0.230 
287 OmyAC19ROGR    (0)    1 :  0.012 0.013 0.953 0.011 0.012 
288 OmyAC19ROGR    (0)    1 :  0.060 0.061 0.775 0.069 0.035 
289 OmyAC19ROGR    (0)    1 :  0.108 0.152 0.127 0.541 0.072 
290 OmyAC19ROGR    (1)    1 :  0.018 0.015 0.931 0.019 0.017 
291 OmyAC19ROGR    (0)    1 :  0.213 0.131 0.422 0.084 0.151 
292 OmyAC19ROGR    (1)    1 :  0.290 0.176 0.188 0.287 0.060 
293 OmyAC19ROGR    (0)    1 :  0.074 0.098 0.026 0.123 0.679 
294 OmyAC19ROGR    (0)    1 :  0.132 0.172 0.343 0.300 0.052 
295 OmyAC19ROGR    (0)    1 :  0.222 0.238 0.025 0.363 0.151 
296 OmyAC19ROGR    (0)    1 :  0.155 0.189 0.035 0.476 0.146 
297 OmyAC19ROGR    (0)    1 :  0.089 0.081 0.729 0.072 0.030 
298 OmyAC19ROGR    (0)    1 :  0.084 0.208 0.027 0.617 0.065 
299 OmyAC19ROGR    (0)    1 :  0.189 0.124 0.269 0.167 0.250 
300 OmyAC19ROGR    (0)    1 :  0.406 0.167 0.032 0.294 0.101 
301 OmyAC19ROGR    (0)    1 :  0.036 0.027 0.890 0.025 0.022 
302 OmyAC19ROGR    (0)    1 :  0.108 0.139 0.475 0.215 0.063 
303 OmyAC19ROGR    (0)    1 :  0.217 0.139 0.108 0.475 0.061 
304 OmyAC19ROGR    (0)    1 :  0.108 0.091 0.120 0.604 0.077 
305 OmyAC19ROGR    (0)    1 :  0.166 0.194 0.032 0.518 0.090 
306 OmyAC19ROGR    (0)    1 :  0.091 0.134 0.682 0.071 0.021 
307 OmyAC19ROGR    (1)    1 :  0.520 0.154 0.025 0.115 0.186 
308 OmyAC19ROGR    (0)    1 :  0.462 0.294 0.089 0.106 0.049 
309 OmyAC19ROGR    (1)    1 :  0.028 0.044 0.871 0.026 0.031 
310 OmyAC19ROGR    (0)    1 :  0.364 0.130 0.359 0.084 0.063 
311 OmyAC19ROGR    (0)    1 :  0.073 0.075 0.486 0.311 0.055 
312 OmyAC19ROGR    (0)    1 :  0.150 0.097 0.041 0.193 0.520 
313 OmyAC19ROGR    (0)    1 :  0.315 0.365 0.019 0.199 0.102 
314 OmyAC19ROGR    (0)    1 :  0.106 0.115 0.045 0.082 0.653 
315 OmyAC19ROGR    (0)    1 :  0.196 0.365 0.072 0.268 0.100 
316 OmyAC19ROGR    (0)    1 :  0.573 0.255 0.031 0.079 0.062 
317 OmyAC19ROGR    (0)    1 :  0.175 0.063 0.041 0.214 0.508 
318 OmyAC19ROGR    (0)    1 :  0.179 0.243 0.032 0.097 0.448 
319 OmyAC19ROGR    (1)    1 :  0.101 0.275 0.021 0.498 0.106 
320 OmyAC19ROGR    (0)    1 :  0.058 0.668 0.010 0.211 0.052 
321 OmyAC19ROGR    (0)    1 :  0.223 0.337 0.032 0.350 0.058 
322 OmyAC19ROGR    (0)    1 :  0.251 0.098 0.452 0.131 0.067 
323 OmyAC19ROGR    (0)    1 :  0.066 0.458 0.026 0.422 0.028 
324 OmyAC19ROGR    (0)    1 :  0.132 0.669 0.025 0.078 0.096 
325 OmyAC19ROGR    (0)    1 :  0.453 0.173 0.283 0.049 0.041 
326 OmyAC19ROGR    (0)    1 :  0.195 0.553 0.049 0.147 0.056 
327 OmyAC19ROGR    (0)    1 :  0.058 0.623 0.038 0.145 0.136 
328 OmyAC20ROGR    (1)    1 :  0.276 0.164 0.031 0.363 0.167 
329 OmyAC20ROGR    (0)    1 :  0.261 0.139 0.074 0.258 0.268 
330 OmyAC20ROGR    (0)    1 :  0.123 0.433 0.071 0.178 0.195 
331 OmyAC20ROGR    (0)    1 :  0.087 0.403 0.285 0.095 0.130 
332 OmyAC20ROGR    (0)    1 :  0.234 0.185 0.204 0.125 0.252 
333 OmyAC20ROGR    (0)    1 :  0.142 0.179 0.316 0.062 0.302 
334 OmyAC20ROGR    (0)    1 :  0.179 0.100 0.023 0.147 0.551 
335 OmyAC20ROGR    (0)    1 :  0.290 0.261 0.048 0.196 0.204 
336 OmyAC20ROGR    (0)    1 :  0.498 0.127 0.113 0.189 0.073 
337 OmyAC20ROGR    (0)    1 :  0.141 0.133 0.455 0.203 0.069 
338 OmyAC20ROGR    (0)    1 :  0.425 0.140 0.140 0.093 0.202 
339 OmyAC20ROGR    (0)    1 :  0.189 0.273 0.106 0.327 0.104 
340 OmyAC20ROGR    (0)    1 :  0.086 0.087 0.052 0.047 0.729 
341 OmyAC20ROGR    (0)    1 :  0.106 0.096 0.073 0.058 0.667 
342 OmyAC20ROGR    (0)    1 :  0.165 0.207 0.182 0.166 0.279 
343 OmyAC20ROGR    (0)    1 :  0.497 0.162 0.050 0.070 0.222 
344 OmyAC20ROGR    (0)    1 :  0.189 0.236 0.179 0.076 0.320 
345 OmyAC20ROGR    (1)    1 :  0.649 0.119 0.121 0.081 0.030 
346 OmyAC20ROGR    (0)    1 :  0.338 0.315 0.168 0.064 0.114 
347 OmyAC20ROGR    (0)    1 :  0.220 0.276 0.254 0.168 0.082 
348 OmyAC20ROGR    (0)    1 :  0.073 0.095 0.184 0.067 0.581 
349 OmyAC20ROGR    (0)    1 :  0.425 0.190 0.048 0.057 0.280 
350 OmyAC20ROGR    (0)    1 :  0.170 0.224 0.068 0.474 0.064 
351 OmyAC20ROGR    (0)    1 :  0.303 0.250 0.116 0.072 0.259 
352 OmyAC20ROGR    (0)    1 :  0.176 0.198 0.047 0.463 0.116 
353 OmyAC20ROGR    (0)    1 :  0.480 0.338 0.028 0.061 0.092 
354 OmyAC20ROGR    (0)    1 :  0.215 0.100 0.279 0.080 0.326 
355 OmyAC20ROGR    (0)    1 :  0.346 0.113 0.066 0.155 0.320 
356 OmyAC20ROGR    (0)    1 :  0.249 0.234 0.041 0.316 0.160 
357 OmyAC20ROGR    (0)    1 :  0.157 0.372 0.092 0.332 0.047 
358 OmyAC20ROGR    (0)    1 :  0.109 0.417 0.040 0.357 0.077 
359 OmyAC20ROGR    (0)    1 :  0.070 0.055 0.190 0.663 0.022 
360 OmyAC20ROGR    (0)    1 :  0.249 0.270 0.219 0.148 0.115 
361 OmyAC20ROGR    (0)    1 :  0.059 0.486 0.035 0.368 0.051 
362 OmyAC20ROGR    (0)    1 :  0.243 0.228 0.040 0.445 0.045 
363 OmyAC20ROGR    (0)    1 :  0.222 0.226 0.134 0.092 0.326 
364 OmyAC20ROGR    (1)    1 :  0.137 0.075 0.026 0.343 0.420 
365 OmyAC20ROGR    (0)    1 :  0.338 0.443 0.021 0.129 0.069 
366 OmyAC20ROGR    (0)    1 :  0.227 0.439 0.024 0.069 0.241 
367 OmyAC20ROGR    (0)    1 :  0.209 0.500 0.098 0.107 0.086 
368 OmyAC20ROGR    (1)    1 :  0.280 0.092 0.094 0.488 0.045 
369 OmyAC20ROGR    (0)    1 :  0.229 0.086 0.330 0.129 0.227 
370 OmyAC20ROGR    (0)    1 :  0.078 0.077 0.726 0.056 0.064 
371 OmyAC20ROGR    (0)    1 :  0.060 0.038 0.813 0.051 0.037 
372 OmyAC20ROGR    (2)    1 :  0.023 0.026 0.908 0.025 0.018 
373 OmyAC20ROGR    (0)    1 :  0.123 0.307 0.429 0.101 0.040 
374 OmyAC20ROGR    (0)    1 :  0.138 0.317 0.031 0.330 0.183 
375 OmyAC20ROGR    (0)    1 :  0.183 0.471 0.076 0.195 0.075 
376 OmyAC20ROGR    (0)    1 :  0.189 0.076 0.511 0.139 0.084 
377 OmyAC20ROGR    (0)    1 :  0.102 0.491 0.024 0.101 0.282 
378 OmyAC20ROGR    (0)    1 :  0.412 0.104 0.024 0.303 0.157 
379 OmyAC20ROGR    (0)    1 :  0.219 0.125 0.430 0.099 0.128 
380 OmyAC20ROGR    (1)    1 :  0.386 0.461 0.023 0.081 0.048 
381 OmyAC20ROGR    (0)    1 :  0.159 0.431 0.106 0.262 0.042 
382 OmyAC20ROGR    (0)    1 :  0.034 0.049 0.864 0.037 0.017 
383 OmyAC20ROGR    (0)    1 :  0.592 0.194 0.115 0.074 0.026 
384 OmyAC20ROGR    (0)    1 :  0.239 0.143 0.330 0.150 0.138 
385 OmyAC20ROGR    (0)    1 :  0.128 0.203 0.249 0.391 0.030 
386 OmyAC20ROGR    (0)    1 :  0.465 0.271 0.117 0.072 0.075 
387 OmyAC20ROGR    (0)    1 :  0.081 0.363 0.354 0.158 0.044 
388 OmyAC20ROGR    (0)    1 :  0.143 0.172 0.285 0.106 0.294 
389 OmyAC20ROGR    (0)    1 :  0.176 0.249 0.031 0.489 0.055 
390 OmyAC20ROGR    (0)    1 :  0.123 0.345 0.025 0.388 0.118 
391 OmyAC20ROGR    (0)    1 :  0.113 0.112 0.444 0.118 0.213 
392 OmyAC20ROGR    (0)    1 :  0.258 0.163 0.286 0.133 0.160 
393 OmyAC20ROGR    (0)    1 :  0.231 0.415 0.064 0.097 0.194 
394 OmyAC20ROGR    (1)    1 :  0.176 0.088 0.076 0.619 0.041 
395 OmyAC20ROGR    (0)    1 :  0.409 0.179 0.072 0.118 0.222 
396 OmyAC20ROGR    (0)    1 :  0.110 0.337 0.041 0.450 0.062 
397 OmyAC20ROGR    (0)    1 :  0.156 0.298 0.281 0.214 0.051 
398 OmyAC20ROGR    (0)    1 :  0.072 0.071 0.700 0.063 0.093 
399 OmyAC20ROGR    (0)    1 :  0.275 0.213 0.214 0.199 0.099 
400 OmyAC20ROGR    (0)    1 :  0.273 0.244 0.118 0.243 0.122 
401 OmyAC20ROGR    (1)    1 :  0.037 0.024 0.848 0.044 0.048 
402 OmyAC20ROGR    (0)    1 :  0.217 0.111 0.029 0.111 0.532 
403 OmyAC20ROGR    (0)    1 :  0.430 0.107 0.142 0.106 0.214 
404 OmyAC20ROGR    (0)    1 :  0.325 0.253 0.024 0.164 0.234 
405 OmyAC20ROGR    (0)    1 :  0.277 0.268 0.323 0.097 0.034 
406 OmyAC20ROGR    (0)    1 :  0.275 0.184 0.073 0.237 0.232 
407 OmyAC20ROGR    (0)    1 :  0.355 0.343 0.059 0.217 0.026 
408 OmyAC20ROGR    (0)    1 :  0.318 0.211 0.079 0.132 0.260 
409 OmyAC20ROGR    (0)    1 :  0.146 0.491 0.058 0.273 0.032 
410 OmyAC20ROGR    (0)    1 :  0.024 0.033 0.896 0.033 0.015 
411 OmyAC20ROGR    (0)    1 :  0.099 0.075 0.581 0.196 0.050 
412 OmyAC20ROGR    (0)    1 :  0.090 0.284 0.118 0.119 0.389 
413 OmyAC20ROGR    (0)    1 :  0.087 0.357 0.042 0.490 0.025 
414 OmyAC20ROGR    (0)    1 :  0.151 0.083 0.353 0.160 0.253 
415 OmyAC20ROGR    (0)    1 :  0.621 0.116 0.023 0.129 0.111 
416 OmyAC20ROGR    (0)    1 :  0.349 0.242 0.078 0.137 0.194 
417 OmyAC20ROGR    (0)    1 :  0.134 0.359 0.025 0.346 0.136 
418 OmyAC20ROGR    (0)    1 :  0.313 0.272 0.145 0.189 0.081 
419 OmyAC20ROGR    (0)    1 :  0.057 0.297 0.415 0.192 0.039 
420 OmyAC20ROGR    (0)    1 :  0.116 0.272 0.034 0.338 0.241 
421 OmyAC20ROGR    (0)    1 :  0.125 0.379 0.097 0.195 0.205 
422 OmyAC20ROGR    (0)    1 :  0.032 0.033 0.882 0.027 0.025 
423 OmyAC20ROGR    (0)    1 :  0.164 0.717 0.028 0.071 0.021 
424 OmyAC20ROGR    (0)    1 :  0.333 0.174 0.026 0.425 0.042 
425 OmyAC20ROGR    (0)    1 :  0.024 0.019 0.861 0.024 0.072 
426 OmyAC20ROGR    (0)    1 :  0.414 0.289 0.081 0.159 0.057 
427 OmyAC20ROGR    (0)    1 :  0.241 0.316 0.192 0.180 0.072 
428 OmyAC20ROGR    (0)    1 :  0.024 0.024 0.912 0.017 0.022 
429 OmyAC20ROGR    (0)    1 :  0.147 0.202 0.025 0.557 0.069 
430 OmyAC20ROGR    (0)    1 :  0.310 0.207 0.093 0.354 0.036 
431 OmyAC20ROGR    (0)    1 :  0.339 0.086 0.410 0.068 0.097 
432 OmyAC20ROGR    (0)    1 :  0.044 0.042 0.837 0.035 0.043 
433 OmyAC20ROGR    (0)    1 :  0.025 0.023 0.887 0.031 0.033 
434 OmyAC20ROGR    (0)    1 :  0.565 0.052 0.172 0.192 0.019 
435 OmyAC20ROGR    (0)    1 :  0.743 0.138 0.017 0.038 0.064 
436 OmyAC20ROGR    (0)    1 :  0.230 0.621 0.039 0.087 0.022 
437 OmyAC20ROGR    (0)    1 :  0.066 0.106 0.627 0.154 0.047 
438 OmyAC20ROGR    (0)    1 :  0.276 0.073 0.349 0.234 0.067 
439 OmyAC20ROGR    (0)    1 :  0.367 0.152 0.057 0.362 0.062 
440 OmyAC20ROGR    (0)    1 :  0.061 0.064 0.770 0.050 0.055 
441 OmyAC20ROGR    (0)    1 :  0.128 0.270 0.026 0.474 0.103 
442 OmyAC20ROGR    (0)    1 :  0.348 0.145 0.058 0.384 0.064 
443 OmyAC20ROGR    (0)    1 :  0.173 0.087 0.019 0.172 0.550 
444 OmyAC20ROGR    (0)    1 :  0.333 0.332 0.102 0.198 0.035 
445 OmyAC20ROGR    (0)    1 :  0.235 0.154 0.101 0.469 0.040 
446 OmyJC18ROGR    (0)    2 :  0.092 0.211 0.044 0.129 0.524 
447 OmyJC18ROGR    (0)    2 :  0.293 0.309 0.051 0.252 0.095 
448 OmyJC18ROGR    (0)    2 :  0.290 0.510 0.057 0.113 0.030 
449 OmyJC18ROGR    (0)    2 :  0.078 0.065 0.688 0.107 0.062 
450 OmyJC18ROGR    (0)    2 :  0.117 0.065 0.667 0.073 0.077 
451 OmyJC18ROGR    (0)    2 :  0.042 0.031 0.872 0.031 0.025 
452 OmyJC18ROGR    (0)    2 :  0.174 0.277 0.249 0.089 0.211 
453 OmyJC18ROGR    (0)    2 :  0.197 0.073 0.028 0.132 0.571 
454 OmyJC18ROGR    (0)    2 :  0.045 0.040 0.859 0.032 0.024 
455 OmyJC18ROGR    (0)    2 :  0.097 0.267 0.030 0.555 0.051 
456 OmyJC18ROGR    (0)    2 :  0.036 0.044 0.867 0.036 0.016 
457 OmyJC18ROGR    (0)    2 :  0.241 0.453 0.054 0.204 0.048 
458 OmyJC18ROGR    (0)    2 :  0.157 0.109 0.157 0.145 0.432 
459 OmyJC18ROGR    (0)    2 :  0.194 0.204 0.018 0.296 0.287 
460 OmyJC18ROGR    (2)    2 :  0.247 0.110 0.379 0.196 0.068 
461 OmyJC18ROGR    (1)    2 :  0.320 0.130 0.288 0.095 0.167 
462 OmyJC18ROGR    (3)    2 :  0.225 0.087 0.371 0.211 0.107 
463 OmyJC18ROGR    (1)    2 :  0.089 0.076 0.687 0.081 0.067 
464 OmyJC18ROGR    (3)    2 :  0.215 0.654 0.024 0.079 0.028 
465 OmyJC18ROGR    (3)    2 :  0.083 0.151 0.051 0.673 0.043 
466 OmyJC18ROGR    (0)    2 :  0.632 0.095 0.121 0.103 0.048 
467 OmyJC18ROGR    (1)    2 :  0.336 0.153 0.042 0.403 0.066 
468 OmyJC18ROGR    (0)    2 :  0.175 0.111 0.045 0.632 0.037 
469 OmyJC18ROGR    (0)    2 :  0.064 0.036 0.745 0.117 0.038 
470 OmyJC18ROGR    (3)    2 :  0.105 0.120 0.535 0.157 0.084 
471 OmyJC18ROGR    (1)    2 :  0.338 0.181 0.262 0.087 0.132 
472 OmyJC18ROGR    (1)    2 :  0.272 0.407 0.084 0.182 0.055 
473 OmyJC18ROGR    (2)    2 :  0.227 0.604 0.035 0.075 0.060 
474 OmyJC18ROGR    (0)    2 :  0.134 0.184 0.050 0.099 0.532 
475 OmyJC18ROGR    (1)    2 :  0.055 0.032 0.667 0.049 0.197 
476 OmyJC18ROGR    (2)    2 :  0.243 0.211 0.018 0.211 0.317 
477 OmyJC18ROGR    (3)    2 :  0.354 0.065 0.078 0.414 0.088 
478 OmyJC18ROGR    (0)    2 :  0.362 0.152 0.045 0.095 0.346 
479 OmyJC18ROGR    (0)    2 :  0.077 0.704 0.020 0.152 0.047 
480 OmyJC18ROGR    (0)    2 :  0.204 0.420 0.152 0.155 0.068 
481 OmyJC18ROGR    (2)    2 :  0.167 0.272 0.241 0.103 0.217 
482 OmyJC18ROGR    (3)    2 :  0.325 0.132 0.021 0.463 0.059 
483 OmyJC18ROGR    (3)    2 :  0.259 0.225 0.046 0.443 0.027 
484 OmyJC18ROGR    (3)    2 :  0.431 0.135 0.040 0.236 0.159 
485 OmyJC18ROGR    (2)    2 :  0.068 0.170 0.631 0.081 0.050 
486 OmyJC18ROGR    (2)    2 :  0.161 0.115 0.413 0.256 0.055 
487 OmyJC18ROGR    (1)    2 :  0.581 0.096 0.093 0.049 0.181 
488 OmyJC18ROGR    (3)    2 :  0.653 0.160 0.053 0.071 0.064 
489 OmyJC18ROGR    (0)    2 :  0.532 0.134 0.031 0.194 0.109 
490 OmyJC18ROGR    (2)    2 :  0.298 0.262 0.078 0.261 0.101 
491 OmyJC18ROGR    (4)    2 :  0.069 0.154 0.129 0.105 0.544 
492 OmyJC18ROGR    (4)    2 :  0.060 0.048 0.023 0.118 0.751 
493 OmyJC18ROGR    (3)    2 :  0.442 0.216 0.112 0.183 0.047 
494 OmyJC18ROGR    (3)    2 :  0.040 0.035 0.879 0.027 0.019 
495 OmyJC18ROGR    (3)    2 :  0.129 0.200 0.162 0.092 0.417 
496 OmyJC18ROGR    (0)    2 :  0.235 0.171 0.071 0.273 0.251 
497 OmyJC18ROGR    (5)    2 :  0.223 0.279 0.089 0.219 0.191 
498 OmyJC18ROGR    (3)    2 :  0.447 0.131 0.176 0.134 0.112 
499 OmyJC18ROGR    (1)    2 :  0.350 0.136 0.046 0.305 0.163 
500 OmyJC18ROGR    (1)    2 :  0.225 0.206 0.029 0.425 0.115 
501 OmyJC18ROGR    (3)    2 :  0.124 0.238 0.462 0.096 0.080 
502 OmyJC18ROGR    (1)    2 :  0.059 0.177 0.211 0.515 0.038 
503 OmyJC18ROGR    (4)    2 :  0.153 0.388 0.050 0.380 0.028 
504 OmyJC18ROGR    (1)    2 :  0.080 0.097 0.299 0.500 0.024 
505 OmyJC18ROGR    (0)    2 :  0.126 0.116 0.261 0.186 0.310 
506 OmyJC18ROGR    (6)    2 :  0.336 0.142 0.055 0.181 0.285 
507 OmyJC18ROGR    (0)    2 :  0.173 0.350 0.144 0.260 0.073 
508 OmyJC18ROGR    (0)    2 :  0.087 0.205 0.082 0.566 0.060 
509 OmyJC18ROGR    (2)    2 :  0.029 0.023 0.891 0.027 0.031 
510 OmyJC18ROGR    (1)    2 :  0.449 0.230 0.028 0.174 0.119 
511 OmyJC18ROGR    (3)    2 :  0.085 0.067 0.136 0.048 0.664 
512 OmyJC18ROGR    (2)    2 :  0.065 0.067 0.771 0.072 0.024 
513 OmyJC18ROGR    (7)    2 :  0.177 0.091 0.187 0.093 0.453 
514 OmyJC18ROGR    (3)    2 :  0.049 0.086 0.575 0.085 0.204 
515 OmyJC18ROGR    (0)    2 :  0.348 0.320 0.064 0.161 0.106 
516 OmyJC18ROGR    (2)    2 :  0.168 0.405 0.200 0.121 0.106 
517 OmyJC18ROGR    (2)    2 :  0.279 0.119 0.248 0.088 0.266 
518 OmyJC18ROGR    (0)    2 :  0.253 0.355 0.045 0.269 0.079 
519 OmyJC18ROGR    (7)    2 :  0.088 0.114 0.040 0.044 0.714 
520 OmyJC18ROGR    (4)    2 :  0.239 0.160 0.200 0.064 0.337 
521 OmyJC18ROGR    (1)    2 :  0.280 0.173 0.189 0.119 0.238 
522 OmyJC18ROGR    (1)    2 :  0.305 0.143 0.085 0.426 0.040 
523 OmyJC18ROGR    (3)    2 :  0.220 0.220 0.044 0.419 0.097 
524 OmyJC18ROGR    (1)    2 :  0.155 0.216 0.034 0.555 0.041 
525 OmyJC18ROGR    (2)    2 :  0.144 0.086 0.136 0.304 0.330 
526 OmyJC18ROGR    (1)    2 :  0.171 0.189 0.072 0.203 0.365 
527 OmyJC18ROGR    (0)    2 :  0.324 0.274 0.030 0.101 0.271 
528 OmyJC18ROGR    (0)    2 :  0.256 0.493 0.032 0.152 0.067 
529 OmyJC18ROGR    (1)    2 :  0.172 0.636 0.029 0.081 0.082 
530 OmyJC18ROGR    (0)    2 :  0.095 0.146 0.024 0.698 0.038 
531 OmyJC18ROGR    (0)    2 :  0.122 0.725 0.036 0.088 0.028 
532 OmyJC18ROGR    (1)    2 :  0.178 0.216 0.025 0.510 0.071 
533 OmyJC18ROGR    (2)    2 :  0.479 0.286 0.018 0.077 0.140 
534 OmyJC18ROGR    (2)    2 :  0.279 0.309 0.054 0.295 0.062 
535 OmyJC18ROGR    (0)    2 :  0.263 0.185 0.051 0.156 0.345 
536 OmyJC18ROGR    (0)    2 :  0.078 0.122 0.030 0.044 0.726 
537 OmyJC18ROGR    (0)    2 :  0.199 0.320 0.028 0.129 0.324 
538 OmyJC18ROGR    (0)    2 :  0.220 0.574 0.040 0.131 0.035 
539 OmyJC18ROGR    (1)    2 :  0.185 0.193 0.059 0.482 0.081 
540 OmyJC18ROGR    (6)    2 :  0.724 0.093 0.040 0.067 0.076 
541 OmyJC18ROGR    (1)    2 :  0.175 0.555 0.050 0.071 0.150 
542 OmyJC18ROGR    (1)    2 :  0.175 0.439 0.164 0.094 0.127 
543 OmyJC18ROGR    (0)    2 :  0.343 0.295 0.203 0.107 0.052 
544 OmyJC18ROGR    (2)    2 :  0.448 0.314 0.040 0.073 0.125 
545 OmyJC18ROGR    (1)    2 :  0.061 0.055 0.565 0.299 0.019 
546 OmyJC18ROGR    (6)    2 :  0.045 0.839 0.011 0.069 0.035 
547 OmyJC18ROGR    (0)    2 :  0.218 0.190 0.120 0.449 0.023 
548 OmyJC18ROGR    (1)    2 :  0.510 0.115 0.146 0.113 0.116 
549 OmyJC18ROGR    (0)    2 :  0.153 0.633 0.034 0.131 0.050 
550 OmyJC18ROGR    (1)    2 :  0.081 0.050 0.781 0.046 0.043 
551 OmyJC18ROGR    (1)    2 :  0.287 0.105 0.061 0.070 0.478 
552 OmyJC18ROGR    (2)    2 :  0.207 0.454 0.097 0.180 0.062 
553 OmyJC18ROGR    (7)    2 :  0.161 0.500 0.062 0.142 0.136 
554 OmyJC18ROGR    (2)    2 :  0.419 0.327 0.032 0.115 0.107 
555 OmyJC18ROGR    (3)    2 :  0.377 0.155 0.036 0.204 0.227 
556 OmyJC18ROGR    (0)    2 :  0.160 0.070 0.072 0.026 0.673 
557 OmyJC18ROGR    (1)    2 :  0.238 0.067 0.503 0.134 0.057 
558 OmyJC18ROGR    (0)    2 :  0.055 0.056 0.108 0.041 0.740 
559 OmyJC18ROGR    (0)    2 :  0.112 0.127 0.024 0.688 0.050 
560 OmyJC18ROGR    (5)    2 :  0.549 0.043 0.081 0.170 0.157 
561 OmyJC18ROGR    (0)    2 :  0.074 0.134 0.021 0.739 0.032 
562 OmyJC18ROGR    (6)    2 :  0.253 0.312 0.044 0.070 0.321 
563 OmyJC18ROGR    (2)    2 :  0.451 0.209 0.062 0.120 0.158 
564 OmyJC18ROGR    (3)    2 :  0.142 0.168 0.269 0.058 0.363 
565 OmyJC18ROGR    (3)    2 :  0.346 0.181 0.095 0.246 0.133 
566 OmyJC18ROGR    (1)    2 :  0.122 0.186 0.057 0.576 0.059 
567 OmyJC18ROGR    (0)    2 :  0.156 0.100 0.032 0.628 0.084 
568 OmyJC18ROGR    (3)    2 :  0.215 0.386 0.104 0.047 0.249 
569 OmyJC18ROGR    (2)    2 :  0.202 0.230 0.047 0.418 0.103 
570 OmyJC18ROGR    (0)    2 :  0.141 0.183 0.065 0.569 0.041 
571 OmyJC18ROGR    (1)    2 :  0.238 0.458 0.025 0.249 0.030 
572 OmyJC18ROGR    (4)    2 :  0.103 0.121 0.051 0.274 0.451 
573 OmyJC18ROGR    (3)    2 :  0.090 0.106 0.445 0.211 0.149 
574 OmyJC18ROGR    (5)    2 :  0.163 0.434 0.198 0.083 0.121 
575 OmyJC18ROGR    (3)    2 :  0.252 0.289 0.032 0.092 0.335 
576 OmyJC18ROGR    (0)    2 :  0.143 0.509 0.056 0.127 0.165 
577 OmyJC18ROGR    (0)    2 :  0.038 0.042 0.867 0.036 0.018 
578 OmyJC18ROGR    (1)    2 :  0.190 0.581 0.031 0.158 0.039 
579 OmyJC18ROGR    (0)    2 :  0.056 0.048 0.753 0.067 0.075 
580 OmyJC18ROGR    (0)    2 :  0.205 0.249 0.016 0.259 0.271 
581 OmyJC18ROGR    (3)    2 :  0.257 0.226 0.061 0.396 0.060 
582 OmyJC18ROGR    (6)    2 :  0.348 0.284 0.029 0.142 0.197 
583 OmyJC18ROGR    (3)    2 :  0.075 0.430 0.036 0.093 0.366 
584 OmyJC18ROGR    (3)    2 :  0.126 0.289 0.078 0.248 0.259 
585 OmyJC18ROGR    (1)    2 :  0.575 0.154 0.062 0.153 0.056 
586 OmyJC18ROGR    (1)    2 :  0.138 0.660 0.016 0.109 0.077 
587 OmyJC18ROGR    (0)    2 :  0.020 0.026 0.918 0.018 0.018 
588 OmyJC18ROGR    (0)    2 :  0.065 0.071 0.193 0.121 0.550 
589 OmyJC18ROGR    (1)    2 :  0.253 0.483 0.057 0.109 0.097 
590 OmyJC18ROGR    (2)    2 :  0.086 0.776 0.011 0.093 0.033 
591 OmyJC18ROGR    (0)    2 :  0.248 0.350 0.047 0.244 0.111 
592 OmyJC18ROGR    (3)    2 :  0.089 0.664 0.055 0.130 0.063 
593 OmyJC18ROGR    (0)    2 :  0.357 0.116 0.105 0.131 0.292 
594 OmyJC18ROGR    (1)    2 :  0.377 0.277 0.039 0.225 0.081 
595 OmyJC18ROGR    (0)    2 :  0.216 0.184 0.091 0.067 0.443 
596 OmyJC18ROGR    (1)    2 :  0.137 0.400 0.081 0.249 0.133 
597 OmyJC18ROGR    (0)    2 :  0.377 0.288 0.065 0.123 0.147 
598 OmyJC18ROGR    (1)    2 :  0.172 0.376 0.056 0.344 0.052 
599 OmyJC18ROGR    (0)    2 :  0.341 0.364 0.055 0.180 0.061 
600 OmyJC18ROGR    (0)    2 :  0.349 0.164 0.032 0.081 0.374 
601 OmyJC18ROGR    (0)    2 :  0.216 0.269 0.040 0.277 0.199 
602 OmyJC18ROGR    (0)    2 :  0.100 0.063 0.061 0.723 0.053 
603 OmyJC18ROGR    (0)    2 :  0.171 0.136 0.028 0.256 0.409 
604 OmyJC18ROGR    (0)    2 :  0.252 0.368 0.051 0.162 0.167 
605 OmyJC18ROGR    (0)    2 :  0.116 0.043 0.025 0.134 0.683 
606 OmyJC18ROGR    (0)    2 :  0.254 0.330 0.059 0.097 0.260 
