

----------------------------------------------------
STRUCTURE by Pritchard, Stephens and Donnelly (2000)
     and Falush, Stephens and Pritchard (2003)
       Code by Pritchard, Falush and Hubisz
             Version 2.3.4 (Jul 2012)
----------------------------------------------------



Command line arguments:   bin/structure -m "/Users/ddayan/FRA/premature_migration/Rogue_Half-Pounder/half-pounder/structure/halfpounder_2021/10k_20k_adm_corr/mainparams" -e "/Users/ddayan/FRA/premature_migration/Rogue_Half-Pounder/half-pounder/structure/halfpounder_2021/10k_20k_adm_corr/extraparams" 
Input File:    /Users/ddayan/FRA/premature_migration/Rogue_Half-Pounder/half-pounder/structure/halfpounder_2021/project_data

Run parameters:
   1000 individuals
   328 loci
   4 populations assumed
   10000 Burn-in period
   20000 Reps


--------------------------------------------
Proportion of membership of each pre-defined
 population in each of the 4 clusters

Given    Inferred Clusters              Number of
 Pop       1      2      3      4      Individuals

  1:     0.225  0.235  0.265  0.275      275
  2:     0.244  0.224  0.266  0.265      643
  3:     0.739  0.065  0.094  0.102       42
  4:     0.129  0.080  0.416  0.375       40
--------------------------------------------

Allele-freq. divergence among pops (Net nucleotide distance),
computed using point estimates of P.

      1       2       3       4      
 1      -    0.0106  0.0033  0.0030  
 2   0.0106     -    0.0085  0.0083  
 3   0.0033  0.0085     -    0.0006  
 4   0.0030  0.0083  0.0006     -    

Average distances (expected heterozygosity) between individuals in same cluster:
cluster  1  : 0.2882 
cluster  2  : 0.2615 
cluster  3  : 0.2929 
cluster  4  : 0.2933 

--------------------------------------------
Estimated Ln Prob of Data   = -286076.0
Mean value of ln likelihood = -283941.9
Variance of ln likelihood   = 4268.2
Mean value of alpha         = 0.2926

Mean value of Fst_1         = 0.0229
Mean value of Fst_2         = 0.0726
Mean value of Fst_3         = 0.0107
Mean value of Fst_4         = 0.0085


Inferred ancestry of individuals:
        Label (%Miss) Pop:  Inferred clusters
  1 OmyAC19ROGR    (0)    1 :  0.387 0.025 0.208 0.380 
  2 OmyAC19ROGR    (0)    1 :  0.429 0.122 0.147 0.302 
  3 OmyAC19ROGR    (0)    1 :  0.375 0.097 0.129 0.399 
  4 OmyAC19ROGR    (0)    1 :  0.202 0.035 0.390 0.373 
  5 OmyAC19ROGR    (1)    1 :  0.016 0.941 0.022 0.021 
  6 OmyAC19ROGR    (0)    1 :  0.075 0.205 0.183 0.537 
  7 OmyAC19ROGR    (0)    1 :  0.159 0.234 0.430 0.177 
  8 OmyAC19ROGR    (0)    1 :  0.271 0.026 0.446 0.257 
  9 OmyAC19ROGR    (0)    1 :  0.240 0.303 0.115 0.342 
 10 OmyAC19ROGR    (0)    1 :  0.210 0.522 0.112 0.156 
 11 OmyAC19ROGR    (0)    1 :  0.234 0.089 0.394 0.282 
 12 OmyAC19ROGR    (0)    1 :  0.076 0.153 0.287 0.485 
 13 OmyAC19ROGR    (0)    1 :  0.190 0.043 0.592 0.176 
 14 OmyAC19ROGR    (0)    1 :  0.050 0.497 0.338 0.115 
 15 OmyAC19ROGR    (0)    1 :  0.064 0.447 0.388 0.101 
 16 OmyAC19ROGR    (0)    1 :  0.199 0.123 0.431 0.248 
 17 OmyAC19ROGR    (0)    1 :  0.033 0.120 0.375 0.472 
 18 OmyAC19ROGR    (2)    1 :  0.427 0.039 0.299 0.235 
 19 OmyAC19ROGR    (1)    1 :  0.223 0.075 0.459 0.243 
 20 OmyAC19ROGR    (0)    1 :  0.058 0.295 0.316 0.332 
 21 OmyAC19ROGR    (1)    1 :  0.220 0.313 0.253 0.214 
 22 OmyAC19ROGR    (0)    1 :  0.445 0.115 0.210 0.229 
 23 OmyAC19ROGR    (0)    1 :  0.192 0.338 0.155 0.315 
 24 OmyAC19ROGR    (0)    1 :  0.829 0.024 0.058 0.089 
 25 OmyAC19ROGR    (0)    1 :  0.126 0.294 0.386 0.194 
 26 OmyAC19ROGR    (0)    1 :  0.424 0.142 0.127 0.308 
 27 OmyAC19ROGR    (1)    1 :  0.087 0.078 0.533 0.302 
 28 OmyAC19ROGR    (0)    1 :  0.856 0.041 0.043 0.061 
 29 OmyAC19ROGR    (0)    1 :  0.213 0.093 0.307 0.388 
 30 OmyAC19ROGR    (0)    1 :  0.076 0.744 0.072 0.108 
 31 OmyAC19ROGR    (0)    1 :  0.226 0.059 0.317 0.398 
 32 OmyAC19ROGR    (0)    1 :  0.321 0.177 0.266 0.235 
 33 OmyAC19ROGR    (1)    1 :  0.407 0.144 0.157 0.292 
 34 OmyAC19ROGR    (0)    1 :  0.099 0.544 0.255 0.101 
 35 OmyAC19ROGR    (0)    1 :  0.481 0.106 0.160 0.252 
 36 OmyAC19ROGR    (0)    1 :  0.150 0.211 0.266 0.372 
 37 OmyAC19ROGR    (0)    1 :  0.645 0.140 0.103 0.112 
 38 OmyAC19ROGR    (0)    1 :  0.384 0.468 0.083 0.064 
 39 OmyAC19ROGR    (0)    1 :  0.097 0.137 0.286 0.480 
 40 OmyAC19ROGR    (0)    1 :  0.066 0.371 0.285 0.279 
 41 OmyAC19ROGR    (1)    1 :  0.118 0.058 0.531 0.294 
 42 OmyAC19ROGR    (0)    1 :  0.032 0.838 0.066 0.063 
 43 OmyAC19ROGR    (0)    1 :  0.227 0.062 0.222 0.488 
 44 OmyAC19ROGR    (6)    1 :  0.159 0.056 0.158 0.627 
 45 OmyAC19ROGR    (1)    1 :  0.341 0.392 0.116 0.151 
 46 OmyAC19ROGR    (0)    1 :  0.531 0.110 0.147 0.212 
 47 OmyAC19ROGR    (0)    1 :  0.715 0.103 0.097 0.085 
 48 OmyAC19ROGR    (0)    1 :  0.189 0.065 0.307 0.439 
 49 OmyAC19ROGR    (0)    1 :  0.419 0.051 0.244 0.286 
 50 OmyAC19ROGR    (0)    1 :  0.046 0.036 0.597 0.321 
 51 OmyAC19ROGR    (2)    1 :  0.067 0.757 0.093 0.082 
 52 OmyAC19ROGR    (0)    1 :  0.046 0.863 0.042 0.048 
 53 OmyAC19ROGR    (1)    1 :  0.764 0.045 0.086 0.106 
 54 OmyAC19ROGR    (0)    1 :  0.546 0.101 0.170 0.183 
 55 OmyAC19ROGR    (3)    1 :  0.091 0.112 0.487 0.310 
 56 OmyAC19ROGR    (0)    1 :  0.655 0.101 0.149 0.095 
 57 OmyAC19ROGR    (0)    1 :  0.707 0.031 0.127 0.135 
 58 OmyAC19ROGR    (0)    1 :  0.078 0.724 0.094 0.104 
 59 OmyAC19ROGR    (0)    1 :  0.587 0.032 0.178 0.202 
 60 OmyAC19ROGR    (1)    1 :  0.141 0.161 0.374 0.323 
 61 OmyAC19ROGR    (0)    1 :  0.563 0.068 0.195 0.174 
 62 OmyAC19ROGR    (0)    1 :  0.134 0.055 0.215 0.596 
 63 OmyAC19ROGR    (0)    1 :  0.475 0.269 0.117 0.139 
 64 OmyAC19ROGR    (2)    1 :  0.177 0.105 0.289 0.429 
 65 OmyAC19ROGR    (0)    1 :  0.181 0.065 0.445 0.308 
 66 OmyAC19ROGR    (3)    1 :  0.079 0.341 0.409 0.171 
 67 OmyAC19ROGR    (0)    1 :  0.642 0.047 0.183 0.128 
 68 OmyAC19ROGR    (1)    1 :  0.474 0.098 0.159 0.269 
 69 OmyAC19ROGR    (2)    1 :  0.593 0.255 0.082 0.071 
 70 OmyAC19ROGR    (0)    1 :  0.327 0.048 0.220 0.405 
 71 OmyAC19ROGR    (0)    1 :  0.230 0.059 0.386 0.325 
 72 OmyAC19ROGR    (4)    1 :  0.178 0.042 0.287 0.493 
 73 OmyAC19ROGR    (0)    1 :  0.392 0.246 0.129 0.232 
 74 OmyAC19ROGR    (0)    1 :  0.041 0.042 0.312 0.605 
 75 OmyAC19ROGR    (0)    1 :  0.355 0.158 0.299 0.187 
 76 OmyAC19ROGR    (0)    1 :  0.733 0.068 0.067 0.132 
 77 OmyAC19ROGR    (1)    1 :  0.021 0.916 0.033 0.030 
 78 OmyAC19ROGR    (0)    1 :  0.131 0.063 0.304 0.503 
 79 OmyAC19ROGR    (2)    1 :  0.259 0.091 0.268 0.383 
 80 OmyAC19ROGR    (1)    1 :  0.095 0.712 0.104 0.090 
 81 OmyAC19ROGR    (2)    1 :  0.135 0.477 0.175 0.213 
 82 OmyAC19ROGR    (1)    1 :  0.717 0.031 0.097 0.155 
 83 OmyAC19ROGR    (0)    1 :  0.521 0.071 0.256 0.153 
 84 OmyAC19ROGR    (0)    1 :  0.101 0.205 0.308 0.386 
 85 OmyAC19ROGR    (5)    1 :  0.331 0.050 0.309 0.310 
 86 OmyAC19ROGR    (0)    1 :  0.054 0.148 0.537 0.261 
 87 OmyAC19ROGR    (1)    1 :  0.478 0.078 0.142 0.301 
 88 OmyJC19ROGR    (0)    2 :  0.039 0.851 0.068 0.042 
 89 OmyJC19ROGR    (0)    2 :  0.149 0.112 0.332 0.407 
 90 OmyJC19ROGR    (0)    2 :  0.026 0.897 0.039 0.038 
 91 OmyJC19ROGR    (1)    2 :  0.380 0.020 0.331 0.270 
 92 OmyJC19ROGR    (0)    2 :  0.715 0.080 0.111 0.095 
 93 OmyJC19ROGR    (0)    2 :  0.807 0.024 0.064 0.105 
 94 OmyJC19ROGR    (0)    2 :  0.071 0.211 0.309 0.409 
 95 OmyJC19ROGR    (0)    2 :  0.065 0.174 0.226 0.535 
 96 OmyJC19ROGR    (0)    2 :  0.104 0.110 0.517 0.269 
 97 OmyJC19ROGR    (0)    2 :  0.709 0.195 0.045 0.051 
 98 OmyJC19ROGR    (0)    2 :  0.184 0.051 0.320 0.445 
 99 OmyJC19ROGR    (0)    2 :  0.569 0.109 0.191 0.131 
100 OmyJC19ROGR    (1)    2 :  0.145 0.074 0.239 0.542 
101 OmyJC19ROGR    (0)    2 :  0.219 0.551 0.095 0.134 
102 OmyJC19ROGR    (0)    2 :  0.092 0.126 0.470 0.311 
103 OmyJC19ROGR    (0)    2 :  0.260 0.204 0.240 0.296 
104 OmyJC19ROGR    (0)    2 :  0.594 0.052 0.169 0.185 
105 OmyJC19ROGR    (0)    2 :  0.615 0.162 0.090 0.133 
106 OmyJC19ROGR    (0)    2 :  0.031 0.921 0.024 0.024 
107 OmyJC19ROGR    (1)    2 :  0.201 0.156 0.408 0.236 
108 OmyJC19ROGR    (0)    2 :  0.389 0.096 0.290 0.225 
109 OmyJC19ROGR    (0)    2 :  0.045 0.225 0.396 0.334 
110 OmyJC19ROGR    (0)    2 :  0.498 0.317 0.082 0.102 
111 OmyJC19ROGR    (1)    2 :  0.607 0.110 0.168 0.115 
112 OmyJC19ROGR    (2)    2 :  0.080 0.156 0.339 0.424 
113 OmyJC19ROGR    (0)    2 :  0.084 0.657 0.163 0.096 
114 OmyJC19ROGR    (3)    2 :  0.163 0.071 0.296 0.471 
115 OmyJC19ROGR    (1)    2 :  0.450 0.085 0.082 0.384 
116 OmyJC19ROGR    (0)    2 :  0.131 0.131 0.267 0.471 
117 OmyJC19ROGR    (0)    2 :  0.104 0.234 0.322 0.341 
118 OmyJC19ROGR    (0)    2 :  0.253 0.037 0.263 0.448 
119 OmyJC19ROGR    (2)    2 :  0.094 0.069 0.480 0.357 
120 OmyJC19ROGR    (0)    2 :  0.844 0.021 0.062 0.073 
121 OmyJC19ROGR    (0)    2 :  0.071 0.063 0.442 0.424 
122 OmyJC19ROGR    (0)    2 :  0.221 0.102 0.266 0.412 
123 OmyJC19ROGR    (0)    2 :  0.244 0.036 0.416 0.303 
124 OmyJC19ROGR    (0)    2 :  0.090 0.145 0.228 0.537 
125 OmyJC19ROGR    (0)    2 :  0.498 0.156 0.101 0.245 
126 OmyJC19ROGR    (1)    2 :  0.071 0.721 0.083 0.125 
127 OmyJC19ROGR    (0)    2 :  0.078 0.055 0.730 0.138 
128 OmyJC19ROGR    (1)    2 :  0.707 0.064 0.126 0.103 
129 OmyJC19ROGR    (0)    2 :  0.272 0.384 0.172 0.172 
130 OmyJC19ROGR    (2)    2 :  0.052 0.072 0.234 0.643 
131 OmyJC19ROGR    (0)    2 :  0.338 0.117 0.152 0.393 
132 OmyJC19ROGR    (1)    2 :  0.569 0.065 0.187 0.179 
133 OmyJC19ROGR    (0)    2 :  0.165 0.041 0.231 0.563 
134 OmyJC19ROGR    (0)    2 :  0.188 0.105 0.490 0.218 
135 OmyJC19ROGR    (1)    2 :  0.863 0.037 0.052 0.047 
136 OmyJC19ROGR    (3)    2 :  0.187 0.057 0.315 0.442 
137 OmyJC19ROGR    (0)    2 :  0.074 0.225 0.473 0.228 
138 OmyJC19ROGR    (0)    2 :  0.042 0.729 0.081 0.148 
139 OmyJC19ROGR    (2)    2 :  0.124 0.041 0.392 0.442 
140 OmyJC19ROGR    (2)    2 :  0.140 0.131 0.456 0.273 
141 OmyJC19ROGR    (0)    2 :  0.225 0.360 0.233 0.182 
142 OmyJC19ROGR    (0)    2 :  0.260 0.362 0.186 0.192 
143 OmyJC19ROGR    (0)    2 :  0.752 0.068 0.051 0.130 
144 OmyJC19ROGR    (0)    2 :  0.105 0.027 0.458 0.409 
145 OmyJC19ROGR    (0)    2 :  0.068 0.045 0.260 0.627 
146 OmyJC19ROGR    (1)    2 :  0.704 0.104 0.083 0.109 
147 OmyJC19ROGR    (0)    2 :  0.211 0.095 0.456 0.237 
148 OmyJC19ROGR    (0)    2 :  0.197 0.034 0.515 0.255 
149 OmyJC19ROGR    (1)    2 :  0.549 0.112 0.175 0.164 
150 OmyJC19ROGR    (1)    2 :  0.571 0.082 0.198 0.149 
151 OmyJC19ROGR    (0)    2 :  0.244 0.158 0.367 0.231 
152 OmyJC19ROGR    (0)    2 :  0.173 0.069 0.318 0.439 
153 OmyJC19ROGR    (0)    2 :  0.867 0.046 0.046 0.041 
154 OmyJC19ROGR    (1)    2 :  0.085 0.084 0.374 0.457 
155 OmyJC19ROGR    (0)    2 :  0.347 0.129 0.260 0.264 
156 OmyJC19ROGR    (1)    2 :  0.246 0.141 0.391 0.222 
157 OmyJC19ROGR    (0)    2 :  0.323 0.116 0.209 0.352 
158 OmyJC19ROGR    (0)    2 :  0.280 0.028 0.280 0.412 
159 OmyJC19ROGR    (0)    2 :  0.059 0.058 0.430 0.453 
160 OmyJC19ROGR    (0)    2 :  0.365 0.091 0.396 0.148 
161 OmyJC19ROGR    (0)    2 :  0.416 0.040 0.310 0.234 
162 OmyJC19ROGR    (0)    2 :  0.194 0.074 0.468 0.264 
163 OmyJC19ROGR    (0)    2 :  0.601 0.062 0.165 0.172 
164 OmyJC19ROGR    (0)    2 :  0.122 0.044 0.355 0.479 
165 OmyJC19ROGR    (0)    2 :  0.231 0.035 0.266 0.468 
166 OmyJC19ROGR    (0)    2 :  0.107 0.073 0.376 0.445 
167 OmyJC19ROGR    (1)    2 :  0.435 0.131 0.208 0.226 
168 OmyJC19ROGR    (0)    2 :  0.144 0.100 0.269 0.487 
169 OmyJC19ROGR    (0)    2 :  0.018 0.921 0.033 0.027 
170 OmyJC19ROGR    (0)    2 :  0.754 0.073 0.086 0.087 
171 OmyJC19ROGR    (0)    2 :  0.136 0.046 0.397 0.421 
172 OmyJC19ROGR    (0)    2 :  0.395 0.345 0.149 0.111 
173 OmyJC19ROGR    (0)    2 :  0.041 0.871 0.046 0.041 
174 OmyJC19ROGR    (0)    2 :  0.217 0.042 0.187 0.555 
175 OmyJC19ROGR    (0)    2 :  0.118 0.042 0.265 0.575 
176 OmyJC19ROGR    (0)    2 :  0.629 0.116 0.137 0.118 
177 OmyJC19ROGR    (0)    2 :  0.841 0.026 0.059 0.074 
178 OmyJC19ROGR    (0)    2 :  0.038 0.061 0.500 0.401 
179 OmyJC19ROGR    (0)    2 :  0.554 0.032 0.201 0.213 
180 OmyJC19ROGR    (0)    2 :  0.064 0.848 0.037 0.051 
181 OmyJC19ROGR    (0)    2 :  0.116 0.074 0.359 0.452 
182 OmyJC19ROGR    (0)    2 :  0.149 0.199 0.358 0.294 
183 OmyJC19ROGR    (0)    2 :  0.117 0.048 0.479 0.357 
184 OmyJC19ROGR    (0)    2 :  0.168 0.647 0.121 0.064 
185 OmyJC19ROGR    (1)    2 :  0.197 0.022 0.234 0.548 
186 OmyJC19ROGR    (0)    2 :  0.639 0.116 0.091 0.154 
187 OmyJC19ROGR    (0)    2 :  0.078 0.034 0.229 0.659 
188 OmyJC19ROGR    (0)    2 :  0.228 0.056 0.300 0.415 
189 OmyJC19ROGR    (0)    2 :  0.418 0.219 0.142 0.222 
190 OmyJC19ROGR    (0)    2 :  0.748 0.053 0.097 0.101 
191 OmyJC19ROGR    (0)    2 :  0.635 0.048 0.112 0.206 
192 OmyJC19ROGR    (0)    2 :  0.049 0.055 0.684 0.213 
193 OmyJC19ROGR    (1)    2 :  0.193 0.158 0.309 0.340 
194 OmyJC19ROGR    (0)    2 :  0.079 0.028 0.733 0.160 
195 OmyJC19ROGR    (0)    2 :  0.031 0.794 0.084 0.091 
196 OmyJC19ROGR    (0)    2 :  0.040 0.048 0.205 0.707 
197 OmyJC19ROGR    (0)    2 :  0.462 0.093 0.265 0.180 
198 OmyJC19ROGR    (0)    2 :  0.077 0.752 0.098 0.074 
199 OmyJC19ROGR    (0)    2 :  0.161 0.041 0.379 0.419 
200 OmyJC19ROGR    (0)    2 :  0.645 0.103 0.100 0.152 
201 OmyJC19ROGR    (0)    2 :  0.111 0.037 0.472 0.379 
202 OmyJC19ROGR    (0)    2 :  0.840 0.020 0.082 0.059 
203 OmyJC19ROGR    (0)    2 :  0.216 0.068 0.318 0.398 
204 OmyJC19ROGR    (0)    2 :  0.219 0.060 0.440 0.281 
205 OmyJC19ROGR    (0)    2 :  0.132 0.161 0.191 0.516 
206 OmyJC19ROGR    (0)    2 :  0.048 0.858 0.049 0.046 
207 OmyJC19ROGR    (0)    2 :  0.141 0.324 0.218 0.317 
208 OmyJC19ROGR    (0)    2 :  0.078 0.048 0.564 0.310 
209 OmyJC19ROGR    (0)    2 :  0.280 0.525 0.083 0.113 
210 OmyJC19ROGR    (0)    2 :  0.023 0.888 0.035 0.054 
211 OmyJC19ROGR    (0)    2 :  0.208 0.222 0.253 0.317 
212 OmyJC19ROGR    (1)    2 :  0.485 0.213 0.175 0.127 
213 OmyJC19ROGR    (1)    2 :  0.146 0.048 0.228 0.578 
214 OmyJC19ROGR    (0)    2 :  0.066 0.060 0.334 0.541 
215 OmyJC19ROGR    (0)    2 :  0.110 0.041 0.698 0.151 
216 OmyJC19ROGR    (0)    2 :  0.042 0.802 0.066 0.090 
217 OmyJC19ROGR    (0)    2 :  0.115 0.435 0.236 0.213 
218 OmyJC19ROGR    (0)    2 :  0.539 0.049 0.179 0.234 
219 OmyJC19ROGR    (0)    2 :  0.051 0.138 0.544 0.266 
220 OmyJC19ROGR    (0)    2 :  0.243 0.021 0.385 0.351 
221 OmyJC19ROGR    (0)    2 :  0.101 0.256 0.172 0.470 
222 OmyJC19ROGR    (0)    2 :  0.422 0.053 0.270 0.255 
223 OmyJC19ROGR    (0)    2 :  0.163 0.077 0.405 0.355 
224 OmyJC19ROGR    (0)    2 :  0.083 0.041 0.563 0.314 
225 OmyJC19ROGR    (0)    2 :  0.023 0.913 0.035 0.029 
226 OmyJC19ROGR    (0)    2 :  0.072 0.271 0.247 0.410 
227 OmyJC19ROGR    (1)    2 :  0.054 0.872 0.029 0.044 
228 OmyJC19ROGR    (0)    2 :  0.052 0.054 0.539 0.355 
229 OmyJC19ROGR    (1)    2 :  0.256 0.047 0.229 0.467 
230 OmyJC19ROGR    (0)    2 :  0.222 0.255 0.145 0.378 
231 OmyJC19ROGR    (0)    2 :  0.076 0.120 0.382 0.421 
232 OmyJC19ROGR    (1)    2 :  0.229 0.067 0.265 0.440 
233 OmyJC19ROGR    (0)    2 :  0.175 0.200 0.339 0.287 
234 OmyJC19ROGR    (0)    2 :  0.039 0.894 0.031 0.036 
235 OmyJC19ROGR    (0)    2 :  0.141 0.655 0.124 0.080 
236 OmyJC19ROGR    (1)    2 :  0.219 0.046 0.528 0.207 
237 OmyJC19ROGR    (0)    2 :  0.208 0.088 0.385 0.319 
238 OmyJC19ROGR    (0)    2 :  0.076 0.131 0.393 0.399 
239 OmyJC19ROGR    (0)    2 :  0.119 0.126 0.503 0.252 
240 OmyJC19ROGR    (0)    2 :  0.151 0.066 0.214 0.569 
241 OmyJC19ROGR    (0)    2 :  0.535 0.121 0.201 0.144 
242 OmyJC19ROGR    (0)    2 :  0.166 0.030 0.641 0.163 
243 OmyJC19ROGR    (0)    2 :  0.408 0.077 0.300 0.216 
244 OmyJC19ROGR    (0)    2 :  0.511 0.101 0.165 0.222 
245 OmyJC19ROGR    (0)    2 :  0.022 0.917 0.027 0.034 
246 OmyJC19ROGR    (0)    2 :  0.522 0.229 0.106 0.143 
247 OmyJC19ROGR    (0)    2 :  0.158 0.611 0.104 0.127 
248 OmyJC19ROGR    (0)    2 :  0.121 0.574 0.139 0.166 
249 OmyJC19ROGR    (0)    2 :  0.073 0.089 0.255 0.584 
250 OmyJC19ROGR    (0)    2 :  0.184 0.120 0.430 0.266 
251 OmyJC19ROGR    (0)    2 :  0.121 0.061 0.264 0.553 
252 OmyJC19ROGR    (0)    2 :  0.808 0.049 0.058 0.085 
253 OmyJC19ROGR    (0)    2 :  0.136 0.128 0.435 0.301 
254 OmyJC19ROGR    (0)    2 :  0.552 0.097 0.167 0.184 
255 OmyJC19ROGR    (0)    2 :  0.569 0.051 0.107 0.273 
256 OmyJC19ROGR    (0)    2 :  0.350 0.354 0.120 0.176 
257 OmyJC19ROGR    (0)    2 :  0.095 0.115 0.192 0.598 
258 OmyAC19ROGR    (0)    1 :  0.205 0.230 0.336 0.229 
259 OmyAC19ROGR    (1)    1 :  0.107 0.452 0.246 0.195 
260 OmyAC19ROGR    (0)    1 :  0.095 0.041 0.704 0.160 
261 OmyAC19ROGR    (0)    1 :  0.090 0.085 0.321 0.504 
262 OmyAC19ROGR    (0)    1 :  0.196 0.155 0.247 0.401 
263 OmyAC19ROGR    (0)    1 :  0.566 0.076 0.174 0.183 
264 OmyAC19ROGR    (0)    1 :  0.165 0.087 0.348 0.400 
265 OmyAC19ROGR    (0)    1 :  0.287 0.077 0.249 0.388 
266 OmyAC19ROGR    (0)    1 :  0.073 0.029 0.193 0.705 
267 OmyAC19ROGR    (0)    1 :  0.169 0.184 0.206 0.442 
268 OmyAC19ROGR    (1)    1 :  0.499 0.212 0.143 0.146 
269 OmyAC19ROGR    (1)    1 :  0.085 0.208 0.344 0.363 
270 OmyAC19ROGR    (0)    1 :  0.471 0.044 0.089 0.395 
271 OmyAC19ROGR    (0)    1 :  0.111 0.328 0.332 0.229 
272 OmyAC19ROGR    (0)    1 :  0.068 0.224 0.282 0.426 
273 OmyAC19ROGR    (0)    1 :  0.274 0.061 0.391 0.274 
274 OmyAC19ROGR    (0)    1 :  0.057 0.771 0.062 0.110 
275 OmyAC19ROGR    (0)    1 :  0.375 0.139 0.308 0.178 
276 OmyAC19ROGR    (0)    1 :  0.139 0.104 0.507 0.250 
277 OmyAC19ROGR    (0)    1 :  0.051 0.132 0.465 0.352 
278 OmyAC19ROGR    (0)    1 :  0.092 0.374 0.250 0.284 
279 OmyAC19ROGR    (0)    1 :  0.072 0.246 0.517 0.165 
280 OmyAC19ROGR    (0)    1 :  0.342 0.147 0.125 0.386 
281 OmyAC19ROGR    (0)    1 :  0.137 0.075 0.428 0.360 
282 OmyAC19ROGR    (0)    1 :  0.197 0.208 0.184 0.411 
283 OmyAC19ROGR    (0)    1 :  0.104 0.070 0.471 0.354 
284 OmyAC19ROGR    (0)    1 :  0.215 0.039 0.375 0.370 
285 OmyAC19ROGR    (0)    1 :  0.379 0.081 0.316 0.224 
286 OmyAC19ROGR    (0)    1 :  0.335 0.034 0.385 0.246 
287 OmyAC19ROGR    (0)    1 :  0.017 0.944 0.017 0.021 
288 OmyAC19ROGR    (0)    1 :  0.063 0.782 0.093 0.062 
289 OmyAC19ROGR    (0)    1 :  0.133 0.197 0.446 0.224 
290 OmyAC19ROGR    (1)    1 :  0.024 0.933 0.024 0.019 
291 OmyAC19ROGR    (0)    1 :  0.252 0.453 0.134 0.160 
292 OmyAC19ROGR    (1)    1 :  0.088 0.249 0.333 0.330 
293 OmyAC19ROGR    (0)    1 :  0.698 0.039 0.132 0.131 
294 OmyAC19ROGR    (0)    1 :  0.083 0.389 0.309 0.220 
295 OmyAC19ROGR    (0)    1 :  0.238 0.044 0.368 0.349 
296 OmyAC19ROGR    (0)    1 :  0.160 0.056 0.529 0.255 
297 OmyAC19ROGR    (0)    1 :  0.041 0.766 0.094 0.098 
298 OmyAC19ROGR    (0)    1 :  0.067 0.039 0.623 0.271 
299 OmyAC19ROGR    (0)    1 :  0.354 0.315 0.189 0.141 
300 OmyAC19ROGR    (0)    1 :  0.154 0.050 0.420 0.376 
301 OmyAC19ROGR    (0)    1 :  0.022 0.901 0.035 0.043 
302 OmyAC19ROGR    (0)    1 :  0.077 0.504 0.244 0.175 
303 OmyAC19ROGR    (0)    1 :  0.078 0.164 0.440 0.319 
304 OmyAC19ROGR    (0)    1 :  0.114 0.176 0.540 0.171 
305 OmyAC19ROGR    (0)    1 :  0.115 0.050 0.535 0.300 
306 OmyAC19ROGR    (0)    1 :  0.028 0.695 0.107 0.170 
307 OmyAC19ROGR    (1)    1 :  0.328 0.035 0.235 0.402 
308 OmyAC19ROGR    (0)    1 :  0.080 0.129 0.296 0.495 
309 OmyAC19ROGR    (1)    1 :  0.039 0.872 0.045 0.044 
310 OmyAC19ROGR    (0)    1 :  0.120 0.420 0.194 0.266 
311 OmyAC19ROGR    (0)    1 :  0.060 0.489 0.305 0.146 
312 OmyAC19ROGR    (0)    1 :  0.563 0.056 0.171 0.210 
313 OmyAC19ROGR    (0)    1 :  0.145 0.030 0.394 0.431 
314 OmyAC19ROGR    (0)    1 :  0.709 0.061 0.124 0.106 
315 OmyAC19ROGR    (0)    1 :  0.167 0.109 0.314 0.410 
316 OmyAC19ROGR    (0)    1 :  0.119 0.052 0.237 0.591 
317 OmyAC19ROGR    (0)    1 :  0.562 0.063 0.218 0.157 
318 OmyAC19ROGR    (0)    1 :  0.503 0.045 0.175 0.277 
319 OmyAC19ROGR    (1)    1 :  0.177 0.029 0.539 0.255 
320 OmyAC19ROGR    (0)    1 :  0.107 0.020 0.510 0.363 
321 OmyAC19ROGR    (0)    1 :  0.096 0.044 0.419 0.441 
322 OmyAC19ROGR    (0)    1 :  0.103 0.529 0.184 0.185 
323 OmyAC19ROGR    (0)    1 :  0.049 0.036 0.611 0.305 
324 OmyAC19ROGR    (0)    1 :  0.189 0.049 0.219 0.542 
325 OmyAC19ROGR    (0)    1 :  0.071 0.401 0.148 0.380 
326 OmyAC19ROGR    (0)    1 :  0.080 0.072 0.279 0.569 
327 OmyAC19ROGR    (0)    1 :  0.224 0.054 0.381 0.341 
328 OmyAC20ROGR    (1)    1 :  0.217 0.048 0.518 0.216 
329 OmyAC20ROGR    (0)    1 :  0.417 0.108 0.304 0.171 
330 OmyAC20ROGR    (0)    1 :  0.309 0.108 0.249 0.334 
331 OmyAC20ROGR    (0)    1 :  0.207 0.343 0.182 0.269 
332 OmyAC20ROGR    (0)    1 :  0.329 0.281 0.163 0.227 
333 OmyAC20ROGR    (0)    1 :  0.313 0.357 0.117 0.214 
334 OmyAC20ROGR    (0)    1 :  0.668 0.041 0.162 0.129 
335 OmyAC20ROGR    (0)    1 :  0.269 0.071 0.270 0.390 
336 OmyAC20ROGR    (0)    1 :  0.163 0.190 0.268 0.378 
337 OmyAC20ROGR    (0)    1 :  0.103 0.490 0.242 0.166 
338 OmyAC20ROGR    (0)    1 :  0.356 0.201 0.191 0.253 
339 OmyAC20ROGR    (0)    1 :  0.170 0.151 0.379 0.300 
340 OmyAC20ROGR    (0)    1 :  0.762 0.074 0.060 0.104 
341 OmyAC20ROGR    (0)    1 :  0.666 0.102 0.117 0.114 
342 OmyAC20ROGR    (0)    1 :  0.330 0.206 0.271 0.192 
343 OmyAC20ROGR    (0)    1 :  0.411 0.092 0.149 0.348 
344 OmyAC20ROGR    (0)    1 :  0.404 0.224 0.131 0.242 
345 OmyAC20ROGR    (1)    1 :  0.070 0.177 0.214 0.539 
346 OmyAC20ROGR    (0)    1 :  0.173 0.261 0.182 0.383 
347 OmyAC20ROGR    (0)    1 :  0.129 0.305 0.165 0.401 
348 OmyAC20ROGR    (0)    1 :  0.537 0.247 0.090 0.126 
349 OmyAC20ROGR    (0)    1 :  0.468 0.091 0.141 0.300 
350 OmyAC20ROGR    (0)    1 :  0.093 0.115 0.535 0.257 
351 OmyAC20ROGR    (0)    1 :  0.354 0.178 0.183 0.285 
352 OmyAC20ROGR    (0)    1 :  0.137 0.069 0.523 0.271 
353 OmyAC20ROGR    (0)    1 :  0.178 0.052 0.218 0.553 
354 OmyAC20ROGR    (0)    1 :  0.448 0.302 0.126 0.124 
355 OmyAC20ROGR    (0)    1 :  0.454 0.099 0.200 0.246 
356 OmyAC20ROGR    (0)    1 :  0.234 0.064 0.509 0.194 
357 OmyAC20ROGR    (0)    1 :  0.089 0.149 0.392 0.371 
358 OmyAC20ROGR    (0)    1 :  0.126 0.065 0.478 0.331 
359 OmyAC20ROGR    (0)    1 :  0.031 0.228 0.598 0.143 
360 OmyAC20ROGR    (0)    1 :  0.200 0.265 0.229 0.306 
361 OmyAC20ROGR    (0)    1 :  0.073 0.066 0.516 0.346 
362 OmyAC20ROGR    (0)    1 :  0.070 0.069 0.495 0.366 
363 OmyAC20ROGR    (0)    1 :  0.388 0.187 0.193 0.232 
364 OmyAC20ROGR    (1)    1 :  0.497 0.055 0.310 0.139 
365 OmyAC20ROGR    (0)    1 :  0.124 0.033 0.399 0.443 
366 OmyAC20ROGR    (0)    1 :  0.356 0.048 0.167 0.429 
367 OmyAC20ROGR    (0)    1 :  0.145 0.157 0.219 0.479 
368 OmyAC20ROGR    (1)    1 :  0.061 0.117 0.584 0.238 
369 OmyAC20ROGR    (0)    1 :  0.279 0.383 0.165 0.172 
370 OmyAC20ROGR    (0)    1 :  0.078 0.752 0.095 0.075 
371 OmyAC20ROGR    (0)    1 :  0.042 0.825 0.067 0.065 
372 OmyAC20ROGR    (2)    1 :  0.033 0.894 0.031 0.041 
373 OmyAC20ROGR    (0)    1 :  0.058 0.498 0.176 0.267 
374 OmyAC20ROGR    (0)    1 :  0.299 0.043 0.329 0.328 
375 OmyAC20ROGR    (0)    1 :  0.106 0.123 0.292 0.478 
376 OmyAC20ROGR    (0)    1 :  0.110 0.572 0.156 0.162 
377 OmyAC20ROGR    (0)    1 :  0.456 0.034 0.184 0.327 
378 OmyAC20ROGR    (0)    1 :  0.305 0.037 0.333 0.324 
379 OmyAC20ROGR    (0)    1 :  0.165 0.480 0.134 0.222 
380 OmyAC20ROGR    (1)    1 :  0.086 0.028 0.212 0.674 
381 OmyAC20ROGR    (0)    1 :  0.069 0.156 0.373 0.403 
382 OmyAC20ROGR    (0)    1 :  0.030 0.860 0.053 0.056 
383 OmyAC20ROGR    (0)    1 :  0.035 0.176 0.206 0.583 
384 OmyAC20ROGR    (0)    1 :  0.213 0.376 0.191 0.220 
385 OmyAC20ROGR    (0)    1 :  0.043 0.286 0.429 0.242 
386 OmyAC20ROGR    (0)    1 :  0.123 0.152 0.182 0.543 
387 OmyAC20ROGR    (0)    1 :  0.061 0.382 0.274 0.283 
388 OmyAC20ROGR    (0)    1 :  0.320 0.340 0.160 0.180 
389 OmyAC20ROGR    (0)    1 :  0.076 0.041 0.527 0.355 
390 OmyAC20ROGR    (0)    1 :  0.161 0.031 0.461 0.347 
391 OmyAC20ROGR    (0)    1 :  0.255 0.474 0.138 0.134 
392 OmyAC20ROGR    (0)    1 :  0.221 0.354 0.206 0.220 
393 OmyAC20ROGR    (0)    1 :  0.278 0.100 0.195 0.427 
394 OmyAC20ROGR    (1)    1 :  0.069 0.119 0.558 0.254 
395 OmyAC20ROGR    (0)    1 :  0.273 0.115 0.253 0.359 
396 OmyAC20ROGR    (0)    1 :  0.118 0.055 0.545 0.283 
397 OmyAC20ROGR    (0)    1 :  0.077 0.348 0.346 0.229 
398 OmyAC20ROGR    (0)    1 :  0.144 0.707 0.069 0.080 
399 OmyAC20ROGR    (0)    1 :  0.173 0.260 0.242 0.325 
400 OmyAC20ROGR    (0)    1 :  0.182 0.177 0.317 0.325 
401 OmyAC20ROGR    (1)    1 :  0.053 0.870 0.046 0.031 
402 OmyAC20ROGR    (0)    1 :  0.604 0.040 0.150 0.206 
403 OmyAC20ROGR    (0)    1 :  0.388 0.212 0.176 0.224 
404 OmyAC20ROGR    (0)    1 :  0.412 0.041 0.260 0.287 
405 OmyAC20ROGR    (0)    1 :  0.065 0.364 0.178 0.393 
406 OmyAC20ROGR    (0)    1 :  0.336 0.123 0.266 0.275 
407 OmyAC20ROGR    (0)    1 :  0.052 0.071 0.302 0.576 
408 OmyAC20ROGR    (0)    1 :  0.297 0.112 0.271 0.319 
409 OmyAC20ROGR    (0)    1 :  0.052 0.093 0.494 0.361 
410 OmyAC20ROGR    (0)    1 :  0.027 0.894 0.045 0.033 
411 OmyAC20ROGR    (0)    1 :  0.083 0.600 0.176 0.141 
412 OmyAC20ROGR    (0)    1 :  0.417 0.152 0.215 0.216 
413 OmyAC20ROGR    (0)    1 :  0.048 0.066 0.568 0.318 
414 OmyAC20ROGR    (0)    1 :  0.320 0.398 0.168 0.114 
415 OmyAC20ROGR    (0)    1 :  0.228 0.046 0.310 0.416 
416 OmyAC20ROGR    (0)    1 :  0.242 0.099 0.219 0.440 
417 OmyAC20ROGR    (0)    1 :  0.182 0.042 0.445 0.331 
418 OmyAC20ROGR    (0)    1 :  0.122 0.208 0.318 0.352 
419 OmyAC20ROGR    (0)    1 :  0.074 0.445 0.291 0.190 
420 OmyAC20ROGR    (0)    1 :  0.317 0.046 0.401 0.236 
421 OmyAC20ROGR    (0)    1 :  0.361 0.146 0.243 0.250 
422 OmyAC20ROGR    (0)    1 :  0.035 0.893 0.035 0.037 
423 OmyAC20ROGR    (0)    1 :  0.041 0.042 0.306 0.611 
424 OmyAC20ROGR    (0)    1 :  0.085 0.039 0.446 0.430 
425 OmyAC20ROGR    (0)    1 :  0.107 0.834 0.032 0.027 
426 OmyAC20ROGR    (0)    1 :  0.107 0.123 0.339 0.430 
427 OmyAC20ROGR    (0)    1 :  0.127 0.255 0.280 0.338 
428 OmyAC20ROGR    (0)    1 :  0.027 0.914 0.029 0.030 
429 OmyAC20ROGR    (0)    1 :  0.105 0.037 0.552 0.306 
430 OmyAC20ROGR    (0)    1 :  0.044 0.138 0.464 0.354 
431 OmyAC20ROGR    (0)    1 :  0.146 0.510 0.109 0.235 
432 OmyAC20ROGR    (0)    1 :  0.050 0.866 0.044 0.040 
433 OmyAC20ROGR    (0)    1 :  0.042 0.886 0.041 0.031 
434 OmyAC20ROGR    (0)    1 :  0.044 0.263 0.333 0.360 
435 OmyAC20ROGR    (0)    1 :  0.178 0.028 0.150 0.643 
436 OmyAC20ROGR    (0)    1 :  0.042 0.059 0.270 0.628 
437 OmyAC20ROGR    (0)    1 :  0.073 0.656 0.175 0.096 
438 OmyAC20ROGR    (0)    1 :  0.105 0.412 0.252 0.231 
439 OmyAC20ROGR    (0)    1 :  0.094 0.089 0.379 0.437 
440 OmyAC20ROGR    (0)    1 :  0.070 0.779 0.077 0.075 
441 OmyAC20ROGR    (0)    1 :  0.121 0.032 0.535 0.312 
442 OmyAC20ROGR    (0)    1 :  0.084 0.081 0.480 0.355 
443 OmyAC20ROGR    (0)    1 :  0.615 0.032 0.214 0.139 
444 OmyAC20ROGR    (0)    1 :  0.055 0.146 0.298 0.501 
445 OmyAC20ROGR    (0)    1 :  0.071 0.136 0.417 0.375 
446 OmyJC18ROGR    (0)    2 :  0.542 0.075 0.178 0.204 
447 OmyJC18ROGR    (0)    2 :  0.114 0.082 0.314 0.490 
448 OmyJC18ROGR    (0)    2 :  0.051 0.090 0.257 0.602 
449 OmyJC18ROGR    (0)    2 :  0.085 0.707 0.123 0.084 
450 OmyJC18ROGR    (0)    2 :  0.102 0.701 0.105 0.092 
451 OmyJC18ROGR    (0)    2 :  0.043 0.866 0.042 0.049 
452 OmyJC18ROGR    (0)    2 :  0.289 0.324 0.172 0.215 
453 OmyJC18ROGR    (0)    2 :  0.628 0.046 0.166 0.160 
454 OmyJC18ROGR    (0)    2 :  0.031 0.866 0.052 0.052 
455 OmyJC18ROGR    (0)    2 :  0.095 0.046 0.575 0.284 
456 OmyJC18ROGR    (0)    2 :  0.030 0.863 0.052 0.054 
457 OmyJC18ROGR    (0)    2 :  0.094 0.072 0.350 0.484 
458 OmyJC18ROGR    (0)    2 :  0.489 0.198 0.172 0.141 
459 OmyJC18ROGR    (0)    2 :  0.393 0.032 0.384 0.191 
460 OmyJC18ROGR    (2)    2 :  0.118 0.477 0.235 0.170 
461 OmyJC18ROGR    (1)    2 :  0.292 0.365 0.122 0.221 
462 OmyJC18ROGR    (3)    2 :  0.186 0.454 0.193 0.167 
463 OmyJC18ROGR    (1)    2 :  0.090 0.718 0.088 0.104 
464 OmyJC18ROGR    (3)    2 :  0.049 0.038 0.283 0.630 
465 OmyJC18ROGR    (3)    2 :  0.090 0.076 0.561 0.274 
466 OmyJC18ROGR    (0)    2 :  0.132 0.220 0.189 0.459 
467 OmyJC18ROGR    (1)    2 :  0.106 0.057 0.441 0.396 
468 OmyJC18ROGR    (0)    2 :  0.067 0.087 0.568 0.278 
469 OmyJC18ROGR    (0)    2 :  0.046 0.773 0.119 0.062 
470 OmyJC18ROGR    (3)    2 :  0.114 0.576 0.174 0.136 
471 OmyJC18ROGR    (1)    2 :  0.189 0.353 0.166 0.292 
472 OmyJC18ROGR    (1)    2 :  0.110 0.132 0.340 0.418 
473 OmyJC18ROGR    (2)    2 :  0.133 0.051 0.235 0.581 
474 OmyJC18ROGR    (0)    2 :  0.586 0.059 0.134 0.221 
475 OmyJC18ROGR    (1)    2 :  0.184 0.697 0.056 0.063 
476 OmyJC18ROGR    (2)    2 :  0.435 0.030 0.279 0.256 
477 OmyJC18ROGR    (3)    2 :  0.126 0.146 0.460 0.269 
478 OmyJC18ROGR    (0)    2 :  0.466 0.073 0.180 0.282 
479 OmyJC18ROGR    (0)    2 :  0.100 0.038 0.367 0.495 
480 OmyJC18ROGR    (0)    2 :  0.110 0.194 0.323 0.373 
481 OmyJC18ROGR    (2)    2 :  0.311 0.299 0.177 0.213 
482 OmyJC18ROGR    (3)    2 :  0.099 0.033 0.629 0.239 
483 OmyJC18ROGR    (3)    2 :  0.053 0.067 0.552 0.327 
484 OmyJC18ROGR    (3)    2 :  0.249 0.070 0.330 0.351 
485 OmyJC18ROGR    (2)    2 :  0.058 0.682 0.110 0.150 
486 OmyJC18ROGR    (2)    2 :  0.087 0.464 0.286 0.163 
487 OmyJC18ROGR    (1)    2 :  0.427 0.147 0.130 0.296 
488 OmyJC18ROGR    (3)    2 :  0.177 0.094 0.238 0.491 
489 OmyJC18ROGR    (0)    2 :  0.235 0.055 0.308 0.402 
490 OmyJC18ROGR    (2)    2 :  0.179 0.120 0.407 0.295 
491 OmyJC18ROGR    (4)    2 :  0.611 0.161 0.113 0.114 
492 OmyJC18ROGR    (4)    2 :  0.729 0.035 0.142 0.095 
493 OmyJC18ROGR    (3)    2 :  0.083 0.162 0.284 0.471 
494 OmyJC18ROGR    (3)    2 :  0.033 0.888 0.041 0.038 
495 OmyJC18ROGR    (3)    2 :  0.570 0.188 0.136 0.106 
496 OmyJC18ROGR    (0)    2 :  0.342 0.113 0.342 0.203 
497 OmyJC18ROGR    (5)    2 :  0.241 0.134 0.349 0.276 
498 OmyJC18ROGR    (3)    2 :  0.212 0.279 0.157 0.353 
499 OmyJC18ROGR    (1)    2 :  0.272 0.074 0.351 0.302 
500 OmyJC18ROGR    (1)    2 :  0.172 0.040 0.452 0.336 
501 OmyJC18ROGR    (3)    2 :  0.125 0.496 0.162 0.217 
502 OmyJC18ROGR    (1)    2 :  0.052 0.269 0.499 0.180 
503 OmyJC18ROGR    (4)    2 :  0.047 0.076 0.451 0.426 
504 OmyJC18ROGR    (1)    2 :  0.058 0.368 0.419 0.156 
505 OmyJC18ROGR    (0)    2 :  0.322 0.291 0.224 0.163 
506 OmyJC18ROGR    (6)    2 :  0.415 0.093 0.221 0.271 
507 OmyJC18ROGR    (0)    2 :  0.117 0.199 0.385 0.299 
508 OmyJC18ROGR    (0)    2 :  0.094 0.113 0.554 0.239 
509 OmyJC18ROGR    (2)    2 :  0.054 0.861 0.041 0.045 
510 OmyJC18ROGR    (1)    2 :  0.210 0.048 0.320 0.422 
511 OmyJC18ROGR    (3)    2 :  0.661 0.188 0.067 0.084 
512 OmyJC18ROGR    (2)    2 :  0.028 0.776 0.087 0.110 
513 OmyJC18ROGR    (7)    2 :  0.473 0.238 0.132 0.157 
514 OmyJC18ROGR    (3)    2 :  0.225 0.589 0.100 0.086 
515 OmyJC18ROGR    (0)    2 :  0.159 0.088 0.338 0.416 
516 OmyJC18ROGR    (2)    2 :  0.175 0.253 0.223 0.349 
517 OmyJC18ROGR    (2)    2 :  0.316 0.321 0.147 0.216 
518 OmyJC18ROGR    (0)    2 :  0.114 0.071 0.449 0.366 
519 OmyJC18ROGR    (7)    2 :  0.748 0.084 0.063 0.105 
520 OmyJC18ROGR    (4)    2 :  0.465 0.260 0.083 0.192 
521 OmyJC18ROGR    (1)    2 :  0.361 0.230 0.145 0.264 
522 OmyJC18ROGR    (1)    2 :  0.065 0.162 0.400 0.374 
523 OmyJC18ROGR    (3)    2 :  0.123 0.063 0.552 0.262 
524 OmyJC18ROGR    (1)    2 :  0.065 0.050 0.556 0.329 
525 OmyJC18ROGR    (2)    2 :  0.364 0.204 0.311 0.121 
526 OmyJC18ROGR    (1)    2 :  0.370 0.125 0.325 0.181 
527 OmyJC18ROGR    (0)    2 :  0.386 0.049 0.202 0.363 
528 OmyJC18ROGR    (0)    2 :  0.114 0.055 0.396 0.436 
529 OmyJC18ROGR    (1)    2 :  0.138 0.050 0.247 0.565 
530 OmyJC18ROGR    (0)    2 :  0.054 0.042 0.695 0.208 
531 OmyJC18ROGR    (0)    2 :  0.046 0.048 0.248 0.657 
532 OmyJC18ROGR    (1)    2 :  0.075 0.032 0.641 0.253 
533 OmyJC18ROGR    (2)    2 :  0.228 0.028 0.157 0.587 
534 OmyJC18ROGR    (2)    2 :  0.098 0.090 0.388 0.424 
535 OmyJC18ROGR    (0)    2 :  0.455 0.074 0.237 0.235 
536 OmyJC18ROGR    (0)    2 :  0.790 0.040 0.069 0.102 
537 OmyJC18ROGR    (0)    2 :  0.482 0.047 0.196 0.275 
538 OmyJC18ROGR    (0)    2 :  0.045 0.059 0.238 0.659 
539 OmyJC18ROGR    (1)    2 :  0.113 0.085 0.452 0.350 
540 OmyJC18ROGR    (6)    2 :  0.229 0.073 0.200 0.499 
541 OmyJC18ROGR    (1)    2 :  0.201 0.077 0.218 0.504 
542 OmyJC18ROGR    (1)    2 :  0.164 0.211 0.211 0.414 
543 OmyJC18ROGR    (0)    2 :  0.088 0.260 0.218 0.433 
544 OmyJC18ROGR    (2)    2 :  0.234 0.062 0.225 0.479 
545 OmyJC18ROGR    (1)    2 :  0.032 0.622 0.268 0.078 
546 OmyJC18ROGR    (6)    2 :  0.082 0.026 0.369 0.523 
547 OmyJC18ROGR    (0)    2 :  0.042 0.151 0.461 0.347 
548 OmyJC18ROGR    (1)    2 :  0.267 0.219 0.176 0.338 
549 OmyJC18ROGR    (0)    2 :  0.078 0.065 0.340 0.516 
550 OmyJC18ROGR    (1)    2 :  0.067 0.804 0.064 0.065 
551 OmyJC18ROGR    (1)    2 :  0.623 0.089 0.128 0.160 
552 OmyJC18ROGR    (2)    2 :  0.116 0.142 0.329 0.413 
553 OmyJC18ROGR    (7)    2 :  0.175 0.102 0.322 0.401 
554 OmyJC18ROGR    (2)    2 :  0.152 0.051 0.219 0.578 
555 OmyJC18ROGR    (3)    2 :  0.274 0.048 0.274 0.404 
556 OmyJC18ROGR    (0)    2 :  0.768 0.087 0.042 0.102 
557 OmyJC18ROGR    (1)    2 :  0.106 0.553 0.151 0.190 
558 OmyJC18ROGR    (0)    2 :  0.690 0.177 0.062 0.071 
559 OmyJC18ROGR    (0)    2 :  0.077 0.038 0.694 0.191 
560 OmyJC18ROGR    (5)    2 :  0.298 0.151 0.258 0.292 
561 OmyJC18ROGR    (0)    2 :  0.061 0.038 0.662 0.240 
562 OmyJC18ROGR    (6)    2 :  0.419 0.067 0.140 0.374 
563 OmyJC18ROGR    (2)    2 :  0.250 0.103 0.236 0.411 
564 OmyJC18ROGR    (3)    2 :  0.441 0.323 0.093 0.143 
565 OmyJC18ROGR    (3)    2 :  0.209 0.144 0.359 0.288 
566 OmyJC18ROGR    (1)    2 :  0.077 0.095 0.579 0.248 
567 OmyJC18ROGR    (0)    2 :  0.096 0.044 0.605 0.255 
568 OmyJC18ROGR    (3)    2 :  0.347 0.151 0.107 0.395 
569 OmyJC18ROGR    (2)    2 :  0.163 0.066 0.425 0.345 
570 OmyJC18ROGR    (0)    2 :  0.058 0.102 0.526 0.314 
571 OmyJC18ROGR    (1)    2 :  0.047 0.033 0.452 0.468 
572 OmyJC18ROGR    (4)    2 :  0.515 0.073 0.272 0.139 
573 OmyJC18ROGR    (3)    2 :  0.169 0.493 0.225 0.113 
574 OmyJC18ROGR    (5)    2 :  0.204 0.254 0.185 0.357 
575 OmyJC18ROGR    (3)    2 :  0.491 0.046 0.129 0.334 
576 OmyJC18ROGR    (0)    2 :  0.251 0.093 0.280 0.375 
577 OmyJC18ROGR    (0)    2 :  0.033 0.859 0.052 0.056 
578 OmyJC18ROGR    (1)    2 :  0.063 0.056 0.538 0.343 
579 OmyJC18ROGR    (0)    2 :  0.109 0.764 0.073 0.054 
580 OmyJC18ROGR    (0)    2 :  0.320 0.027 0.266 0.386 
581 OmyJC18ROGR    (3)    2 :  0.106 0.090 0.574 0.230 
582 OmyJC18ROGR    (6)    2 :  0.283 0.044 0.302 0.371 
583 OmyJC18ROGR    (3)    2 :  0.516 0.051 0.192 0.241 
584 OmyJC18ROGR    (3)    2 :  0.292 0.109 0.313 0.285 
585 OmyJC18ROGR    (1)    2 :  0.129 0.115 0.301 0.455 
586 OmyJC18ROGR    (1)    2 :  0.123 0.023 0.322 0.532 
587 OmyJC18ROGR    (0)    2 :  0.025 0.914 0.029 0.032 
588 OmyJC18ROGR    (0)    2 :  0.534 0.236 0.157 0.073 
589 OmyJC18ROGR    (1)    2 :  0.214 0.095 0.265 0.426 
590 OmyJC18ROGR    (2)    2 :  0.042 0.015 0.251 0.692 
591 OmyJC18ROGR    (0)    2 :  0.183 0.080 0.301 0.437 
592 OmyJC18ROGR    (3)    2 :  0.111 0.093 0.359 0.437 
593 OmyJC18ROGR    (0)    2 :  0.394 0.161 0.223 0.221 
594 OmyJC18ROGR    (1)    2 :  0.149 0.062 0.385 0.403 
595 OmyJC18ROGR    (0)    2 :  0.555 0.112 0.131 0.203 
596 OmyJC18ROGR    (1)    2 :  0.190 0.138 0.369 0.303 
597 OmyJC18ROGR    (0)    2 :  0.276 0.091 0.242 0.391 
598 OmyJC18ROGR    (1)    2 :  0.079 0.107 0.493 0.321 
599 OmyJC18ROGR    (0)    2 :  0.111 0.087 0.325 0.477 
600 OmyJC18ROGR    (0)    2 :  0.555 0.058 0.144 0.244 
601 OmyJC18ROGR    (0)    2 :  0.316 0.047 0.279 0.358 
602 OmyJC18ROGR    (0)    2 :  0.091 0.118 0.594 0.197 
603 OmyJC18ROGR    (0)    2 :  0.538 0.042 0.230 0.190 
604 OmyJC18ROGR    (0)    2 :  0.239 0.076 0.341 0.344 
605 OmyJC18ROGR    (0)    2 :  0.737 0.035 0.133 0.095 
606 OmyJC18ROGR    (0)    2 :  0.391 0.095 0.164 0.350 
607 OmyJC18ROGR    (0)    2 :  0.080 0.078 0.609 0.233 
608 OmyJC18ROGR    (0)    2 :  0.052 0.037 0.537 0.374 
609 OmyJC18ROGR    (0)    2 :  0.673 0.070 0.151 0.106 
610 OmyJC18ROGR    (4)    2 :  0.090 0.833 0.041 0.036 
611 OmyJC18ROGR    (0)    2 :  0.304 0.312 0.150 0.234 
612 OmyJC18ROGR    (2)    2 :  0.221 0.067 0.348 0.364 
613 OmyJC18ROGR    (0)    2 :  0.296 0.120 0.182 0.402 
614 OmyJC18ROGR    (0)    2 :  0.049 0.171 0.319 0.461 
615 OmyJC18ROGR    (0)    2 :  0.321 0.027 0.219 0.432 
616 OmyJC18ROGR    (0)    2 :  0.309 0.170 0.323 0.198 
617 OmyJC18ROGR    (0)    2 :  0.292 0.066 0.284 0.357 
618 OmyJC18ROGR    (0)    2 :  0.059 0.159 0.336 0.446 
619 OmyJC18ROGR    (0)    2 :  0.445 0.051 0.138 0.367 
620 OmyJC18ROGR    (0)    2 :  0.493 0.197 0.150 0.160 
621 OmyJC18ROGR    (1)    2 :  0.305 0.121 0.326 0.247 
622 OmyJC18ROGR    (2)    2 :  0.571 0.084 0.161 0.183 
623 OmyJC18ROGR    (1)    2 :  0.101 0.091 0.408 0.401 
624 OmyJC18ROGR    (2)    2 :  0.113 0.072 0.210 0.605 
625 OmyJC18ROGR    (0)    2 :  0.067 0.158 0.215 0.560 
626 OmyJC18ROGR    (6)    2 :  0.174 0.061 0.233 0.531 
627 OmyJC18ROGR    (0)    2 :  0.363 0.196 0.139 0.302 
628 OmyJC18ROGR    (0)    2 :  0.021 0.935 0.026 0.018 
629 OmyJC18ROGR    (1)    2 :  0.569 0.165 0.111 0.155 
630 OmyJC18ROGR    (1)    2 :  0.648 0.042 0.178 0.133 
631 OmyJC18ROGR    (3)    2 :  0.086 0.053 0.286 0.575 
632 OmyJC18ROGR    (0)    2 :  0.840 0.034 0.058 0.068 
633 OmyJC18ROGR    (4)    2 :  0.178 0.054 0.283 0.484 
634 OmyJC18ROGR    (2)    2 :  0.431 0.393 0.068 0.108 
635 OmyJC18ROGR    (0)    2 :  0.349 0.028 0.434 0.189 
636 OmyJC18ROGR    (0)    2 :  0.194 0.531 0.156 0.119 
637 OmyJC18ROGR    (0)    2 :  0.309 0.124 0.179 0.388 
638 OmyJC18ROGR    (0)    2 :  0.188 0.061 0.590 0.161 
639 OmyJC18ROGR    (1)    2 :  0.143 0.128 0.179 0.550 
640 OmyJC18ROGR    (1)    2 :  0.105 0.421 0.160 0.315 
641 OmyJC18ROGR    (0)    2 :  0.380 0.348 0.162 0.110 
642 OmyJC18ROGR    (3)    2 :  0.147 0.145 0.248 0.460 
643 OmyJC18ROGR    (1)    2 :  0.345 0.064 0.398 0.193 
644 OmyJC18ROGR    (7)    2 :  0.104 0.026 0.376 0.494 
645 OmyJC18ROGR    (4)    2 :  0.130 0.122 0.457 0.290 
646 OmyJC18ROGR    (0)    2 :  0.301 0.038 0.408 0.254 
647 OmyJC18ROGR    (1)    2 :  0.062 0.038 0.351 0.549 
648 OmyJC18ROGR    (1)    2 :  0.496 0.104 0.142 0.259 
649 OmyJC18ROGR    (0)    2 :  0.135 0.059 0.562 0.244 
650 OmyJC18ROGR    (1)    2 :  0.152 0.025 0.356 0.467 
651 OmyJC18ROGR    (5)    2 :  0.057 0.863 0.046 0.034 
652 OmyJC18ROGR    (1)    2 :  0.296 0.165 0.285 0.254 
653 OmyJC18ROGR    (3)    2 :  0.395 0.093 0.315 0.197 
654 OmyJC18ROGR    (1)    2 :  0.088 0.119 0.411 0.382 
655 OmyJC18ROGR    (2)    2 :  0.127 0.319 0.323 0.231 
656 OmyJC18ROGR    (0)    2 :  0.128 0.040 0.296 0.536 
657 OmyJC18ROGR    (0)    2 :  0.400 0.059 0.277 0.264 
658 OmyJC18ROGR    (0)    2 :  0.191 0.072 0.410 0.326 
659 OmyJC18ROGR    (5)    2 :  0.361 0.022 0.357 0.260 
660 OmyJC18ROGR    (3)    2 :  0.168 0.163 0.371 0.298 
661 OmyJC18ROGR    (2)    2 :  0.426 0.035 0.227 0.312 
662 OmyJC18ROGR    (1)    2 :  0.465 0.091 0.117 0.327 
663 OmyJC18ROGR    (2)    2 :  0.250 0.326 0.234 0.190 
664 OmyJC18ROGR    (0)    2 :  0.429 0.055 0.247 0.269 
665 OmyJC18ROGR    (0)    2 :  0.510 0.130 0.131 0.230 
666 OmyJC18ROGR    (0)    2 :  0.049 0.809 0.072 0.070 
667 OmyJC18ROGR    (0)    2 :  0.248 0.386 0.242 0.124 
668 OmyJC18ROGR    (2)    2 :  0.102 0.279 0.351 0.268 
669 OmyJC18ROGR    (4)    2 :  0.071 0.155 0.524 0.250 
670 OmyJC18ROGR    (6)    2 :  0.032 0.048 0.698 0.222 
671 OmyJC18ROGR    (3)    2 :  0.853 0.039 0.045 0.063 
672 OmyJC18ROGR    (0)    2 :  0.622 0.038 0.153 0.187 
673 OmyJC18ROGR    (4)    2 :  0.363 0.038 0.371 0.228 
674 OmyJC18ROGR    (0)    2 :  0.302 0.136 0.312 0.250 
675 OmyJC18ROGR    (0)    2 :  0.285 0.052 0.308 0.355 
