

----------------------------------------------------
STRUCTURE by Pritchard, Stephens and Donnelly (2000)
     and Falush, Stephens and Pritchard (2003)
       Code by Pritchard, Falush and Hubisz
             Version 2.3.4 (Jul 2012)
----------------------------------------------------



Command line arguments:   bin/structure -m "/Users/ddayan/FRA/premature_migration/Rogue_Half-Pounder/half-pounder/structure/halfpounder_2021/10k_20k_adm_corr/mainparams" -e "/Users/ddayan/FRA/premature_migration/Rogue_Half-Pounder/half-pounder/structure/halfpounder_2021/10k_20k_adm_corr/extraparams" 
Input File:    /Users/ddayan/FRA/premature_migration/Rogue_Half-Pounder/half-pounder/structure/halfpounder_2021/project_data

Run parameters:
   1000 individuals
   328 loci
   4 populations assumed
   10000 Burn-in period
   20000 Reps


--------------------------------------------
Proportion of membership of each pre-defined
 population in each of the 4 clusters

Given    Inferred Clusters              Number of
 Pop       1      2      3      4      Individuals

  1:     0.278  0.226  0.235  0.261      275
  2:     0.266  0.246  0.223  0.265      643
  3:     0.101  0.747  0.065  0.088       42
  4:     0.355  0.132  0.080  0.434       40
--------------------------------------------

Allele-freq. divergence among pops (Net nucleotide distance),
computed using point estimates of P.

      1       2       3       4      
 1      -    0.0030  0.0084  0.0009  
 2   0.0030     -    0.0105  0.0034  
 3   0.0084  0.0105     -    0.0086  
 4   0.0009  0.0034  0.0086     -    

Average distances (expected heterozygosity) between individuals in same cluster:
cluster  1  : 0.2929 
cluster  2  : 0.2883 
cluster  3  : 0.2617 
cluster  4  : 0.2929 

--------------------------------------------
Estimated Ln Prob of Data   = -285298.8
Mean value of ln likelihood = -283923.9
Variance of ln likelihood   = 2749.8
Mean value of alpha         = 0.2842

Mean value of Fst_1         = 0.0084
Mean value of Fst_2         = 0.0224
Mean value of Fst_3         = 0.0720
Mean value of Fst_4         = 0.0109


Inferred ancestry of individuals:
        Label (%Miss) Pop:  Inferred clusters
  1 OmyAC19ROGR    (0)    1 :  0.430 0.381 0.023 0.167 
  2 OmyAC19ROGR    (0)    1 :  0.391 0.384 0.116 0.109 
  3 OmyAC19ROGR    (0)    1 :  0.396 0.387 0.099 0.118 
  4 OmyAC19ROGR    (0)    1 :  0.378 0.201 0.035 0.385 
  5 OmyAC19ROGR    (1)    1 :  0.020 0.015 0.944 0.020 
  6 OmyAC19ROGR    (0)    1 :  0.579 0.083 0.217 0.121 
  7 OmyAC19ROGR    (0)    1 :  0.175 0.202 0.252 0.372 
  8 OmyAC19ROGR    (0)    1 :  0.206 0.272 0.029 0.493 
  9 OmyAC19ROGR    (0)    1 :  0.359 0.253 0.295 0.094 
 10 OmyAC19ROGR    (0)    1 :  0.134 0.246 0.508 0.112 
 11 OmyAC19ROGR    (0)    1 :  0.262 0.222 0.083 0.434 
 12 OmyAC19ROGR    (0)    1 :  0.541 0.094 0.152 0.213 
 13 OmyAC19ROGR    (0)    1 :  0.094 0.169 0.033 0.704 
 14 OmyAC19ROGR    (0)    1 :  0.111 0.044 0.519 0.326 
 15 OmyAC19ROGR    (0)    1 :  0.074 0.043 0.463 0.420 
 16 OmyAC19ROGR    (0)    1 :  0.231 0.184 0.127 0.458 
 17 OmyAC19ROGR    (0)    1 :  0.509 0.036 0.112 0.343 
 18 OmyAC19ROGR    (2)    1 :  0.237 0.430 0.043 0.291 
 19 OmyAC19ROGR    (1)    1 :  0.184 0.211 0.078 0.528 
 20 OmyAC19ROGR    (0)    1 :  0.400 0.059 0.295 0.245 
 21 OmyAC19ROGR    (1)    1 :  0.220 0.193 0.329 0.258 
 22 OmyAC19ROGR    (0)    1 :  0.183 0.493 0.106 0.218 
 23 OmyAC19ROGR    (0)    1 :  0.360 0.170 0.315 0.155 
 24 OmyAC19ROGR    (0)    1 :  0.089 0.826 0.025 0.059 
 25 OmyAC19ROGR    (0)    1 :  0.155 0.140 0.282 0.423 
 26 OmyAC19ROGR    (0)    1 :  0.325 0.412 0.147 0.116 
 27 OmyAC19ROGR    (1)    1 :  0.253 0.083 0.073 0.591 
 28 OmyAC19ROGR    (0)    1 :  0.056 0.862 0.042 0.039 
 29 OmyAC19ROGR    (0)    1 :  0.350 0.212 0.094 0.344 
 30 OmyAC19ROGR    (0)    1 :  0.113 0.079 0.741 0.067 
 31 OmyAC19ROGR    (0)    1 :  0.348 0.228 0.060 0.364 
 32 OmyAC19ROGR    (0)    1 :  0.248 0.332 0.185 0.234 
 33 OmyAC19ROGR    (1)    1 :  0.316 0.413 0.142 0.129 
 34 OmyAC19ROGR    (0)    1 :  0.071 0.081 0.531 0.316 
 35 OmyAC19ROGR    (0)    1 :  0.268 0.503 0.091 0.138 
 36 OmyAC19ROGR    (0)    1 :  0.326 0.163 0.212 0.299 
 37 OmyAC19ROGR    (0)    1 :  0.088 0.673 0.138 0.100 
 38 OmyAC19ROGR    (0)    1 :  0.060 0.397 0.465 0.077 
 39 OmyAC19ROGR    (0)    1 :  0.480 0.107 0.124 0.289 
 40 OmyAC19ROGR    (0)    1 :  0.243 0.072 0.367 0.318 
 41 OmyAC19ROGR    (1)    1 :  0.263 0.124 0.062 0.551 
 42 OmyAC19ROGR    (0)    1 :  0.062 0.030 0.844 0.064 
 43 OmyAC19ROGR    (0)    1 :  0.601 0.209 0.061 0.129 
 44 OmyAC19ROGR    (6)    1 :  0.724 0.129 0.054 0.093 
 45 OmyAC19ROGR    (1)    1 :  0.157 0.320 0.411 0.112 
 46 OmyAC19ROGR    (0)    1 :  0.201 0.557 0.106 0.137 
 47 OmyAC19ROGR    (0)    1 :  0.093 0.718 0.091 0.097 
 48 OmyAC19ROGR    (0)    1 :  0.550 0.170 0.068 0.213 
 49 OmyAC19ROGR    (0)    1 :  0.295 0.406 0.049 0.250 
 50 OmyAC19ROGR    (0)    1 :  0.359 0.051 0.036 0.554 
 51 OmyAC19ROGR    (2)    1 :  0.076 0.058 0.768 0.098 
 52 OmyAC19ROGR    (0)    1 :  0.051 0.045 0.865 0.040 
 53 OmyAC19ROGR    (1)    1 :  0.100 0.771 0.056 0.073 
 54 OmyAC19ROGR    (0)    1 :  0.163 0.598 0.095 0.144 
 55 OmyAC19ROGR    (3)    1 :  0.256 0.105 0.121 0.518 
 56 OmyAC19ROGR    (0)    1 :  0.067 0.676 0.105 0.151 
 57 OmyAC19ROGR    (0)    1 :  0.109 0.727 0.028 0.137 
 58 OmyAC19ROGR    (0)    1 :  0.122 0.075 0.714 0.089 
 59 OmyAC19ROGR    (0)    1 :  0.165 0.616 0.031 0.188 
 60 OmyAC19ROGR    (1)    1 :  0.224 0.150 0.168 0.458 
 61 OmyAC19ROGR    (0)    1 :  0.170 0.609 0.069 0.153 
 62 OmyAC19ROGR    (0)    1 :  0.612 0.153 0.051 0.184 
 63 OmyAC19ROGR    (0)    1 :  0.156 0.481 0.269 0.094 
 64 OmyAC19ROGR    (2)    1 :  0.431 0.161 0.113 0.295 
 65 OmyAC19ROGR    (0)    1 :  0.266 0.180 0.065 0.489 
 66 OmyAC19ROGR    (3)    1 :  0.103 0.066 0.353 0.479 
 67 OmyAC19ROGR    (0)    1 :  0.103 0.656 0.043 0.198 
 68 OmyAC19ROGR    (1)    1 :  0.315 0.464 0.086 0.135 
 69 OmyAC19ROGR    (2)    1 :  0.074 0.585 0.263 0.077 
 70 OmyAC19ROGR    (0)    1 :  0.448 0.329 0.045 0.178 
 71 OmyAC19ROGR    (0)    1 :  0.303 0.233 0.060 0.405 
 72 OmyAC19ROGR    (4)    1 :  0.479 0.191 0.038 0.292 
 73 OmyAC19ROGR    (0)    1 :  0.287 0.391 0.233 0.089 
 74 OmyAC19ROGR    (0)    1 :  0.643 0.055 0.042 0.260 
 75 OmyAC19ROGR    (0)    1 :  0.173 0.299 0.173 0.355 
 76 OmyAC19ROGR    (0)    1 :  0.127 0.753 0.061 0.060 
 77 OmyAC19ROGR    (1)    1 :  0.023 0.020 0.928 0.029 
 78 OmyAC19ROGR    (0)    1 :  0.546 0.133 0.064 0.256 
 79 OmyAC19ROGR    (2)    1 :  0.423 0.278 0.082 0.217 
 80 OmyAC19ROGR    (1)    1 :  0.095 0.093 0.703 0.109 
 81 OmyAC19ROGR    (2)    1 :  0.271 0.115 0.467 0.146 
 82 OmyAC19ROGR    (1)    1 :  0.152 0.708 0.029 0.110 
 83 OmyAC19ROGR    (0)    1 :  0.177 0.466 0.073 0.283 
 84 OmyAC19ROGR    (0)    1 :  0.472 0.106 0.208 0.214 
 85 OmyAC19ROGR    (5)    1 :  0.305 0.249 0.051 0.395 
 86 OmyAC19ROGR    (0)    1 :  0.352 0.045 0.162 0.442 
 87 OmyAC19ROGR    (1)    1 :  0.310 0.516 0.063 0.111 
 88 OmyJC19ROGR    (0)    2 :  0.048 0.038 0.850 0.063 
 89 OmyJC19ROGR    (0)    2 :  0.403 0.151 0.128 0.317 
 90 OmyJC19ROGR    (0)    2 :  0.032 0.027 0.903 0.038 
 91 OmyJC19ROGR    (1)    2 :  0.230 0.377 0.023 0.370 
 92 OmyJC19ROGR    (0)    2 :  0.101 0.720 0.081 0.098 
 93 OmyJC19ROGR    (0)    2 :  0.105 0.801 0.026 0.069 
 94 OmyJC19ROGR    (0)    2 :  0.486 0.071 0.200 0.242 
 95 OmyJC19ROGR    (0)    2 :  0.596 0.064 0.173 0.168 
 96 OmyJC19ROGR    (0)    2 :  0.154 0.087 0.110 0.649 
 97 OmyJC19ROGR    (0)    2 :  0.056 0.742 0.162 0.041 
 98 OmyJC19ROGR    (0)    2 :  0.431 0.184 0.052 0.332 
 99 OmyJC19ROGR    (0)    2 :  0.099 0.591 0.118 0.192 
100 OmyJC19ROGR    (1)    2 :  0.471 0.139 0.072 0.318 
101 OmyJC19ROGR    (0)    2 :  0.134 0.240 0.519 0.107 
102 OmyJC19ROGR    (0)    2 :  0.236 0.094 0.131 0.540 
103 OmyJC19ROGR    (0)    2 :  0.334 0.254 0.207 0.205 
104 OmyJC19ROGR    (0)    2 :  0.191 0.611 0.051 0.148 
105 OmyJC19ROGR    (0)    2 :  0.118 0.612 0.186 0.083 
106 OmyJC19ROGR    (0)    2 :  0.024 0.042 0.916 0.017 
107 OmyJC19ROGR    (1)    2 :  0.167 0.184 0.141 0.508 
108 OmyJC19ROGR    (0)    2 :  0.260 0.335 0.090 0.315 
109 OmyJC19ROGR    (0)    2 :  0.193 0.049 0.224 0.534 
110 OmyJC19ROGR    (0)    2 :  0.091 0.506 0.329 0.073 
111 OmyJC19ROGR    (1)    2 :  0.078 0.624 0.117 0.181 
112 OmyJC19ROGR    (2)    2 :  0.356 0.090 0.164 0.390 
113 OmyJC19ROGR    (0)    2 :  0.102 0.075 0.667 0.156 
114 OmyJC19ROGR    (3)    2 :  0.522 0.148 0.066 0.263 
115 OmyJC19ROGR    (1)    2 :  0.409 0.437 0.082 0.072 
116 OmyJC19ROGR    (0)    2 :  0.535 0.123 0.126 0.217 
117 OmyJC19ROGR    (0)    2 :  0.413 0.084 0.207 0.295 
118 OmyJC19ROGR    (0)    2 :  0.504 0.247 0.040 0.209 
119 OmyJC19ROGR    (2)    2 :  0.373 0.088 0.065 0.473 
120 OmyJC19ROGR    (0)    2 :  0.068 0.850 0.022 0.061 
121 OmyJC19ROGR    (0)    2 :  0.494 0.078 0.067 0.362 
122 OmyJC19ROGR    (0)    2 :  0.463 0.203 0.100 0.235 
123 OmyJC19ROGR    (0)    2 :  0.258 0.247 0.035 0.460 
124 OmyJC19ROGR    (0)    2 :  0.594 0.081 0.175 0.149 
125 OmyJC19ROGR    (0)    2 :  0.218 0.542 0.145 0.095 
126 OmyJC19ROGR    (1)    2 :  0.134 0.077 0.705 0.084 
127 OmyJC19ROGR    (0)    2 :  0.096 0.061 0.058 0.785 
128 OmyJC19ROGR    (1)    2 :  0.114 0.703 0.054 0.129 
129 OmyJC19ROGR    (0)    2 :  0.202 0.271 0.372 0.155 
130 OmyJC19ROGR    (2)    2 :  0.780 0.050 0.070 0.100 
131 OmyJC19ROGR    (0)    2 :  0.423 0.317 0.118 0.142 
132 OmyJC19ROGR    (1)    2 :  0.191 0.601 0.064 0.144 
133 OmyJC19ROGR    (0)    2 :  0.658 0.144 0.035 0.163 
134 OmyJC19ROGR    (0)    2 :  0.201 0.179 0.117 0.503 
135 OmyJC19ROGR    (1)    2 :  0.047 0.879 0.035 0.039 
136 OmyJC19ROGR    (3)    2 :  0.482 0.230 0.058 0.230 
137 OmyJC19ROGR    (0)    2 :  0.217 0.077 0.215 0.492 
138 OmyJC19ROGR    (0)    2 :  0.136 0.044 0.730 0.090 
139 OmyJC19ROGR    (2)    2 :  0.522 0.120 0.042 0.316 
140 OmyJC19ROGR    (2)    2 :  0.242 0.115 0.138 0.505 
141 OmyJC19ROGR    (0)    2 :  0.179 0.213 0.358 0.250 
142 OmyJC19ROGR    (0)    2 :  0.189 0.257 0.342 0.211 
143 OmyJC19ROGR    (0)    2 :  0.124 0.758 0.071 0.048 
144 OmyJC19ROGR    (0)    2 :  0.375 0.123 0.026 0.476 
145 OmyJC19ROGR    (0)    2 :  0.632 0.062 0.048 0.258 
146 OmyJC19ROGR    (1)    2 :  0.132 0.688 0.091 0.089 
147 OmyJC19ROGR    (0)    2 :  0.184 0.205 0.096 0.514 
148 OmyJC19ROGR    (0)    2 :  0.183 0.192 0.032 0.592 
149 OmyJC19ROGR    (1)    2 :  0.173 0.558 0.121 0.148 
150 OmyJC19ROGR    (1)    2 :  0.117 0.622 0.076 0.184 
151 OmyJC19ROGR    (0)    2 :  0.235 0.227 0.179 0.359 
152 OmyJC19ROGR    (0)    2 :  0.459 0.183 0.064 0.295 
153 OmyJC19ROGR    (0)    2 :  0.038 0.856 0.051 0.055 
154 OmyJC19ROGR    (1)    2 :  0.471 0.087 0.087 0.355 
155 OmyJC19ROGR    (0)    2 :  0.268 0.399 0.131 0.203 
156 OmyJC19ROGR    (1)    2 :  0.172 0.273 0.148 0.407 
157 OmyJC19ROGR    (0)    2 :  0.361 0.330 0.105 0.205 
158 OmyJC19ROGR    (0)    2 :  0.430 0.282 0.027 0.261 
159 OmyJC19ROGR    (0)    2 :  0.452 0.066 0.066 0.415 
160 OmyJC19ROGR    (0)    2 :  0.155 0.368 0.089 0.388 
161 OmyJC19ROGR    (0)    2 :  0.238 0.405 0.037 0.320 
162 OmyJC19ROGR    (0)    2 :  0.273 0.192 0.081 0.454 
163 OmyJC19ROGR    (0)    2 :  0.144 0.657 0.050 0.148 
164 OmyJC19ROGR    (0)    2 :  0.383 0.110 0.043 0.465 
165 OmyJC19ROGR    (0)    2 :  0.410 0.224 0.033 0.334 
166 OmyJC19ROGR    (0)    2 :  0.544 0.087 0.070 0.299 
167 OmyJC19ROGR    (1)    2 :  0.194 0.498 0.116 0.192 
168 OmyJC19ROGR    (0)    2 :  0.496 0.152 0.102 0.250 
169 OmyJC19ROGR    (0)    2 :  0.026 0.020 0.919 0.035 
170 OmyJC19ROGR    (0)    2 :  0.108 0.714 0.087 0.091 
171 OmyJC19ROGR    (0)    2 :  0.455 0.117 0.041 0.387 
172 OmyJC19ROGR    (0)    2 :  0.101 0.397 0.359 0.142 
173 OmyJC19ROGR    (0)    2 :  0.033 0.033 0.895 0.040 
174 OmyJC19ROGR    (0)    2 :  0.619 0.192 0.044 0.144 
175 OmyJC19ROGR    (0)    2 :  0.649 0.085 0.046 0.220 
176 OmyJC19ROGR    (0)    2 :  0.101 0.624 0.122 0.153 
177 OmyJC19ROGR    (0)    2 :  0.088 0.822 0.020 0.070 
178 OmyJC19ROGR    (0)    2 :  0.257 0.038 0.066 0.639 
179 OmyJC19ROGR    (0)    2 :  0.209 0.542 0.029 0.220 
180 OmyJC19ROGR    (0)    2 :  0.047 0.064 0.848 0.041 
181 OmyJC19ROGR    (0)    2 :  0.529 0.128 0.076 0.268 
182 OmyJC19ROGR    (0)    2 :  0.225 0.158 0.222 0.396 
183 OmyJC19ROGR    (0)    2 :  0.347 0.124 0.048 0.482 
184 OmyJC19ROGR    (0)    2 :  0.091 0.147 0.653 0.109 
185 OmyJC19ROGR    (1)    2 :  0.464 0.262 0.019 0.255 
186 OmyJC19ROGR    (0)    2 :  0.159 0.639 0.117 0.085 
187 OmyJC19ROGR    (0)    2 :  0.752 0.076 0.040 0.131 
188 OmyJC19ROGR    (0)    2 :  0.420 0.222 0.053 0.304 
189 OmyJC19ROGR    (0)    2 :  0.217 0.405 0.219 0.158 
190 OmyJC19ROGR    (0)    2 :  0.094 0.758 0.058 0.090 
191 OmyJC19ROGR    (0)    2 :  0.247 0.592 0.047 0.114 
192 OmyJC19ROGR    (0)    2 :  0.113 0.042 0.052 0.794 
193 OmyJC19ROGR    (1)    2 :  0.297 0.192 0.155 0.356 
194 OmyJC19ROGR    (0)    2 :  0.081 0.055 0.026 0.838 
195 OmyJC19ROGR    (0)    2 :  0.103 0.033 0.791 0.074 
196 OmyJC19ROGR    (0)    2 :  0.828 0.043 0.043 0.086 
197 OmyJC19ROGR    (0)    2 :  0.177 0.498 0.087 0.238 
198 OmyJC19ROGR    (0)    2 :  0.081 0.083 0.753 0.082 
199 OmyJC19ROGR    (0)    2 :  0.461 0.149 0.044 0.346 
200 OmyJC19ROGR    (0)    2 :  0.115 0.701 0.106 0.078 
201 OmyJC19ROGR    (0)    2 :  0.409 0.104 0.038 0.449 
202 OmyJC19ROGR    (0)    2 :  0.047 0.864 0.017 0.071 
203 OmyJC19ROGR    (0)    2 :  0.436 0.215 0.066 0.283 
204 OmyJC19ROGR    (0)    2 :  0.279 0.249 0.072 0.399 
205 OmyJC19ROGR    (0)    2 :  0.496 0.145 0.162 0.197 
206 OmyJC19ROGR    (0)    2 :  0.051 0.048 0.855 0.046 
207 OmyJC19ROGR    (0)    2 :  0.319 0.126 0.335 0.221 
208 OmyJC19ROGR    (0)    2 :  0.263 0.070 0.051 0.616 
209 OmyJC19ROGR    (0)    2 :  0.134 0.241 0.538 0.088 
210 OmyJC19ROGR    (0)    2 :  0.059 0.025 0.879 0.037 
211 OmyJC19ROGR    (0)    2 :  0.265 0.192 0.234 0.309 
212 OmyJC19ROGR    (1)    2 :  0.101 0.537 0.200 0.162 
213 OmyJC19ROGR    (1)    2 :  0.619 0.134 0.050 0.197 
214 OmyJC19ROGR    (0)    2 :  0.496 0.085 0.061 0.358 
215 OmyJC19ROGR    (0)    2 :  0.108 0.097 0.044 0.750 
216 OmyJC19ROGR    (0)    2 :  0.084 0.041 0.811 0.064 
217 OmyJC19ROGR    (0)    2 :  0.208 0.113 0.441 0.238 
218 OmyJC19ROGR    (0)    2 :  0.243 0.555 0.047 0.155 
219 OmyJC19ROGR    (0)    2 :  0.201 0.060 0.123 0.615 
220 OmyJC19ROGR    (0)    2 :  0.326 0.237 0.019 0.417 
221 OmyJC19ROGR    (0)    2 :  0.508 0.101 0.277 0.114 
222 OmyJC19ROGR    (0)    2 :  0.180 0.490 0.056 0.274 
223 OmyJC19ROGR    (0)    2 :  0.365 0.167 0.072 0.396 
224 OmyJC19ROGR    (0)    2 :  0.242 0.075 0.039 0.644 
225 OmyJC19ROGR    (0)    2 :  0.028 0.020 0.918 0.034 
226 OmyJC19ROGR    (0)    2 :  0.503 0.054 0.252 0.191 
227 OmyJC19ROGR    (1)    2 :  0.032 0.055 0.878 0.035 
228 OmyJC19ROGR    (0)    2 :  0.382 0.058 0.054 0.506 
229 OmyJC19ROGR    (1)    2 :  0.520 0.260 0.044 0.175 
230 OmyJC19ROGR    (0)    2 :  0.405 0.215 0.238 0.143 
231 OmyJC19ROGR    (0)    2 :  0.374 0.089 0.115 0.422 
232 OmyJC19ROGR    (1)    2 :  0.455 0.220 0.078 0.248 
233 OmyJC19ROGR    (0)    2 :  0.295 0.159 0.194 0.352 
234 OmyJC19ROGR    (0)    2 :  0.036 0.029 0.902 0.033 
235 OmyJC19ROGR    (0)    2 :  0.063 0.154 0.641 0.142 
236 OmyJC19ROGR    (1)    2 :  0.153 0.195 0.049 0.603 
237 OmyJC19ROGR    (0)    2 :  0.343 0.182 0.085 0.391 
238 OmyJC19ROGR    (0)    2 :  0.376 0.069 0.127 0.428 
239 OmyJC19ROGR    (0)    2 :  0.199 0.125 0.140 0.536 
240 OmyJC19ROGR    (0)    2 :  0.625 0.144 0.062 0.169 
241 OmyJC19ROGR    (0)    2 :  0.129 0.534 0.126 0.210 
242 OmyJC19ROGR    (0)    2 :  0.077 0.180 0.032 0.711 
243 OmyJC19ROGR    (0)    2 :  0.195 0.449 0.072 0.284 
244 OmyJC19ROGR    (0)    2 :  0.227 0.531 0.097 0.145 
245 OmyJC19ROGR    (0)    2 :  0.030 0.026 0.914 0.031 
246 OmyJC19ROGR    (0)    2 :  0.124 0.556 0.214 0.106 
247 OmyJC19ROGR    (0)    2 :  0.119 0.157 0.631 0.093 
248 OmyJC19ROGR    (0)    2 :  0.202 0.124 0.563 0.111 
249 OmyJC19ROGR    (0)    2 :  0.561 0.083 0.100 0.256 
250 OmyJC19ROGR    (0)    2 :  0.317 0.146 0.124 0.414 
251 OmyJC19ROGR    (0)    2 :  0.646 0.111 0.061 0.181 
252 OmyJC19ROGR    (0)    2 :  0.094 0.807 0.046 0.053 
253 OmyJC19ROGR    (0)    2 :  0.285 0.130 0.127 0.458 
254 OmyJC19ROGR    (0)    2 :  0.240 0.544 0.094 0.122 
255 OmyJC19ROGR    (0)    2 :  0.290 0.589 0.048 0.073 
256 OmyJC19ROGR    (0)    2 :  0.163 0.395 0.361 0.080 
257 OmyJC19ROGR    (0)    2 :  0.672 0.097 0.102 0.129 
258 OmyAC19ROGR    (0)    1 :  0.220 0.214 0.231 0.335 
259 OmyAC19ROGR    (1)    1 :  0.156 0.106 0.471 0.268 
260 OmyAC19ROGR    (0)    1 :  0.186 0.090 0.035 0.688 
261 OmyAC19ROGR    (0)    1 :  0.633 0.073 0.061 0.233 
262 OmyAC19ROGR    (0)    1 :  0.469 0.174 0.150 0.207 
263 OmyAC19ROGR    (0)    1 :  0.169 0.592 0.068 0.171 
264 OmyAC19ROGR    (0)    1 :  0.440 0.164 0.097 0.299 
265 OmyAC19ROGR    (0)    1 :  0.379 0.364 0.069 0.187 
266 OmyAC19ROGR    (0)    1 :  0.805 0.063 0.029 0.103 
267 OmyAC19ROGR    (0)    1 :  0.487 0.139 0.181 0.192 
268 OmyAC19ROGR    (1)    1 :  0.140 0.493 0.207 0.160 
269 OmyAC19ROGR    (1)    1 :  0.293 0.085 0.216 0.407 
270 OmyAC19ROGR    (0)    1 :  0.471 0.418 0.041 0.070 
271 OmyAC19ROGR    (0)    1 :  0.217 0.110 0.352 0.321 
272 OmyAC19ROGR    (0)    1 :  0.440 0.073 0.225 0.263 
273 OmyAC19ROGR    (0)    1 :  0.261 0.253 0.064 0.422 
274 OmyAC19ROGR    (0)    1 :  0.099 0.051 0.791 0.059 
275 OmyAC19ROGR    (0)    1 :  0.133 0.373 0.129 0.365 
276 OmyAC19ROGR    (0)    1 :  0.194 0.166 0.099 0.541 
277 OmyAC19ROGR    (0)    1 :  0.417 0.067 0.110 0.406 
278 OmyAC19ROGR    (0)    1 :  0.268 0.081 0.384 0.267 
279 OmyAC19ROGR    (0)    1 :  0.095 0.064 0.240 0.601 
280 OmyAC19ROGR    (0)    1 :  0.414 0.342 0.147 0.097 
281 OmyAC19ROGR    (0)    1 :  0.287 0.140 0.070 0.503 
282 OmyAC19ROGR    (0)    1 :  0.374 0.200 0.219 0.206 
283 OmyAC19ROGR    (0)    1 :  0.377 0.120 0.073 0.430 
284 OmyAC19ROGR    (0)    1 :  0.383 0.227 0.041 0.349 
285 OmyAC19ROGR    (0)    1 :  0.277 0.399 0.066 0.258 
286 OmyAC19ROGR    (0)    1 :  0.251 0.325 0.032 0.392 
287 OmyAC19ROGR    (0)    1 :  0.019 0.015 0.948 0.018 
288 OmyAC19ROGR    (0)    1 :  0.068 0.056 0.782 0.094 
289 OmyAC19ROGR    (0)    1 :  0.159 0.115 0.179 0.548 
290 OmyAC19ROGR    (1)    1 :  0.018 0.027 0.931 0.024 
291 OmyAC19ROGR    (0)    1 :  0.183 0.205 0.467 0.145 
292 OmyAC19ROGR    (1)    1 :  0.319 0.096 0.263 0.322 
293 OmyAC19ROGR    (0)    1 :  0.099 0.726 0.037 0.138 
294 OmyAC19ROGR    (0)    1 :  0.220 0.073 0.390 0.317 
295 OmyAC19ROGR    (0)    1 :  0.430 0.218 0.039 0.313 
296 OmyAC19ROGR    (0)    1 :  0.173 0.172 0.061 0.594 
297 OmyAC19ROGR    (0)    1 :  0.106 0.048 0.777 0.069 
298 OmyAC19ROGR    (0)    1 :  0.228 0.077 0.042 0.654 
299 OmyAC19ROGR    (0)    1 :  0.135 0.328 0.316 0.221 
300 OmyAC19ROGR    (0)    1 :  0.326 0.174 0.051 0.449 
301 OmyAC19ROGR    (0)    1 :  0.036 0.028 0.896 0.040 
302 OmyAC19ROGR    (0)    1 :  0.151 0.081 0.518 0.250 
303 OmyAC19ROGR    (0)    1 :  0.269 0.096 0.159 0.476 
304 OmyAC19ROGR    (0)    1 :  0.113 0.103 0.149 0.634 
305 OmyAC19ROGR    (0)    1 :  0.193 0.119 0.041 0.647 
306 OmyAC19ROGR    (0)    1 :  0.163 0.034 0.715 0.088 
307 OmyAC19ROGR    (1)    1 :  0.423 0.319 0.036 0.222 
308 OmyAC19ROGR    (0)    1 :  0.580 0.072 0.127 0.221 
309 OmyAC19ROGR    (1)    1 :  0.044 0.037 0.876 0.044 
310 OmyAC19ROGR    (0)    1 :  0.330 0.102 0.425 0.144 
311 OmyAC19ROGR    (0)    1 :  0.113 0.076 0.514 0.297 
312 OmyAC19ROGR    (0)    1 :  0.206 0.562 0.052 0.180 
313 OmyAC19ROGR    (0)    1 :  0.493 0.126 0.025 0.355 
314 OmyAC19ROGR    (0)    1 :  0.108 0.705 0.054 0.133 
315 OmyAC19ROGR    (0)    1 :  0.379 0.162 0.096 0.363 
316 OmyAC19ROGR    (0)    1 :  0.712 0.102 0.051 0.136 
317 OmyAC19ROGR    (0)    1 :  0.132 0.580 0.053 0.235 
318 OmyAC19ROGR    (0)    1 :  0.266 0.549 0.040 0.146 
319 OmyAC19ROGR    (1)    1 :  0.205 0.166 0.030 0.598 
320 OmyAC19ROGR    (0)    1 :  0.306 0.085 0.018 0.592 
321 OmyAC19ROGR    (0)    1 :  0.360 0.095 0.045 0.499 
322 OmyAC19ROGR    (0)    1 :  0.192 0.121 0.505 0.181 
323 OmyAC19ROGR    (0)    1 :  0.273 0.043 0.045 0.640 
324 OmyAC19ROGR    (0)    1 :  0.581 0.227 0.046 0.146 
325 OmyAC19ROGR    (0)    1 :  0.435 0.064 0.376 0.124 
326 OmyAC19ROGR    (0)    1 :  0.664 0.061 0.069 0.206 
327 OmyAC19ROGR    (0)    1 :  0.410 0.206 0.056 0.328 
328 OmyAC20ROGR    (1)    1 :  0.219 0.252 0.046 0.483 
329 OmyAC20ROGR    (0)    1 :  0.132 0.448 0.116 0.303 
330 OmyAC20ROGR    (0)    1 :  0.308 0.295 0.111 0.287 
331 OmyAC20ROGR    (0)    1 :  0.284 0.179 0.371 0.166 
332 OmyAC20ROGR    (0)    1 :  0.247 0.314 0.281 0.157 
333 OmyAC20ROGR    (0)    1 :  0.237 0.331 0.350 0.083 
334 OmyAC20ROGR    (0)    1 :  0.117 0.709 0.037 0.136 
335 OmyAC20ROGR    (0)    1 :  0.367 0.300 0.063 0.271 
336 OmyAC20ROGR    (0)    1 :  0.366 0.153 0.214 0.268 
337 OmyAC20ROGR    (0)    1 :  0.164 0.101 0.506 0.228 
338 OmyAC20ROGR    (0)    1 :  0.299 0.366 0.200 0.136 
339 OmyAC20ROGR    (0)    1 :  0.388 0.147 0.146 0.318 
340 OmyAC20ROGR    (0)    1 :  0.100 0.758 0.075 0.068 
341 OmyAC20ROGR    (0)    1 :  0.106 0.701 0.107 0.086 
342 OmyAC20ROGR    (0)    1 :  0.218 0.329 0.216 0.236 
343 OmyAC20ROGR    (0)    1 :  0.406 0.396 0.083 0.115 
344 OmyAC20ROGR    (0)    1 :  0.262 0.428 0.205 0.105 
345 OmyAC20ROGR    (1)    1 :  0.590 0.073 0.181 0.156 
346 OmyAC20ROGR    (0)    1 :  0.467 0.163 0.248 0.122 
347 OmyAC20ROGR    (0)    1 :  0.365 0.143 0.287 0.205 
348 OmyAC20ROGR    (0)    1 :  0.105 0.536 0.264 0.095 
349 OmyAC20ROGR    (0)    1 :  0.314 0.490 0.085 0.111 
350 OmyAC20ROGR    (0)    1 :  0.174 0.097 0.096 0.633 
351 OmyAC20ROGR    (0)    1 :  0.381 0.339 0.173 0.108 
352 OmyAC20ROGR    (0)    1 :  0.244 0.120 0.078 0.557 
353 OmyAC20ROGR    (0)    1 :  0.624 0.191 0.044 0.141 
354 OmyAC20ROGR    (0)    1 :  0.151 0.391 0.331 0.126 
355 OmyAC20ROGR    (0)    1 :  0.167 0.496 0.101 0.236 
356 OmyAC20ROGR    (0)    1 :  0.232 0.221 0.062 0.485 
357 OmyAC20ROGR    (0)    1 :  0.317 0.084 0.160 0.439 
358 OmyAC20ROGR    (0)    1 :  0.285 0.136 0.063 0.516 
359 OmyAC20ROGR    (0)    1 :  0.079 0.032 0.245 0.644 
360 OmyAC20ROGR    (0)    1 :  0.305 0.214 0.284 0.197 
361 OmyAC20ROGR    (0)    1 :  0.315 0.071 0.052 0.562 
362 OmyAC20ROGR    (0)    1 :  0.437 0.065 0.065 0.432 
363 OmyAC20ROGR    (0)    1 :  0.283 0.398 0.172 0.148 
364 OmyAC20ROGR    (1)    1 :  0.122 0.499 0.060 0.319 
365 OmyAC20ROGR    (0)    1 :  0.604 0.128 0.032 0.237 
366 OmyAC20ROGR    (0)    1 :  0.484 0.346 0.050 0.119 
367 OmyAC20ROGR    (0)    1 :  0.544 0.141 0.156 0.159 
368 OmyAC20ROGR    (1)    1 :  0.189 0.052 0.132 0.627 
369 OmyAC20ROGR    (0)    1 :  0.176 0.261 0.388 0.174 
370 OmyAC20ROGR    (0)    1 :  0.089 0.082 0.752 0.077 
371 OmyAC20ROGR    (0)    1 :  0.062 0.044 0.828 0.066 
372 OmyAC20ROGR    (2)    1 :  0.044 0.027 0.896 0.033 
373 OmyAC20ROGR    (0)    1 :  0.315 0.061 0.449 0.175 
374 OmyAC20ROGR    (0)    1 :  0.323 0.278 0.042 0.356 
375 OmyAC20ROGR    (0)    1 :  0.512 0.117 0.105 0.266 
376 OmyAC20ROGR    (0)    1 :  0.153 0.101 0.566 0.179 
377 OmyAC20ROGR    (0)    1 :  0.342 0.463 0.034 0.161 
378 OmyAC20ROGR    (0)    1 :  0.231 0.293 0.033 0.443 
379 OmyAC20ROGR    (0)    1 :  0.187 0.167 0.486 0.159 
380 OmyAC20ROGR    (1)    1 :  0.790 0.072 0.035 0.103 
381 OmyAC20ROGR    (0)    1 :  0.439 0.075 0.143 0.342 
382 OmyAC20ROGR    (0)    1 :  0.064 0.028 0.857 0.050 
383 OmyAC20ROGR    (0)    1 :  0.620 0.037 0.206 0.137 
384 OmyAC20ROGR    (0)    1 :  0.197 0.211 0.384 0.208 
385 OmyAC20ROGR    (0)    1 :  0.222 0.044 0.299 0.435 
386 OmyAC20ROGR    (0)    1 :  0.581 0.136 0.178 0.105 
387 OmyAC20ROGR    (0)    1 :  0.288 0.056 0.396 0.260 
388 OmyAC20ROGR    (0)    1 :  0.153 0.369 0.336 0.143 
389 OmyAC20ROGR    (0)    1 :  0.327 0.069 0.038 0.566 
390 OmyAC20ROGR    (0)    1 :  0.340 0.163 0.035 0.462 
391 OmyAC20ROGR    (0)    1 :  0.126 0.265 0.446 0.163 
392 OmyAC20ROGR    (0)    1 :  0.237 0.227 0.331 0.205 
393 OmyAC20ROGR    (0)    1 :  0.476 0.289 0.098 0.137 
394 OmyAC20ROGR    (1)    1 :  0.137 0.073 0.114 0.675 
395 OmyAC20ROGR    (0)    1 :  0.389 0.307 0.090 0.214 
396 OmyAC20ROGR    (0)    1 :  0.226 0.097 0.057 0.620 
397 OmyAC20ROGR    (0)    1 :  0.261 0.072 0.318 0.349 
398 OmyAC20ROGR    (0)    1 :  0.079 0.130 0.732 0.059 
399 OmyAC20ROGR    (0)    1 :  0.375 0.155 0.257 0.213 
400 OmyAC20ROGR    (0)    1 :  0.367 0.170 0.190 0.273 
401 OmyAC20ROGR    (1)    1 :  0.030 0.057 0.875 0.038 
402 OmyAC20ROGR    (0)    1 :  0.210 0.617 0.036 0.137 
403 OmyAC20ROGR    (0)    1 :  0.184 0.384 0.200 0.232 
404 OmyAC20ROGR    (0)    1 :  0.334 0.389 0.038 0.240 
405 OmyAC20ROGR    (0)    1 :  0.449 0.056 0.351 0.144 
406 OmyAC20ROGR    (0)    1 :  0.244 0.336 0.112 0.308 
407 OmyAC20ROGR    (0)    1 :  0.635 0.046 0.076 0.243 
408 OmyAC20ROGR    (0)    1 :  0.329 0.320 0.108 0.243 
409 OmyAC20ROGR    (0)    1 :  0.391 0.049 0.089 0.470 
410 OmyAC20ROGR    (0)    1 :  0.035 0.022 0.895 0.049 
411 OmyAC20ROGR    (0)    1 :  0.134 0.081 0.606 0.179 
412 OmyAC20ROGR    (0)    1 :  0.231 0.432 0.146 0.192 
413 OmyAC20ROGR    (0)    1 :  0.287 0.050 0.064 0.599 
414 OmyAC20ROGR    (0)    1 :  0.114 0.327 0.408 0.151 
415 OmyAC20ROGR    (0)    1 :  0.495 0.219 0.042 0.244 
416 OmyAC20ROGR    (0)    1 :  0.398 0.261 0.104 0.236 
417 OmyAC20ROGR    (0)    1 :  0.294 0.188 0.045 0.473 
418 OmyAC20ROGR    (0)    1 :  0.327 0.138 0.210 0.325 
419 OmyAC20ROGR    (0)    1 :  0.159 0.062 0.449 0.330 
420 OmyAC20ROGR    (0)    1 :  0.156 0.339 0.051 0.454 
421 OmyAC20ROGR    (0)    1 :  0.293 0.300 0.144 0.263 
422 OmyAC20ROGR    (0)    1 :  0.032 0.034 0.896 0.038 
423 OmyAC20ROGR    (0)    1 :  0.596 0.049 0.054 0.301 
424 OmyAC20ROGR    (0)    1 :  0.418 0.072 0.042 0.468 
425 OmyAC20ROGR    (0)    1 :  0.029 0.084 0.853 0.035 
426 OmyAC20ROGR    (0)    1 :  0.523 0.096 0.123 0.258 
427 OmyAC20ROGR    (0)    1 :  0.403 0.129 0.247 0.221 
428 OmyAC20ROGR    (0)    1 :  0.025 0.031 0.919 0.026 
429 OmyAC20ROGR    (0)    1 :  0.196 0.107 0.038 0.658 
430 OmyAC20ROGR    (0)    1 :  0.334 0.051 0.135 0.480 
431 OmyAC20ROGR    (0)    1 :  0.244 0.149 0.517 0.090 
432 OmyAC20ROGR    (0)    1 :  0.055 0.056 0.846 0.043 
433 OmyAC20ROGR    (0)    1 :  0.027 0.047 0.882 0.043 
434 OmyAC20ROGR    (0)    1 :  0.309 0.038 0.274 0.379 
435 OmyAC20ROGR    (0)    1 :  0.735 0.175 0.025 0.065 
436 OmyAC20ROGR    (0)    1 :  0.704 0.043 0.054 0.198 
437 OmyAC20ROGR    (0)    1 :  0.092 0.058 0.656 0.195 
438 OmyAC20ROGR    (0)    1 :  0.191 0.096 0.428 0.285 
439 OmyAC20ROGR    (0)    1 :  0.514 0.084 0.084 0.319 
440 OmyAC20ROGR    (0)    1 :  0.088 0.063 0.783 0.066 
441 OmyAC20ROGR    (0)    1 :  0.244 0.131 0.032 0.593 
442 OmyAC20ROGR    (0)    1 :  0.348 0.098 0.090 0.464 
443 OmyAC20ROGR    (0)    1 :  0.135 0.589 0.028 0.249 
444 OmyAC20ROGR    (0)    1 :  0.498 0.058 0.135 0.309 
445 OmyAC20ROGR    (0)    1 :  0.305 0.053 0.140 0.502 
446 OmyJC18ROGR    (0)    2 :  0.192 0.575 0.072 0.161 
447 OmyJC18ROGR    (0)    2 :  0.586 0.112 0.070 0.231 
448 OmyJC18ROGR    (0)    2 :  0.644 0.054 0.083 0.219 
449 OmyJC18ROGR    (0)    2 :  0.099 0.095 0.708 0.099 
450 OmyJC18ROGR    (0)    2 :  0.087 0.118 0.681 0.114 
451 OmyJC18ROGR    (0)    2 :  0.046 0.030 0.874 0.051 
452 OmyJC18ROGR    (0)    2 :  0.231 0.326 0.313 0.129 
453 OmyJC18ROGR    (0)    2 :  0.125 0.643 0.042 0.190 
454 OmyJC18ROGR    (0)    2 :  0.057 0.035 0.851 0.058 
455 OmyJC18ROGR    (0)    2 :  0.182 0.081 0.055 0.682 
456 OmyJC18ROGR    (0)    2 :  0.055 0.027 0.865 0.053 
457 OmyJC18ROGR    (0)    2 :  0.523 0.078 0.076 0.323 
458 OmyJC18ROGR    (0)    2 :  0.144 0.514 0.183 0.159 
459 OmyJC18ROGR    (0)    2 :  0.222 0.392 0.026 0.360 
460 OmyJC18ROGR    (2)    2 :  0.184 0.124 0.476 0.217 
461 OmyJC18ROGR    (1)    2 :  0.213 0.277 0.364 0.146 
462 OmyJC18ROGR    (3)    2 :  0.119 0.188 0.468 0.224 
463 OmyJC18ROGR    (1)    2 :  0.108 0.094 0.727 0.072 
464 OmyJC18ROGR    (3)    2 :  0.727 0.052 0.034 0.187 
465 OmyJC18ROGR    (3)    2 :  0.199 0.072 0.073 0.657 
466 OmyJC18ROGR    (0)    2 :  0.461 0.129 0.231 0.179 
467 OmyJC18ROGR    (1)    2 :  0.306 0.111 0.059 0.524 
468 OmyJC18ROGR    (0)    2 :  0.172 0.051 0.070 0.707 
469 OmyJC18ROGR    (0)    2 :  0.082 0.050 0.775 0.093 
470 OmyJC18ROGR    (3)    2 :  0.142 0.109 0.566 0.183 
471 OmyJC18ROGR    (1)    2 :  0.309 0.203 0.349 0.139 
472 OmyJC18ROGR    (1)    2 :  0.525 0.105 0.118 0.252 
473 OmyJC18ROGR    (2)    2 :  0.649 0.114 0.042 0.196 
474 OmyJC18ROGR    (0)    2 :  0.205 0.602 0.052 0.141 
475 OmyJC18ROGR    (1)    2 :  0.049 0.211 0.691 0.048 
476 OmyJC18ROGR    (2)    2 :  0.255 0.424 0.031 0.290 
477 OmyJC18ROGR    (3)    2 :  0.220 0.134 0.146 0.500 
478 OmyJC18ROGR    (0)    2 :  0.270 0.480 0.073 0.177 
479 OmyJC18ROGR    (0)    2 :  0.584 0.083 0.030 0.303 
480 OmyJC18ROGR    (0)    2 :  0.427 0.112 0.201 0.260 
481 OmyJC18ROGR    (2)    2 :  0.211 0.316 0.297 0.175 
482 OmyJC18ROGR    (3)    2 :  0.233 0.109 0.029 0.628 
483 OmyJC18ROGR    (3)    2 :  0.397 0.056 0.064 0.483 
484 OmyJC18ROGR    (3)    2 :  0.309 0.270 0.076 0.345 
485 OmyJC18ROGR    (2)    2 :  0.155 0.066 0.681 0.098 
486 OmyJC18ROGR    (2)    2 :  0.142 0.082 0.461 0.315 
487 OmyJC18ROGR    (1)    2 :  0.341 0.425 0.141 0.093 
488 OmyJC18ROGR    (3)    2 :  0.592 0.131 0.090 0.187 
489 OmyJC18ROGR    (0)    2 :  0.432 0.217 0.046 0.306 
490 OmyJC18ROGR    (2)    2 :  0.328 0.205 0.128 0.338 
491 OmyJC18ROGR    (4)    2 :  0.104 0.606 0.161 0.129 
492 OmyJC18ROGR    (4)    2 :  0.065 0.728 0.031 0.175 
493 OmyJC18ROGR    (3)    2 :  0.400 0.081 0.161 0.359 
494 OmyJC18ROGR    (3)    2 :  0.039 0.035 0.883 0.043 
495 OmyJC18ROGR    (3)    2 :  0.137 0.548 0.201 0.114 
496 OmyJC18ROGR    (0)    2 :  0.189 0.382 0.112 0.318 
497 OmyJC18ROGR    (5)    2 :  0.247 0.259 0.128 0.365 
498 OmyJC18ROGR    (3)    2 :  0.377 0.225 0.276 0.122 
499 OmyJC18ROGR    (1)    2 :  0.283 0.243 0.064 0.411 
500 OmyJC18ROGR    (1)    2 :  0.299 0.164 0.035 0.502 
501 OmyJC18ROGR    (3)    2 :  0.221 0.122 0.500 0.157 
502 OmyJC18ROGR    (1)    2 :  0.125 0.051 0.257 0.567 
503 OmyJC18ROGR    (4)    2 :  0.537 0.038 0.075 0.350 
504 OmyJC18ROGR    (1)    2 :  0.139 0.044 0.358 0.459 
505 OmyJC18ROGR    (0)    2 :  0.157 0.371 0.293 0.179 
506 OmyJC18ROGR    (6)    2 :  0.215 0.408 0.091 0.286 
507 OmyJC18ROGR    (0)    2 :  0.337 0.088 0.183 0.392 
508 OmyJC18ROGR    (0)    2 :  0.158 0.097 0.107 0.638 
509 OmyJC18ROGR    (2)    2 :  0.033 0.045 0.882 0.041 
510 OmyJC18ROGR    (1)    2 :  0.457 0.191 0.043 0.308 
511 OmyJC18ROGR    (3)    2 :  0.077 0.682 0.179 0.062 
512 OmyJC18ROGR    (2)    2 :  0.105 0.041 0.772 0.081 
513 OmyJC18ROGR    (7)    2 :  0.113 0.519 0.234 0.134 
514 OmyJC18ROGR    (3)    2 :  0.078 0.227 0.586 0.109 
515 OmyJC18ROGR    (0)    2 :  0.428 0.174 0.101 0.297 
516 OmyJC18ROGR    (2)    2 :  0.399 0.159 0.243 0.199 
517 OmyJC18ROGR    (2)    2 :  0.218 0.355 0.309 0.118 
518 OmyJC18ROGR    (0)    2 :  0.373 0.112 0.068 0.447 
519 OmyJC18ROGR    (7)    2 :  0.111 0.741 0.086 0.062 
520 OmyJC18ROGR    (4)    2 :  0.205 0.482 0.240 0.073 
521 OmyJC18ROGR    (1)    2 :  0.211 0.372 0.233 0.184 
522 OmyJC18ROGR    (1)    2 :  0.332 0.066 0.154 0.448 
523 OmyJC18ROGR    (3)    2 :  0.239 0.152 0.059 0.550 
524 OmyJC18ROGR    (1)    2 :  0.344 0.053 0.058 0.544 
525 OmyJC18ROGR    (2)    2 :  0.099 0.366 0.208 0.327 
526 OmyJC18ROGR    (1)    2 :  0.162 0.419 0.108 0.311 
527 OmyJC18ROGR    (0)    2 :  0.403 0.372 0.050 0.175 
528 OmyJC18ROGR    (0)    2 :  0.545 0.105 0.057 0.293 
529 OmyJC18ROGR    (1)    2 :  0.650 0.149 0.048 0.153 
530 OmyJC18ROGR    (0)    2 :  0.139 0.052 0.042 0.768 
531 OmyJC18ROGR    (0)    2 :  0.710 0.047 0.057 0.185 
532 OmyJC18ROGR    (1)    2 :  0.269 0.089 0.039 0.602 
533 OmyJC18ROGR    (2)    2 :  0.703 0.192 0.025 0.079 
534 OmyJC18ROGR    (2)    2 :  0.445 0.109 0.085 0.362 
535 OmyJC18ROGR    (0)    2 :  0.194 0.527 0.078 0.201 
536 OmyJC18ROGR    (0)    2 :  0.118 0.773 0.049 0.061 
537 OmyJC18ROGR    (0)    2 :  0.247 0.487 0.048 0.218 
538 OmyJC18ROGR    (0)    2 :  0.722 0.051 0.052 0.175 
539 OmyJC18ROGR    (1)    2 :  0.287 0.114 0.077 0.521 
540 OmyJC18ROGR    (6)    2 :  0.535 0.201 0.066 0.199 
541 OmyJC18ROGR    (1)    2 :  0.567 0.190 0.079 0.165 
542 OmyJC18ROGR    (1)    2 :  0.491 0.182 0.208 0.120 
543 OmyJC18ROGR    (0)    2 :  0.397 0.104 0.276 0.224 
544 OmyJC18ROGR    (2)    2 :  0.487 0.275 0.070 0.167 
545 OmyJC18ROGR    (1)    2 :  0.081 0.030 0.617 0.272 
546 OmyJC18ROGR    (6)    2 :  0.621 0.078 0.026 0.275 
547 OmyJC18ROGR    (0)    2 :  0.334 0.037 0.171 0.457 
548 OmyJC18ROGR    (1)    2 :  0.389 0.222 0.194 0.195 
549 OmyJC18ROGR    (0)    2 :  0.585 0.083 0.062 0.270 
550 OmyJC18ROGR    (1)    2 :  0.074 0.079 0.781 0.065 
551 OmyJC18ROGR    (1)    2 :  0.163 0.652 0.081 0.104 
552 OmyJC18ROGR    (2)    2 :  0.482 0.101 0.128 0.289 
553 OmyJC18ROGR    (7)    2 :  0.471 0.174 0.097 0.259 
554 OmyJC18ROGR    (2)    2 :  0.607 0.155 0.047 0.191 
555 OmyJC18ROGR    (3)    2 :  0.410 0.291 0.057 0.241 
556 OmyJC18ROGR    (0)    2 :  0.112 0.776 0.079 0.033 
557 OmyJC18ROGR    (1)    2 :  0.170 0.108 0.566 0.156 
558 OmyJC18ROGR    (0)    2 :  0.080 0.701 0.171 0.049 
559 OmyJC18ROGR    (0)    2 :  0.151 0.092 0.038 0.720 
560 OmyJC18ROGR    (5)    2 :  0.196 0.340 0.144 0.321 
561 OmyJC18ROGR    (0)    2 :  0.161 0.050 0.037 0.752 
562 OmyJC18ROGR    (6)    2 :  0.412 0.391 0.071 0.125 
563 OmyJC18ROGR    (2)    2 :  0.422 0.280 0.095 0.202 
564 OmyJC18ROGR    (3)    2 :  0.169 0.424 0.326 0.081 
565 OmyJC18ROGR    (3)    2 :  0.258 0.200 0.134 0.408 
566 OmyJC18ROGR    (1)    2 :  0.203 0.089 0.093 0.615 
567 OmyJC18ROGR    (0)    2 :  0.157 0.094 0.036 0.713 
568 OmyJC18ROGR    (3)    2 :  0.402 0.358 0.158 0.082 
569 OmyJC18ROGR    (2)    2 :  0.263 0.153 0.069 0.515 
570 OmyJC18ROGR    (0)    2 :  0.271 0.056 0.096 0.577 
571 OmyJC18ROGR    (1)    2 :  0.557 0.047 0.036 0.360 
572 OmyJC18ROGR    (4)    2 :  0.132 0.549 0.066 0.253 
573 OmyJC18ROGR    (3)    2 :  0.104 0.210 0.484 0.202 
574 OmyJC18ROGR    (5)    2 :  0.449 0.169 0.240 0.142 
575 OmyJC18ROGR    (3)    2 :  0.327 0.516 0.036 0.121 
576 OmyJC18ROGR    (0)    2 :  0.387 0.245 0.094 0.274 
577 OmyJC18ROGR    (0)    2 :  0.064 0.033 0.854 0.048 
578 OmyJC18ROGR    (1)    2 :  0.435 0.070 0.051 0.444 
579 OmyJC18ROGR    (0)    2 :  0.045 0.101 0.781 0.073 
580 OmyJC18ROGR    (0)    2 :  0.243 0.348 0.023 0.386 
581 OmyJC18ROGR    (3)    2 :  0.270 0.098 0.087 0.546 
582 OmyJC18ROGR    (6)    2 :  0.414 0.297 0.038 0.251 
583 OmyJC18ROGR    (3)    2 :  0.289 0.511 0.047 0.153 
584 OmyJC18ROGR    (3)    2 :  0.299 0.299 0.104 0.298 
585 OmyJC18ROGR    (1)    2 :  0.477 0.125 0.110 0.288 
586 OmyJC18ROGR    (1)    2 :  0.631 0.129 0.021 0.219 
587 OmyJC18ROGR    (0)    2 :  0.032 0.024 0.919 0.024 
588 OmyJC18ROGR    (0)    2 :  0.072 0.521 0.270 0.137 
589 OmyJC18ROGR    (1)    2 :  0.422 0.227 0.110 0.241 
590 OmyJC18ROGR    (2)    2 :  0.714 0.049 0.017 0.220 
591 OmyJC18ROGR    (0)    2 :  0.417 0.174 0.084 0.325 
592 OmyJC18ROGR    (3)    2 :  0.503 0.115 0.086 0.296 
593 OmyJC18ROGR    (0)    2 :  0.255 0.385 0.155 0.205 
594 OmyJC18ROGR    (1)    2 :  0.464 0.135 0.062 0.338 
595 OmyJC18ROGR    (0)    2 :  0.233 0.521 0.111 0.135 
596 OmyJC18ROGR    (1)    2 :  0.351 0.174 0.129 0.346 
597 OmyJC18ROGR    (0)    2 :  0.450 0.250 0.091 0.209 
598 OmyJC18ROGR    (1)    2 :  0.393 0.097 0.105 0.406 
599 OmyJC18ROGR    (0)    2 :  0.502 0.103 0.088 0.307 
600 OmyJC18ROGR    (0)    2 :  0.279 0.539 0.059 0.123 
601 OmyJC18ROGR    (0)    2 :  0.299 0.312 0.053 0.336 
602 OmyJC18ROGR    (0)    2 :  0.100 0.075 0.104 0.722 
603 OmyJC18ROGR    (0)    2 :  0.225 0.479 0.045 0.251 
604 OmyJC18ROGR    (0)    2 :  0.349 0.257 0.075 0.319 
605 OmyJC18ROGR    (0)    2 :  0.077 0.757 0.036 0.129 
606 OmyJC18ROGR    (0)    2 :  0.373 0.386 0.081 0.160 
607 OmyJC18ROGR    (0)    2 :  0.234 0.076 0.080 0.611 
608 OmyJC18ROGR    (0)    2 :  0.381 0.052 0.032 0.536 
609 OmyJC18ROGR    (0)    2 :  0.068 0.708 0.078 0.146 
610 OmyJC18ROGR    (4)    2 :  0.046 0.099 0.816 0.039 
611 OmyJC18ROGR    (0)    2 :  0.202 0.324 0.345 0.129 
612 OmyJC18ROGR    (2)    2 :  0.417 0.222 0.065 0.297 
613 OmyJC18ROGR    (0)    2 :  0.454 0.284 0.125 0.137 
614 OmyJC18ROGR    (0)    2 :  0.545 0.047 0.161 0.247 
615 OmyJC18ROGR    (0)    2 :  0.446 0.303 0.033 0.218 
616 OmyJC18ROGR    (0)    2 :  0.112 0.321 0.167 0.400 
617 OmyJC18ROGR    (0)    2 :  0.409 0.289 0.061 0.240 
618 OmyJC18ROGR    (0)    2 :  0.549 0.053 0.152 0.246 
619 OmyJC18ROGR    (0)    2 :  0.383 0.443 0.045 0.130 
620 OmyJC18ROGR    (0)    2 :  0.112 0.552 0.198 0.138 
621 OmyJC18ROGR    (1)    2 :  0.182 0.263 0.127 0.429 
622 OmyJC18ROGR    (2)    2 :  0.182 0.569 0.071 0.178 
623 OmyJC18ROGR    (1)    2 :  0.465 0.097 0.105 0.333 
624 OmyJC18ROGR    (2)    2 :  0.675 0.107 0.071 0.147 
625 OmyJC18ROGR    (0)    2 :  0.607 0.057 0.138 0.198 
626 OmyJC18ROGR    (6)    2 :  0.514 0.180 0.063 0.243 
627 OmyJC18ROGR    (0)    2 :  0.310 0.320 0.194 0.176 
628 OmyJC18ROGR    (0)    2 :  0.021 0.024 0.936 0.020 
629 OmyJC18ROGR    (1)    2 :  0.143 0.575 0.172 0.110 
630 OmyJC18ROGR    (1)    2 :  0.149 0.647 0.034 0.170 
631 OmyJC18ROGR    (3)    2 :  0.731 0.074 0.042 0.153 
632 OmyJC18ROGR    (0)    2 :  0.044 0.848 0.040 0.068 
633 OmyJC18ROGR    (4)    2 :  0.490 0.162 0.057 0.291 
634 OmyJC18ROGR    (2)    2 :  0.125 0.396 0.408 0.071 
635 OmyJC18ROGR    (0)    2 :  0.151 0.324 0.026 0.498 
636 OmyJC18ROGR    (0)    2 :  0.104 0.203 0.534 0.159 
637 OmyJC18ROGR    (0)    2 :  0.445 0.300 0.123 0.132 
638 OmyJC18ROGR    (0)    2 :  0.084 0.176 0.047 0.694 
639 OmyJC18ROGR    (1)    2 :  0.617 0.135 0.123 0.124 
640 OmyJC18ROGR    (1)    2 :  0.397 0.094 0.401 0.108 
641 OmyJC18ROGR    (0)    2 :  0.118 0.412 0.342 0.127 
642 OmyJC18ROGR    (3)    2 :  0.501 0.139 0.150 0.210 
643 OmyJC18ROGR    (1)    2 :  0.128 0.351 0.055 0.466 
644 OmyJC18ROGR    (7)    2 :  0.590 0.082 0.023 0.306 
645 OmyJC18ROGR    (4)    2 :  0.337 0.136 0.130 0.398 
646 OmyJC18ROGR    (0)    2 :  0.266 0.304 0.036 0.394 
647 OmyJC18ROGR    (1)    2 :  0.584 0.064 0.049 0.302 
648 OmyJC18ROGR    (1)    2 :  0.295 0.459 0.106 0.141 
649 OmyJC18ROGR    (0)    2 :  0.169 0.135 0.063 0.634 
650 OmyJC18ROGR    (1)    2 :  0.391 0.184 0.028 0.398 
651 OmyJC18ROGR    (5)    2 :  0.035 0.057 0.857 0.051 
652 OmyJC18ROGR    (1)    2 :  0.266 0.309 0.172 0.254 
653 OmyJC18ROGR    (3)    2 :  0.167 0.448 0.086 0.299 
654 OmyJC18ROGR    (1)    2 :  0.375 0.091 0.124 0.410 
655 OmyJC18ROGR    (2)    2 :  0.192 0.143 0.318 0.347 
656 OmyJC18ROGR    (0)    2 :  0.601 0.110 0.037 0.251 
657 OmyJC18ROGR    (0)    2 :  0.292 0.373 0.066 0.270 
658 OmyJC18ROGR    (0)    2 :  0.265 0.204 0.073 0.458 
659 OmyJC18ROGR    (5)    2 :  0.340 0.355 0.022 0.282 
660 OmyJC18ROGR    (3)    2 :  0.279 0.156 0.164 0.401 
661 OmyJC18ROGR    (2)    2 :  0.332 0.450 0.030 0.188 
662 OmyJC18ROGR    (1)    2 :  0.352 0.460 0.103 0.084 
663 OmyJC18ROGR    (2)    2 :  0.166 0.255 0.307 0.273 
664 OmyJC18ROGR    (0)    2 :  0.207 0.459 0.058 0.276 
665 OmyJC18ROGR    (0)    2 :  0.215 0.510 0.118 0.157 
666 OmyJC18ROGR    (0)    2 :  0.059 0.051 0.809 0.081 
667 OmyJC18ROGR    (0)    2 :  0.142 0.237 0.389 0.232 
668 OmyJC18ROGR    (2)    2 :  0.300 0.106 0.285 0.310 
669 OmyJC18ROGR    (4)    2 :  0.184 0.085 0.141 0.590 
670 OmyJC18ROGR    (6)    2 :  0.167 0.044 0.053 0.737 
671 OmyJC18ROGR    (3)    2 :  0.083 0.840 0.037 0.040 
672 OmyJC18ROGR    (0)    2 :  0.165 0.651 0.029 0.155 
673 OmyJC18ROGR    (4)    2 :  0.124 0.391 0.032 0.453 
674 OmyJC18ROGR    (0)    2 :  0.230 0.301 0.130 0.339 
675 OmyJC18ROGR    (0)    2 :  0.353 0.341 0.052 0.254 
