

----------------------------------------------------
STRUCTURE by Pritchard, Stephens and Donnelly (2000)
     and Falush, Stephens and Pritchard (2003)
       Code by Pritchard, Falush and Hubisz
             Version 2.3.4 (Jul 2012)
----------------------------------------------------



Command line arguments:   bin/structure -m "/Users/ddayan/FRA/premature_migration/Rogue_Half-Pounder/half-pounder/structure/halfpounder_2021/10k_20k_adm_corr/mainparams" -e "/Users/ddayan/FRA/premature_migration/Rogue_Half-Pounder/half-pounder/structure/halfpounder_2021/10k_20k_adm_corr/extraparams" 
Input File:    /Users/ddayan/FRA/premature_migration/Rogue_Half-Pounder/half-pounder/structure/halfpounder_2021/project_data

Run parameters:
   1000 individuals
   328 loci
   5 populations assumed
   10000 Burn-in period
   20000 Reps


--------------------------------------------
Proportion of membership of each pre-defined
 population in each of the 5 clusters

Given    Inferred Clusters                     Number of
 Pop       1      2      3      4      5      Individuals

  1:     0.168  0.213  0.218  0.201  0.200      275
  2:     0.189  0.201  0.209  0.191  0.210      643
  3:     0.694  0.116  0.074  0.048  0.068       42
  4:     0.081  0.249  0.272  0.054  0.344       40
--------------------------------------------

Allele-freq. divergence among pops (Net nucleotide distance),
computed using point estimates of P.

      1       2       3       4       5      
 1      -    0.0029  0.0037  0.0114  0.0040  
 2   0.0029     -    0.0010  0.0082  0.0012  
 3   0.0037  0.0010     -    0.0089  0.0014  
 4   0.0114  0.0082  0.0089     -    0.0090  
 5   0.0040  0.0012  0.0014  0.0090     -    

Average distances (expected heterozygosity) between individuals in same cluster:
cluster  1  : 0.2870 
cluster  2  : 0.2927 
cluster  3  : 0.2912 
cluster  4  : 0.2598 
cluster  5  : 0.2921 

--------------------------------------------
Estimated Ln Prob of Data   = -285562.4
Mean value of ln likelihood = -283599.8
Variance of ln likelihood   = 3925.3
Mean value of alpha         = 0.2041

Mean value of Fst_1         = 0.0256
Mean value of Fst_2         = 0.0092
Mean value of Fst_3         = 0.0119
Mean value of Fst_4         = 0.0747
Mean value of Fst_5         = 0.0138


Inferred ancestry of individuals:
        Label (%Miss) Pop:  Inferred clusters
  1 OmyAC19ROGR    (0)    1 :  0.294 0.276 0.289 0.019 0.123 
  2 OmyAC19ROGR    (0)    1 :  0.175 0.491 0.216 0.070 0.047 
  3 OmyAC19ROGR    (0)    1 :  0.173 0.447 0.253 0.062 0.064 
  4 OmyAC19ROGR    (0)    1 :  0.133 0.163 0.283 0.022 0.398 
  5 OmyAC19ROGR    (1)    1 :  0.012 0.020 0.019 0.932 0.016 
  6 OmyAC19ROGR    (0)    1 :  0.047 0.099 0.641 0.152 0.060 
  7 OmyAC19ROGR    (0)    1 :  0.147 0.127 0.145 0.189 0.391 
  8 OmyAC19ROGR    (0)    1 :  0.168 0.345 0.145 0.017 0.326 
  9 OmyAC19ROGR    (0)    1 :  0.151 0.243 0.305 0.234 0.066 
 10 OmyAC19ROGR    (0)    1 :  0.113 0.288 0.073 0.455 0.071 
 11 OmyAC19ROGR    (0)    1 :  0.163 0.046 0.327 0.057 0.407 
 12 OmyAC19ROGR    (0)    1 :  0.052 0.155 0.573 0.106 0.114 
 13 OmyAC19ROGR    (0)    1 :  0.126 0.199 0.072 0.029 0.574 
 14 OmyAC19ROGR    (0)    1 :  0.027 0.097 0.093 0.451 0.332 
 15 OmyAC19ROGR    (0)    1 :  0.036 0.055 0.074 0.414 0.419 
 16 OmyAC19ROGR    (0)    1 :  0.148 0.130 0.224 0.087 0.412 
 17 OmyAC19ROGR    (0)    1 :  0.023 0.378 0.262 0.088 0.250 
 18 OmyAC19ROGR    (2)    1 :  0.254 0.399 0.097 0.024 0.225 
 19 OmyAC19ROGR    (1)    1 :  0.137 0.294 0.072 0.044 0.453 
 20 OmyAC19ROGR    (0)    1 :  0.033 0.105 0.481 0.234 0.146 
 21 OmyAC19ROGR    (1)    1 :  0.113 0.335 0.150 0.204 0.197 
 22 OmyAC19ROGR    (0)    1 :  0.306 0.273 0.155 0.077 0.189 
 23 OmyAC19ROGR    (0)    1 :  0.105 0.431 0.143 0.257 0.064 
 24 OmyAC19ROGR    (0)    1 :  0.764 0.073 0.105 0.017 0.040 
 25 OmyAC19ROGR    (0)    1 :  0.079 0.216 0.102 0.238 0.365 
 26 OmyAC19ROGR    (0)    1 :  0.249 0.491 0.111 0.095 0.054 
 27 OmyAC19ROGR    (1)    1 :  0.051 0.080 0.221 0.043 0.604 
 28 OmyAC19ROGR    (0)    1 :  0.845 0.045 0.057 0.020 0.033 
 29 OmyAC19ROGR    (0)    1 :  0.103 0.455 0.220 0.055 0.166 
 30 OmyAC19ROGR    (0)    1 :  0.053 0.137 0.068 0.705 0.038 
 31 OmyAC19ROGR    (0)    1 :  0.117 0.217 0.417 0.043 0.206 
 32 OmyAC19ROGR    (0)    1 :  0.237 0.268 0.129 0.136 0.230 
 33 OmyAC19ROGR    (1)    1 :  0.327 0.176 0.296 0.105 0.095 
 34 OmyAC19ROGR    (0)    1 :  0.069 0.121 0.060 0.516 0.234 
 35 OmyAC19ROGR    (0)    1 :  0.304 0.343 0.192 0.065 0.096 
 36 OmyAC19ROGR    (0)    1 :  0.089 0.453 0.134 0.141 0.183 
 37 OmyAC19ROGR    (0)    1 :  0.639 0.082 0.066 0.122 0.091 
 38 OmyAC19ROGR    (0)    1 :  0.343 0.122 0.063 0.428 0.044 
 39 OmyAC19ROGR    (0)    1 :  0.039 0.746 0.076 0.051 0.087 
 40 OmyAC19ROGR    (0)    1 :  0.051 0.177 0.217 0.342 0.214 
 41 OmyAC19ROGR    (1)    1 :  0.109 0.139 0.237 0.040 0.475 
 42 OmyAC19ROGR    (0)    1 :  0.020 0.045 0.073 0.814 0.048 
 43 OmyAC19ROGR    (0)    1 :  0.144 0.324 0.439 0.039 0.055 
 44 OmyAC19ROGR    (6)    1 :  0.086 0.219 0.602 0.032 0.060 
 45 OmyAC19ROGR    (1)    1 :  0.291 0.087 0.200 0.341 0.080 
 46 OmyAC19ROGR    (0)    1 :  0.425 0.253 0.151 0.076 0.095 
 47 OmyAC19ROGR    (0)    1 :  0.720 0.044 0.094 0.066 0.076 
 48 OmyAC19ROGR    (0)    1 :  0.128 0.273 0.429 0.041 0.128 
 49 OmyAC19ROGR    (0)    1 :  0.329 0.186 0.278 0.034 0.173 
 50 OmyAC19ROGR    (0)    1 :  0.033 0.247 0.192 0.023 0.505 
 51 OmyAC19ROGR    (2)    1 :  0.054 0.050 0.072 0.728 0.096 
 52 OmyAC19ROGR    (0)    1 :  0.039 0.046 0.038 0.851 0.025 
 53 OmyAC19ROGR    (1)    1 :  0.728 0.089 0.103 0.037 0.042 
 54 OmyAC19ROGR    (0)    1 :  0.466 0.223 0.118 0.078 0.115 
 55 OmyAC19ROGR    (3)    1 :  0.058 0.334 0.247 0.082 0.279 
 56 OmyAC19ROGR    (0)    1 :  0.624 0.074 0.064 0.086 0.151 
 57 OmyAC19ROGR    (0)    1 :  0.668 0.136 0.077 0.020 0.099 
 58 OmyAC19ROGR    (0)    1 :  0.059 0.098 0.085 0.679 0.080 
 59 OmyAC19ROGR    (0)    1 :  0.484 0.168 0.189 0.019 0.140 
 60 OmyAC19ROGR    (1)    1 :  0.106 0.168 0.138 0.107 0.482 
 61 OmyAC19ROGR    (0)    1 :  0.463 0.237 0.141 0.049 0.110 
 62 OmyAC19ROGR    (0)    1 :  0.083 0.438 0.363 0.034 0.082 
 63 OmyAC19ROGR    (0)    1 :  0.422 0.093 0.184 0.228 0.072 
 64 OmyAC19ROGR    (2)    1 :  0.132 0.157 0.419 0.087 0.205 
 65 OmyAC19ROGR    (0)    1 :  0.113 0.206 0.210 0.049 0.422 
 66 OmyAC19ROGR    (3)    1 :  0.040 0.165 0.075 0.283 0.437 
 67 OmyAC19ROGR    (0)    1 :  0.608 0.107 0.088 0.035 0.163 
 68 OmyAC19ROGR    (1)    1 :  0.326 0.411 0.153 0.050 0.061 
 69 OmyAC19ROGR    (2)    1 :  0.534 0.099 0.059 0.233 0.075 
 70 OmyAC19ROGR    (0)    1 :  0.193 0.321 0.329 0.033 0.124 
 71 OmyAC19ROGR    (0)    1 :  0.153 0.266 0.202 0.040 0.339 
 72 OmyAC19ROGR    (4)    1 :  0.119 0.191 0.478 0.028 0.184 
 73 OmyAC19ROGR    (0)    1 :  0.223 0.360 0.185 0.183 0.049 
 74 OmyAC19ROGR    (0)    1 :  0.028 0.085 0.705 0.027 0.155 
 75 OmyAC19ROGR    (0)    1 :  0.251 0.203 0.109 0.122 0.315 
 76 OmyAC19ROGR    (0)    1 :  0.647 0.160 0.106 0.054 0.033 
 77 OmyAC19ROGR    (1)    1 :  0.019 0.016 0.026 0.917 0.022 
 78 OmyAC19ROGR    (0)    1 :  0.073 0.517 0.220 0.044 0.147 
 79 OmyAC19ROGR    (2)    1 :  0.153 0.455 0.219 0.055 0.117 
 80 OmyAC19ROGR    (1)    1 :  0.083 0.059 0.068 0.705 0.085 
 81 OmyAC19ROGR    (2)    1 :  0.100 0.158 0.229 0.413 0.100 
 82 OmyAC19ROGR    (1)    1 :  0.716 0.101 0.108 0.018 0.057 
 83 OmyAC19ROGR    (0)    1 :  0.406 0.165 0.180 0.054 0.196 
 84 OmyAC19ROGR    (0)    1 :  0.054 0.519 0.169 0.135 0.123 
 85 OmyAC19ROGR    (5)    1 :  0.177 0.388 0.135 0.036 0.264 
 86 OmyAC19ROGR    (0)    1 :  0.028 0.177 0.179 0.118 0.497 
 87 OmyAC19ROGR    (1)    1 :  0.270 0.430 0.161 0.047 0.092 
 88 OmyJC19ROGR    (0)    2 :  0.026 0.057 0.041 0.838 0.039 
 89 OmyJC19ROGR    (0)    2 :  0.069 0.597 0.101 0.067 0.166 
 90 OmyJC19ROGR    (0)    2 :  0.018 0.026 0.028 0.903 0.026 
 91 OmyJC19ROGR    (1)    2 :  0.351 0.195 0.150 0.018 0.287 
 92 OmyJC19ROGR    (0)    2 :  0.667 0.121 0.071 0.056 0.085 
 93 OmyJC19ROGR    (0)    2 :  0.813 0.083 0.042 0.019 0.043 
 94 OmyJC19ROGR    (0)    2 :  0.035 0.262 0.431 0.129 0.142 
 95 OmyJC19ROGR    (0)    2 :  0.035 0.408 0.376 0.103 0.078 
 96 OmyJC19ROGR    (0)    2 :  0.051 0.105 0.120 0.073 0.651 
 97 OmyJC19ROGR    (0)    2 :  0.730 0.058 0.038 0.142 0.032 
 98 OmyJC19ROGR    (0)    2 :  0.145 0.176 0.337 0.037 0.305 
 99 OmyJC19ROGR    (0)    2 :  0.529 0.097 0.110 0.088 0.176 
100 OmyJC19ROGR    (1)    2 :  0.075 0.610 0.124 0.036 0.156 
101 OmyJC19ROGR    (0)    2 :  0.166 0.211 0.067 0.484 0.072 
102 OmyJC19ROGR    (0)    2 :  0.060 0.181 0.181 0.078 0.500 
103 OmyJC19ROGR    (0)    2 :  0.142 0.390 0.185 0.144 0.138 
104 OmyJC19ROGR    (0)    2 :  0.477 0.269 0.146 0.030 0.078 
105 OmyJC19ROGR    (0)    2 :  0.523 0.030 0.246 0.139 0.061 
106 OmyJC19ROGR    (0)    2 :  0.036 0.019 0.023 0.909 0.013 
107 OmyJC19ROGR    (1)    2 :  0.144 0.065 0.139 0.117 0.534 
108 OmyJC19ROGR    (0)    2 :  0.273 0.173 0.217 0.062 0.275 
109 OmyJC19ROGR    (0)    2 :  0.026 0.127 0.132 0.173 0.542 
110 OmyJC19ROGR    (0)    2 :  0.508 0.089 0.078 0.272 0.054 
111 OmyJC19ROGR    (1)    2 :  0.538 0.126 0.071 0.092 0.172 
112 OmyJC19ROGR    (2)    2 :  0.069 0.190 0.324 0.122 0.295 
113 OmyJC19ROGR    (0)    2 :  0.058 0.134 0.083 0.606 0.119 
114 OmyJC19ROGR    (3)    2 :  0.083 0.625 0.127 0.039 0.126 
115 OmyJC19ROGR    (1)    2 :  0.304 0.090 0.512 0.058 0.035 
116 OmyJC19ROGR    (0)    2 :  0.064 0.582 0.148 0.091 0.115 
117 OmyJC19ROGR    (0)    2 :  0.055 0.326 0.308 0.145 0.165 
118 OmyJC19ROGR    (0)    2 :  0.132 0.524 0.188 0.024 0.132 
119 OmyJC19ROGR    (2)    2 :  0.059 0.202 0.230 0.048 0.462 
120 OmyJC19ROGR    (0)    2 :  0.838 0.048 0.048 0.016 0.050 
121 OmyJC19ROGR    (0)    2 :  0.052 0.355 0.302 0.038 0.254 
122 OmyJC19ROGR    (0)    2 :  0.141 0.458 0.148 0.053 0.200 
123 OmyJC19ROGR    (0)    2 :  0.163 0.221 0.163 0.021 0.433 
124 OmyJC19ROGR    (0)    2 :  0.057 0.098 0.671 0.109 0.065 
125 OmyJC19ROGR    (0)    2 :  0.415 0.249 0.192 0.104 0.040 
126 OmyJC19ROGR    (1)    2 :  0.048 0.064 0.138 0.693 0.057 
127 OmyJC19ROGR    (0)    2 :  0.042 0.048 0.057 0.031 0.823 
128 OmyJC19ROGR    (1)    2 :  0.575 0.199 0.066 0.048 0.113 
129 OmyJC19ROGR    (0)    2 :  0.170 0.341 0.112 0.296 0.081 
130 OmyJC19ROGR    (2)    2 :  0.026 0.199 0.652 0.047 0.075 
131 OmyJC19ROGR    (0)    2 :  0.155 0.327 0.350 0.073 0.094 
132 OmyJC19ROGR    (1)    2 :  0.500 0.133 0.167 0.045 0.155 
133 OmyJC19ROGR    (0)    2 :  0.103 0.423 0.299 0.027 0.148 
134 OmyJC19ROGR    (0)    2 :  0.111 0.271 0.099 0.071 0.448 
135 OmyJC19ROGR    (1)    2 :  0.860 0.039 0.039 0.029 0.034 
136 OmyJC19ROGR    (3)    2 :  0.142 0.407 0.211 0.040 0.200 
137 OmyJC19ROGR    (0)    2 :  0.054 0.075 0.220 0.193 0.459 
138 OmyJC19ROGR    (0)    2 :  0.029 0.085 0.105 0.725 0.056 
139 OmyJC19ROGR    (2)    2 :  0.069 0.469 0.316 0.021 0.125 
140 OmyJC19ROGR    (2)    2 :  0.078 0.249 0.135 0.110 0.428 
141 OmyJC19ROGR    (0)    2 :  0.137 0.222 0.152 0.278 0.211 
142 OmyJC19ROGR    (0)    2 :  0.206 0.165 0.139 0.293 0.197 
143 OmyJC19ROGR    (0)    2 :  0.723 0.079 0.115 0.044 0.039 
144 OmyJC19ROGR    (0)    2 :  0.060 0.665 0.109 0.016 0.151 
145 OmyJC19ROGR    (0)    2 :  0.045 0.234 0.465 0.036 0.220 
146 OmyJC19ROGR    (1)    2 :  0.554 0.224 0.079 0.074 0.069 
147 OmyJC19ROGR    (0)    2 :  0.137 0.119 0.123 0.065 0.557 
148 OmyJC19ROGR    (0)    2 :  0.181 0.094 0.193 0.023 0.509 
149 OmyJC19ROGR    (1)    2 :  0.437 0.223 0.106 0.072 0.162 
150 OmyJC19ROGR    (1)    2 :  0.473 0.199 0.097 0.052 0.179 
151 OmyJC19ROGR    (0)    2 :  0.132 0.481 0.103 0.110 0.174 
152 OmyJC19ROGR    (0)    2 :  0.135 0.076 0.500 0.052 0.237 
153 OmyJC19ROGR    (0)    2 :  0.857 0.036 0.027 0.034 0.047 
154 OmyJC19ROGR    (1)    2 :  0.058 0.297 0.303 0.062 0.280 
155 OmyJC19ROGR    (0)    2 :  0.266 0.315 0.199 0.085 0.136 
156 OmyJC19ROGR    (1)    2 :  0.230 0.138 0.201 0.106 0.326 
157 OmyJC19ROGR    (0)    2 :  0.185 0.241 0.419 0.070 0.084 
158 OmyJC19ROGR    (0)    2 :  0.202 0.364 0.227 0.019 0.187 
159 OmyJC19ROGR    (0)    2 :  0.037 0.217 0.366 0.045 0.335 
160 OmyJC19ROGR    (0)    2 :  0.293 0.074 0.262 0.057 0.314 
161 OmyJC19ROGR    (0)    2 :  0.296 0.141 0.363 0.026 0.174 
162 OmyJC19ROGR    (0)    2 :  0.162 0.115 0.212 0.049 0.462 
163 OmyJC19ROGR    (0)    2 :  0.605 0.099 0.113 0.045 0.138 
164 OmyJC19ROGR    (0)    2 :  0.071 0.244 0.214 0.027 0.444 
165 OmyJC19ROGR    (0)    2 :  0.186 0.184 0.380 0.026 0.224 
166 OmyJC19ROGR    (0)    2 :  0.071 0.240 0.505 0.045 0.139 
167 OmyJC19ROGR    (1)    2 :  0.418 0.197 0.131 0.088 0.166 
168 OmyJC19ROGR    (0)    2 :  0.083 0.638 0.091 0.061 0.127 
169 OmyJC19ROGR    (0)    2 :  0.015 0.019 0.018 0.919 0.029 
170 OmyJC19ROGR    (0)    2 :  0.692 0.095 0.107 0.048 0.058 
171 OmyJC19ROGR    (0)    2 :  0.112 0.224 0.325 0.030 0.309 
172 OmyJC19ROGR    (0)    2 :  0.373 0.149 0.061 0.310 0.108 
173 OmyJC19ROGR    (0)    2 :  0.027 0.024 0.030 0.880 0.039 
174 OmyJC19ROGR    (0)    2 :  0.129 0.287 0.476 0.031 0.076 
175 OmyJC19ROGR    (0)    2 :  0.069 0.397 0.384 0.025 0.124 
176 OmyJC19ROGR    (0)    2 :  0.497 0.227 0.058 0.084 0.134 
177 OmyJC19ROGR    (0)    2 :  0.800 0.036 0.121 0.015 0.028 
178 OmyJC19ROGR    (0)    2 :  0.023 0.080 0.229 0.046 0.623 
179 OmyJC19ROGR    (0)    2 :  0.416 0.204 0.185 0.019 0.175 
180 OmyJC19ROGR    (0)    2 :  0.050 0.044 0.027 0.851 0.028 
181 OmyJC19ROGR    (0)    2 :  0.081 0.194 0.460 0.054 0.210 
182 OmyJC19ROGR    (0)    2 :  0.093 0.391 0.133 0.139 0.245 
183 OmyJC19ROGR    (0)    2 :  0.089 0.194 0.326 0.035 0.356 
184 OmyJC19ROGR    (0)    2 :  0.113 0.141 0.047 0.603 0.096 
185 OmyJC19ROGR    (1)    2 :  0.038 0.887 0.032 0.013 0.030 
186 OmyJC19ROGR    (0)    2 :  0.534 0.188 0.133 0.087 0.058 
187 OmyJC19ROGR    (0)    2 :  0.043 0.039 0.850 0.025 0.044 
188 OmyJC19ROGR    (0)    2 :  0.152 0.187 0.475 0.042 0.144 
189 OmyJC19ROGR    (0)    2 :  0.294 0.288 0.149 0.157 0.112 
190 OmyJC19ROGR    (0)    2 :  0.713 0.093 0.068 0.040 0.085 
191 OmyJC19ROGR    (0)    2 :  0.364 0.106 0.439 0.035 0.057 
192 OmyJC19ROGR    (0)    2 :  0.029 0.085 0.054 0.039 0.793 
193 OmyJC19ROGR    (1)    2 :  0.140 0.191 0.333 0.116 0.220 
194 OmyJC19ROGR    (0)    2 :  0.041 0.060 0.044 0.021 0.835 
195 OmyJC19ROGR    (0)    2 :  0.022 0.063 0.066 0.787 0.062 
196 OmyJC19ROGR    (0)    2 :  0.022 0.135 0.786 0.027 0.030 
197 OmyJC19ROGR    (0)    2 :  0.401 0.202 0.158 0.053 0.186 
198 OmyJC19ROGR    (0)    2 :  0.063 0.059 0.050 0.744 0.085 
199 OmyJC19ROGR    (0)    2 :  0.076 0.585 0.159 0.022 0.158 
200 OmyJC19ROGR    (0)    2 :  0.588 0.163 0.094 0.073 0.082 
201 OmyJC19ROGR    (0)    2 :  0.076 0.144 0.392 0.027 0.362 
202 OmyJC19ROGR    (0)    2 :  0.835 0.050 0.042 0.014 0.060 
203 OmyJC19ROGR    (0)    2 :  0.121 0.125 0.508 0.043 0.202 
204 OmyJC19ROGR    (0)    2 :  0.189 0.123 0.322 0.042 0.325 
205 OmyJC19ROGR    (0)    2 :  0.085 0.125 0.555 0.127 0.108 
206 OmyJC19ROGR    (0)    2 :  0.039 0.057 0.031 0.832 0.042 
207 OmyJC19ROGR    (0)    2 :  0.124 0.162 0.308 0.254 0.152 
208 OmyJC19ROGR    (0)    2 :  0.053 0.128 0.246 0.033 0.541 
209 OmyJC19ROGR    (0)    2 :  0.181 0.233 0.078 0.447 0.061 
210 OmyJC19ROGR    (0)    2 :  0.017 0.041 0.032 0.882 0.029 
211 OmyJC19ROGR    (0)    2 :  0.086 0.591 0.076 0.114 0.132 
212 OmyJC19ROGR    (1)    2 :  0.481 0.091 0.115 0.167 0.146 
213 OmyJC19ROGR    (1)    2 :  0.081 0.304 0.459 0.033 0.122 
214 OmyJC19ROGR    (0)    2 :  0.044 0.052 0.647 0.040 0.216 
215 OmyJC19ROGR    (0)    2 :  0.064 0.094 0.045 0.024 0.772 
216 OmyJC19ROGR    (0)    2 :  0.031 0.052 0.097 0.769 0.050 
217 OmyJC19ROGR    (0)    2 :  0.082 0.133 0.186 0.399 0.200 
218 OmyJC19ROGR    (0)    2 :  0.482 0.109 0.273 0.031 0.104 
219 OmyJC19ROGR    (0)    2 :  0.036 0.176 0.146 0.108 0.534 
220 OmyJC19ROGR    (0)    2 :  0.197 0.206 0.205 0.014 0.377 
221 OmyJC19ROGR    (0)    2 :  0.059 0.238 0.424 0.206 0.074 
222 OmyJC19ROGR    (0)    2 :  0.340 0.151 0.276 0.039 0.194 
223 OmyJC19ROGR    (0)    2 :  0.106 0.157 0.403 0.054 0.280 
224 OmyJC19ROGR    (0)    2 :  0.067 0.147 0.118 0.027 0.641 
225 OmyJC19ROGR    (0)    2 :  0.015 0.018 0.022 0.917 0.027 
226 OmyJC19ROGR    (0)    2 :  0.029 0.530 0.155 0.186 0.100 
227 OmyJC19ROGR    (1)    2 :  0.035 0.021 0.040 0.886 0.019 
228 OmyJC19ROGR    (0)    2 :  0.038 0.104 0.420 0.042 0.395 
229 OmyJC19ROGR    (1)    2 :  0.156 0.284 0.452 0.029 0.078 
230 OmyJC19ROGR    (0)    2 :  0.157 0.115 0.433 0.182 0.113 
231 OmyJC19ROGR    (0)    2 :  0.055 0.253 0.337 0.078 0.277 
232 OmyJC19ROGR    (1)    2 :  0.119 0.578 0.124 0.047 0.132 
233 OmyJC19ROGR    (0)    2 :  0.122 0.146 0.294 0.151 0.287 
234 OmyJC19ROGR    (0)    2 :  0.024 0.030 0.022 0.898 0.026 
235 OmyJC19ROGR    (0)    2 :  0.115 0.089 0.038 0.616 0.142 
236 OmyJC19ROGR    (1)    2 :  0.148 0.096 0.122 0.029 0.605 
237 OmyJC19ROGR    (0)    2 :  0.162 0.163 0.190 0.063 0.422 
238 OmyJC19ROGR    (0)    2 :  0.064 0.089 0.329 0.098 0.420 
239 OmyJC19ROGR    (0)    2 :  0.082 0.470 0.065 0.081 0.302 
240 OmyJC19ROGR    (0)    2 :  0.104 0.456 0.269 0.046 0.125 
241 OmyJC19ROGR    (0)    2 :  0.463 0.148 0.187 0.091 0.111 
242 OmyJC19ROGR    (0)    2 :  0.139 0.090 0.044 0.020 0.707 
243 OmyJC19ROGR    (0)    2 :  0.391 0.168 0.212 0.053 0.176 
244 OmyJC19ROGR    (0)    2 :  0.342 0.086 0.384 0.067 0.121 
245 OmyJC19ROGR    (0)    2 :  0.019 0.033 0.024 0.905 0.019 
246 OmyJC19ROGR    (0)    2 :  0.482 0.084 0.148 0.215 0.071 
247 OmyJC19ROGR    (0)    2 :  0.137 0.071 0.123 0.596 0.074 
248 OmyJC19ROGR    (0)    2 :  0.064 0.269 0.091 0.508 0.068 
249 OmyJC19ROGR    (0)    2 :  0.052 0.139 0.613 0.066 0.130 
250 OmyJC19ROGR    (0)    2 :  0.140 0.218 0.214 0.092 0.336 
251 OmyJC19ROGR    (0)    2 :  0.065 0.205 0.579 0.041 0.110 
252 OmyJC19ROGR    (0)    2 :  0.776 0.096 0.059 0.032 0.038 
253 OmyJC19ROGR    (0)    2 :  0.060 0.536 0.110 0.073 0.221 
254 OmyJC19ROGR    (0)    2 :  0.420 0.182 0.243 0.062 0.093 
255 OmyJC19ROGR    (0)    2 :  0.423 0.221 0.264 0.031 0.061 
256 OmyJC19ROGR    (0)    2 :  0.306 0.078 0.232 0.311 0.072 
257 OmyJC19ROGR    (0)    2 :  0.058 0.111 0.710 0.072 0.049 
258 OmyAC19ROGR    (0)    1 :  0.132 0.303 0.116 0.176 0.272 
259 OmyAC19ROGR    (1)    1 :  0.063 0.218 0.091 0.387 0.241 
260 OmyAC19ROGR    (0)    1 :  0.055 0.144 0.116 0.022 0.663 
261 OmyAC19ROGR    (0)    1 :  0.050 0.491 0.281 0.042 0.136 
262 OmyAC19ROGR    (0)    1 :  0.119 0.503 0.167 0.096 0.115 
263 OmyAC19ROGR    (0)    1 :  0.498 0.087 0.218 0.058 0.139 
264 OmyAC19ROGR    (0)    1 :  0.094 0.218 0.487 0.060 0.140 
265 OmyAC19ROGR    (0)    1 :  0.203 0.206 0.367 0.042 0.182 
266 OmyAC19ROGR    (0)    1 :  0.054 0.108 0.763 0.021 0.054 
267 OmyAC19ROGR    (0)    1 :  0.079 0.447 0.211 0.139 0.124 
268 OmyAC19ROGR    (1)    1 :  0.389 0.212 0.138 0.168 0.094 
269 OmyAC19ROGR    (1)    1 :  0.057 0.360 0.182 0.160 0.240 
270 OmyAC19ROGR    (0)    1 :  0.341 0.211 0.368 0.032 0.048 
271 OmyAC19ROGR    (0)    1 :  0.078 0.296 0.101 0.265 0.260 
272 OmyAC19ROGR    (0)    1 :  0.032 0.143 0.534 0.145 0.146 
273 OmyAC19ROGR    (0)    1 :  0.127 0.327 0.157 0.037 0.353 
274 OmyAC19ROGR    (0)    1 :  0.042 0.109 0.058 0.755 0.036 
275 OmyAC19ROGR    (0)    1 :  0.289 0.187 0.127 0.098 0.299 
276 OmyAC19ROGR    (0)    1 :  0.087 0.291 0.217 0.058 0.348 
277 OmyAC19ROGR    (0)    1 :  0.035 0.414 0.201 0.061 0.289 
278 OmyAC19ROGR    (0)    1 :  0.059 0.129 0.275 0.314 0.224 
279 OmyAC19ROGR    (0)    1 :  0.042 0.096 0.055 0.154 0.652 
280 OmyAC19ROGR    (0)    1 :  0.263 0.350 0.219 0.106 0.061 
281 OmyAC19ROGR    (0)    1 :  0.087 0.448 0.112 0.048 0.306 
282 OmyAC19ROGR    (0)    1 :  0.117 0.445 0.150 0.150 0.138 
283 OmyAC19ROGR    (0)    1 :  0.088 0.211 0.303 0.048 0.351 
284 OmyAC19ROGR    (0)    1 :  0.164 0.091 0.550 0.025 0.170 
285 OmyAC19ROGR    (0)    1 :  0.334 0.155 0.225 0.051 0.235 
286 OmyAC19ROGR    (0)    1 :  0.268 0.173 0.217 0.025 0.318 
287 OmyAC19ROGR    (0)    1 :  0.014 0.015 0.013 0.947 0.011 
288 OmyAC19ROGR    (0)    1 :  0.037 0.050 0.048 0.777 0.088 
289 OmyAC19ROGR    (0)    1 :  0.069 0.171 0.111 0.147 0.501 
290 OmyAC19ROGR    (1)    1 :  0.012 0.013 0.019 0.934 0.022 
291 OmyAC19ROGR    (0)    1 :  0.153 0.148 0.152 0.427 0.120 
292 OmyAC19ROGR    (1)    1 :  0.071 0.336 0.203 0.194 0.196 
293 OmyAC19ROGR    (0)    1 :  0.635 0.099 0.100 0.031 0.135 
294 OmyAC19ROGR    (0)    1 :  0.054 0.134 0.146 0.337 0.330 
295 OmyAC19ROGR    (0)    1 :  0.148 0.231 0.348 0.032 0.242 
296 OmyAC19ROGR    (0)    1 :  0.137 0.161 0.141 0.040 0.520 
297 OmyAC19ROGR    (0)    1 :  0.030 0.096 0.085 0.735 0.055 
298 OmyAC19ROGR    (0)    1 :  0.050 0.084 0.161 0.035 0.670 
299 OmyAC19ROGR    (0)    1 :  0.280 0.149 0.102 0.258 0.212 
300 OmyAC19ROGR    (0)    1 :  0.096 0.407 0.173 0.032 0.292 
301 OmyAC19ROGR    (0)    1 :  0.021 0.044 0.031 0.875 0.030 
302 OmyAC19ROGR    (0)    1 :  0.062 0.113 0.113 0.467 0.245 
303 OmyAC19ROGR    (0)    1 :  0.063 0.332 0.143 0.098 0.365 
304 OmyAC19ROGR    (0)    1 :  0.086 0.111 0.080 0.123 0.601 
305 OmyAC19ROGR    (0)    1 :  0.081 0.186 0.139 0.032 0.561 
306 OmyAC19ROGR    (0)    1 :  0.024 0.090 0.171 0.643 0.072 
307 OmyAC19ROGR    (1)    1 :  0.258 0.335 0.181 0.024 0.202 
308 OmyAC19ROGR    (0)    1 :  0.059 0.249 0.413 0.090 0.190 
309 OmyAC19ROGR    (1)    1 :  0.030 0.025 0.041 0.877 0.027 
310 OmyAC19ROGR    (0)    1 :  0.077 0.278 0.181 0.357 0.106 
311 OmyAC19ROGR    (0)    1 :  0.048 0.117 0.080 0.489 0.266 
312 OmyAC19ROGR    (0)    1 :  0.508 0.172 0.154 0.034 0.132 
313 OmyAC19ROGR    (0)    1 :  0.104 0.214 0.373 0.023 0.286 
314 OmyAC19ROGR    (0)    1 :  0.607 0.140 0.095 0.040 0.117 
315 OmyAC19ROGR    (0)    1 :  0.103 0.237 0.343 0.064 0.253 
316 OmyAC19ROGR    (0)    1 :  0.069 0.294 0.500 0.034 0.104 
317 OmyAC19ROGR    (0)    1 :  0.391 0.380 0.053 0.044 0.133 
318 OmyAC19ROGR    (0)    1 :  0.387 0.257 0.235 0.025 0.097 
319 OmyAC19ROGR    (1)    1 :  0.122 0.118 0.198 0.019 0.543 
320 OmyAC19ROGR    (0)    1 :  0.052 0.038 0.580 0.011 0.319 
321 OmyAC19ROGR    (0)    1 :  0.075 0.250 0.345 0.029 0.301 
322 OmyAC19ROGR    (0)    1 :  0.072 0.287 0.113 0.434 0.094 
323 OmyAC19ROGR    (0)    1 :  0.034 0.124 0.424 0.034 0.384 
324 OmyAC19ROGR    (0)    1 :  0.081 0.097 0.731 0.026 0.065 
325 OmyAC19ROGR    (0)    1 :  0.038 0.435 0.166 0.308 0.053 
326 OmyAC19ROGR    (0)    1 :  0.055 0.178 0.604 0.048 0.116 
327 OmyAC19ROGR    (0)    1 :  0.122 0.048 0.637 0.038 0.155 
328 OmyAC20ROGR    (1)    1 :  0.187 0.166 0.147 0.035 0.464 
329 OmyAC20ROGR    (0)    1 :  0.327 0.176 0.099 0.076 0.322 
330 OmyAC20ROGR    (0)    1 :  0.204 0.267 0.281 0.078 0.170 
331 OmyAC20ROGR    (0)    1 :  0.138 0.092 0.347 0.313 0.110 
332 OmyAC20ROGR    (0)    1 :  0.229 0.176 0.238 0.237 0.119 
333 OmyAC20ROGR    (0)    1 :  0.305 0.062 0.253 0.303 0.076 
334 OmyAC20ROGR    (0)    1 :  0.464 0.352 0.075 0.021 0.087 
335 OmyAC20ROGR    (0)    1 :  0.220 0.227 0.301 0.045 0.207 
336 OmyAC20ROGR    (0)    1 :  0.077 0.521 0.129 0.101 0.173 
337 OmyAC20ROGR    (0)    1 :  0.094 0.144 0.130 0.434 0.197 
338 OmyAC20ROGR    (0)    1 :  0.242 0.296 0.212 0.140 0.110 
339 OmyAC20ROGR    (0)    1 :  0.103 0.206 0.304 0.104 0.284 
340 OmyAC20ROGR    (0)    1 :  0.755 0.068 0.089 0.049 0.038 
341 OmyAC20ROGR    (0)    1 :  0.673 0.120 0.080 0.071 0.056 
342 OmyAC20ROGR    (0)    1 :  0.317 0.114 0.181 0.181 0.207 
343 OmyAC20ROGR    (0)    1 :  0.247 0.274 0.341 0.056 0.081 
344 OmyAC20ROGR    (0)    1 :  0.284 0.161 0.322 0.162 0.072 
345 OmyAC20ROGR    (1)    1 :  0.034 0.548 0.232 0.107 0.079 
346 OmyAC20ROGR    (0)    1 :  0.111 0.211 0.401 0.203 0.073 
347 OmyAC20ROGR    (0)    1 :  0.092 0.284 0.221 0.244 0.158 
348 OmyAC20ROGR    (0)    1 :  0.548 0.063 0.130 0.199 0.061 
349 OmyAC20ROGR    (0)    1 :  0.307 0.241 0.323 0.065 0.063 
350 OmyAC20ROGR    (0)    1 :  0.065 0.206 0.158 0.076 0.495 
351 OmyAC20ROGR    (0)    1 :  0.218 0.222 0.359 0.114 0.086 
352 OmyAC20ROGR    (0)    1 :  0.099 0.190 0.202 0.051 0.458 
353 OmyAC20ROGR    (0)    1 :  0.132 0.239 0.517 0.028 0.084 
354 OmyAC20ROGR    (0)    1 :  0.280 0.287 0.082 0.262 0.089 
355 OmyAC20ROGR    (0)    1 :  0.310 0.419 0.079 0.058 0.134 
356 OmyAC20ROGR    (0)    1 :  0.167 0.231 0.142 0.041 0.420 
357 OmyAC20ROGR    (0)    1 :  0.062 0.180 0.322 0.099 0.337 
358 OmyAC20ROGR    (0)    1 :  0.090 0.099 0.343 0.045 0.422 
359 OmyAC20ROGR    (0)    1 :  0.021 0.104 0.044 0.180 0.651 
360 OmyAC20ROGR    (0)    1 :  0.115 0.276 0.258 0.211 0.139 
361 OmyAC20ROGR    (0)    1 :  0.056 0.062 0.391 0.036 0.455 
362 OmyAC20ROGR    (0)    1 :  0.045 0.392 0.230 0.041 0.291 
363 OmyAC20ROGR    (0)    1 :  0.314 0.194 0.245 0.139 0.109 
364 OmyAC20ROGR    (1)    1 :  0.412 0.131 0.090 0.035 0.332 
365 OmyAC20ROGR    (0)    1 :  0.070 0.200 0.530 0.020 0.180 
366 OmyAC20ROGR    (0)    1 :  0.254 0.173 0.483 0.027 0.063 
367 OmyAC20ROGR    (0)    1 :  0.062 0.260 0.512 0.087 0.080 
368 OmyAC20ROGR    (1)    1 :  0.053 0.263 0.098 0.088 0.498 
369 OmyAC20ROGR    (0)    1 :  0.218 0.287 0.075 0.308 0.112 
370 OmyAC20ROGR    (0)    1 :  0.058 0.096 0.078 0.719 0.048 
371 OmyAC20ROGR    (0)    1 :  0.034 0.070 0.041 0.798 0.057 
372 OmyAC20ROGR    (2)    1 :  0.017 0.027 0.031 0.902 0.024 
373 OmyAC20ROGR    (0)    1 :  0.043 0.101 0.315 0.433 0.107 
374 OmyAC20ROGR    (0)    1 :  0.179 0.209 0.307 0.024 0.281 
375 OmyAC20ROGR    (0)    1 :  0.072 0.122 0.561 0.081 0.164 
376 OmyAC20ROGR    (0)    1 :  0.050 0.272 0.079 0.486 0.113 
377 OmyAC20ROGR    (0)    1 :  0.363 0.164 0.341 0.023 0.109 
378 OmyAC20ROGR    (0)    1 :  0.190 0.416 0.107 0.024 0.263 
379 OmyAC20ROGR    (0)    1 :  0.139 0.141 0.149 0.456 0.115 
380 OmyAC20ROGR    (1)    1 :  0.047 0.143 0.709 0.025 0.076 
381 OmyAC20ROGR    (0)    1 :  0.042 0.232 0.441 0.086 0.199 
382 OmyAC20ROGR    (0)    1 :  0.019 0.045 0.049 0.847 0.040 
383 OmyAC20ROGR    (0)    1 :  0.026 0.499 0.275 0.124 0.076 
384 OmyAC20ROGR    (0)    1 :  0.160 0.263 0.133 0.321 0.124 
385 OmyAC20ROGR    (0)    1 :  0.026 0.255 0.176 0.207 0.335 
386 OmyAC20ROGR    (0)    1 :  0.075 0.209 0.515 0.115 0.085 
387 OmyAC20ROGR    (0)    1 :  0.050 0.066 0.374 0.335 0.176 
388 OmyAC20ROGR    (0)    1 :  0.278 0.136 0.180 0.297 0.108 
389 OmyAC20ROGR    (0)    1 :  0.045 0.066 0.235 0.035 0.619 
390 OmyAC20ROGR    (0)    1 :  0.112 0.209 0.293 0.027 0.358 
391 OmyAC20ROGR    (0)    1 :  0.201 0.106 0.118 0.433 0.143 
392 OmyAC20ROGR    (0)    1 :  0.166 0.244 0.152 0.296 0.141 
393 OmyAC20ROGR    (0)    1 :  0.188 0.199 0.452 0.061 0.099 
394 OmyAC20ROGR    (1)    1 :  0.044 0.209 0.107 0.068 0.571 
395 OmyAC20ROGR    (0)    1 :  0.205 0.443 0.167 0.066 0.120 
396 OmyAC20ROGR    (0)    1 :  0.068 0.094 0.242 0.037 0.559 
397 OmyAC20ROGR    (0)    1 :  0.049 0.158 0.311 0.244 0.238 
398 OmyAC20ROGR    (0)    1 :  0.102 0.083 0.077 0.686 0.053 
399 OmyAC20ROGR    (0)    1 :  0.119 0.303 0.244 0.207 0.126 
400 OmyAC20ROGR    (0)    1 :  0.105 0.312 0.278 0.124 0.182 
401 OmyAC20ROGR    (1)    1 :  0.048 0.049 0.023 0.850 0.031 
402 OmyAC20ROGR    (0)    1 :  0.487 0.250 0.113 0.026 0.123 
403 OmyAC20ROGR    (0)    1 :  0.206 0.443 0.070 0.146 0.134 
404 OmyAC20ROGR    (0)    1 :  0.251 0.311 0.251 0.026 0.162 
405 OmyAC20ROGR    (0)    1 :  0.034 0.126 0.395 0.324 0.121 
406 OmyAC20ROGR    (0)    1 :  0.184 0.440 0.113 0.068 0.196 
407 OmyAC20ROGR    (0)    1 :  0.034 0.177 0.524 0.052 0.213 
408 OmyAC20ROGR    (0)    1 :  0.255 0.288 0.206 0.090 0.161 
409 OmyAC20ROGR    (0)    1 :  0.029 0.129 0.438 0.065 0.340 
410 OmyAC20ROGR    (0)    1 :  0.014 0.029 0.033 0.872 0.052 
411 OmyAC20ROGR    (0)    1 :  0.053 0.117 0.080 0.552 0.198 
412 OmyAC20ROGR    (0)    1 :  0.384 0.083 0.278 0.113 0.142 
413 OmyAC20ROGR    (0)    1 :  0.031 0.068 0.383 0.050 0.469 
414 OmyAC20ROGR    (0)    1 :  0.221 0.213 0.069 0.347 0.149 
415 OmyAC20ROGR    (0)    1 :  0.139 0.474 0.158 0.027 0.201 
416 OmyAC20ROGR    (0)    1 :  0.183 0.273 0.298 0.084 0.161 
417 OmyAC20ROGR    (0)    1 :  0.125 0.093 0.300 0.026 0.455 
418 OmyAC20ROGR    (0)    1 :  0.089 0.267 0.267 0.160 0.217 
419 OmyAC20ROGR    (0)    1 :  0.036 0.060 0.204 0.414 0.286 
420 OmyAC20ROGR    (0)    1 :  0.258 0.196 0.151 0.029 0.367 
421 OmyAC20ROGR    (0)    1 :  0.213 0.240 0.245 0.115 0.187 
422 OmyAC20ROGR    (0)    1 :  0.027 0.041 0.034 0.877 0.022 
423 OmyAC20ROGR    (0)    1 :  0.027 0.067 0.760 0.030 0.117 
424 OmyAC20ROGR    (0)    1 :  0.043 0.517 0.149 0.018 0.273 
425 OmyAC20ROGR    (0)    1 :  0.086 0.042 0.019 0.828 0.025 
426 OmyAC20ROGR    (0)    1 :  0.042 0.404 0.342 0.074 0.138 
427 OmyAC20ROGR    (0)    1 :  0.070 0.217 0.340 0.192 0.181 
428 OmyAC20ROGR    (0)    1 :  0.023 0.025 0.021 0.914 0.017 
429 OmyAC20ROGR    (0)    1 :  0.059 0.076 0.167 0.026 0.672 
430 OmyAC20ROGR    (0)    1 :  0.031 0.422 0.158 0.085 0.305 
431 OmyAC20ROGR    (0)    1 :  0.086 0.275 0.106 0.467 0.067 
432 OmyAC20ROGR    (0)    1 :  0.032 0.048 0.033 0.852 0.035 
433 OmyAC20ROGR    (0)    1 :  0.039 0.029 0.024 0.873 0.034 
434 OmyAC20ROGR    (0)    1 :  0.023 0.412 0.071 0.169 0.325 
435 OmyAC20ROGR    (0)    1 :  0.085 0.410 0.448 0.016 0.040 
436 OmyAC20ROGR    (0)    1 :  0.028 0.123 0.681 0.039 0.130 
437 OmyAC20ROGR    (0)    1 :  0.038 0.064 0.093 0.623 0.181 
438 OmyAC20ROGR    (0)    1 :  0.054 0.495 0.055 0.263 0.134 
439 OmyAC20ROGR    (0)    1 :  0.058 0.311 0.343 0.056 0.232 
440 OmyAC20ROGR    (0)    1 :  0.057 0.073 0.085 0.745 0.040 
441 OmyAC20ROGR    (0)    1 :  0.128 0.146 0.240 0.022 0.466 
442 OmyAC20ROGR    (0)    1 :  0.065 0.430 0.136 0.048 0.321 
443 OmyAC20ROGR    (0)    1 :  0.530 0.305 0.049 0.016 0.101 
444 OmyAC20ROGR    (0)    1 :  0.038 0.134 0.385 0.096 0.347 
445 OmyAC20ROGR    (0)    1 :  0.038 0.220 0.157 0.094 0.491 
446 OmyJC18ROGR    (0)    2 :  0.527 0.115 0.179 0.054 0.124 
447 OmyJC18ROGR    (0)    2 :  0.080 0.267 0.453 0.042 0.158 
448 OmyJC18ROGR    (0)    2 :  0.030 0.165 0.625 0.069 0.110 
449 OmyJC18ROGR    (0)    2 :  0.076 0.075 0.082 0.657 0.109 
450 OmyJC18ROGR    (0)    2 :  0.073 0.090 0.061 0.669 0.107 
451 OmyJC18ROGR    (0)    2 :  0.022 0.070 0.027 0.844 0.037 
452 OmyJC18ROGR    (0)    2 :  0.209 0.208 0.227 0.276 0.079 
453 OmyJC18ROGR    (0)    2 :  0.536 0.217 0.082 0.036 0.130 
454 OmyJC18ROGR    (0)    2 :  0.027 0.052 0.037 0.852 0.033 
455 OmyJC18ROGR    (0)    2 :  0.052 0.160 0.212 0.034 0.542 
456 OmyJC18ROGR    (0)    2 :  0.019 0.046 0.037 0.859 0.039 
457 OmyJC18ROGR    (0)    2 :  0.044 0.384 0.388 0.053 0.131 
458 OmyJC18ROGR    (0)    2 :  0.438 0.128 0.129 0.148 0.158 
459 OmyJC18ROGR    (0)    2 :  0.284 0.155 0.180 0.021 0.361 
460 OmyJC18ROGR    (2)    2 :  0.075 0.287 0.094 0.382 0.162 
461 OmyJC18ROGR    (1)    2 :  0.195 0.229 0.143 0.317 0.116 
462 OmyJC18ROGR    (3)    2 :  0.103 0.289 0.091 0.341 0.176 
463 OmyJC18ROGR    (1)    2 :  0.075 0.085 0.082 0.679 0.079 
464 OmyJC18ROGR    (3)    2 :  0.028 0.190 0.659 0.022 0.101 
465 OmyJC18ROGR    (3)    2 :  0.053 0.142 0.139 0.047 0.618 
466 OmyJC18ROGR    (0)    2 :  0.056 0.655 0.086 0.122 0.080 
467 OmyJC18ROGR    (1)    2 :  0.065 0.251 0.178 0.037 0.470 
468 OmyJC18ROGR    (0)    2 :  0.037 0.094 0.079 0.036 0.755 
469 OmyJC18ROGR    (0)    2 :  0.038 0.074 0.038 0.718 0.132 
470 OmyJC18ROGR    (3)    2 :  0.071 0.137 0.081 0.499 0.212 
471 OmyJC18ROGR    (1)    2 :  0.133 0.287 0.210 0.274 0.097 
472 OmyJC18ROGR    (1)    2 :  0.046 0.428 0.360 0.073 0.094 
473 OmyJC18ROGR    (2)    2 :  0.074 0.303 0.518 0.033 0.072 
474 OmyJC18ROGR    (0)    2 :  0.546 0.124 0.186 0.039 0.105 
475 OmyJC18ROGR    (1)    2 :  0.195 0.062 0.043 0.659 0.040 
476 OmyJC18ROGR    (2)    2 :  0.412 0.188 0.194 0.021 0.185 
477 OmyJC18ROGR    (3)    2 :  0.073 0.370 0.086 0.089 0.383 
478 OmyJC18ROGR    (0)    2 :  0.397 0.300 0.148 0.050 0.105 
479 OmyJC18ROGR    (0)    2 :  0.057 0.077 0.697 0.024 0.145 
480 OmyJC18ROGR    (0)    2 :  0.064 0.208 0.449 0.140 0.139 
481 OmyJC18ROGR    (2)    2 :  0.209 0.228 0.224 0.227 0.111 
482 OmyJC18ROGR    (3)    2 :  0.072 0.195 0.158 0.020 0.555 
483 OmyJC18ROGR    (3)    2 :  0.034 0.325 0.163 0.042 0.436 
484 OmyJC18ROGR    (3)    2 :  0.134 0.481 0.139 0.045 0.201 
485 OmyJC18ROGR    (2)    2 :  0.037 0.100 0.190 0.628 0.045 
486 OmyJC18ROGR    (2)    2 :  0.060 0.190 0.115 0.399 0.236 
487 OmyJC18ROGR    (1)    2 :  0.160 0.628 0.069 0.087 0.057 
488 OmyJC18ROGR    (3)    2 :  0.065 0.619 0.187 0.050 0.080 
489 OmyJC18ROGR    (0)    2 :  0.103 0.565 0.134 0.030 0.169 
490 OmyJC18ROGR    (2)    2 :  0.093 0.334 0.258 0.083 0.232 
491 OmyJC18ROGR    (4)    2 :  0.544 0.103 0.131 0.123 0.100 
492 OmyJC18ROGR    (4)    2 :  0.755 0.073 0.047 0.021 0.103 
493 OmyJC18ROGR    (3)    2 :  0.052 0.505 0.188 0.111 0.143 
494 OmyJC18ROGR    (3)    2 :  0.026 0.036 0.039 0.867 0.032 
495 OmyJC18ROGR    (3)    2 :  0.456 0.131 0.162 0.170 0.081 
496 OmyJC18ROGR    (0)    2 :  0.274 0.214 0.084 0.071 0.356 
497 OmyJC18ROGR    (5)    2 :  0.210 0.194 0.250 0.093 0.253 
498 OmyJC18ROGR    (3)    2 :  0.106 0.447 0.192 0.179 0.076 
499 OmyJC18ROGR    (1)    2 :  0.164 0.331 0.137 0.042 0.326 
500 OmyJC18ROGR    (1)    2 :  0.131 0.247 0.174 0.025 0.423 
501 OmyJC18ROGR    (3)    2 :  0.096 0.207 0.169 0.448 0.081 
502 OmyJC18ROGR    (1)    2 :  0.033 0.039 0.104 0.179 0.645 
503 OmyJC18ROGR    (4)    2 :  0.039 0.146 0.430 0.052 0.334 
504 OmyJC18ROGR    (1)    2 :  0.031 0.116 0.059 0.287 0.507 
505 OmyJC18ROGR    (0)    2 :  0.300 0.151 0.131 0.232 0.186 
506 OmyJC18ROGR    (6)    2 :  0.260 0.400 0.113 0.060 0.167 
507 OmyJC18ROGR    (0)    2 :  0.074 0.326 0.225 0.154 0.222 
508 OmyJC18ROGR    (0)    2 :  0.073 0.133 0.142 0.091 0.561 
509 OmyJC18ROGR    (2)    2 :  0.044 0.030 0.021 0.867 0.039 
510 OmyJC18ROGR    (1)    2 :  0.128 0.473 0.213 0.025 0.162 
511 OmyJC18ROGR    (3)    2 :  0.647 0.093 0.068 0.142 0.050 
512 OmyJC18ROGR    (2)    2 :  0.022 0.063 0.080 0.760 0.075 
513 OmyJC18ROGR    (7)    2 :  0.404 0.245 0.083 0.176 0.092 
514 OmyJC18ROGR    (3)    2 :  0.200 0.045 0.083 0.567 0.105 
515 OmyJC18ROGR    (0)    2 :  0.123 0.271 0.339 0.065 0.202 
516 OmyJC18ROGR    (2)    2 :  0.113 0.161 0.443 0.171 0.112 
517 OmyJC18ROGR    (2)    2 :  0.249 0.311 0.137 0.231 0.073 
518 OmyJC18ROGR    (0)    2 :  0.079 0.214 0.293 0.048 0.366 
519 OmyJC18ROGR    (7)    2 :  0.679 0.076 0.133 0.061 0.051 
520 OmyJC18ROGR    (4)    2 :  0.251 0.359 0.161 0.182 0.047 
521 OmyJC18ROGR    (1)    2 :  0.227 0.336 0.151 0.172 0.114 
522 OmyJC18ROGR    (1)    2 :  0.040 0.391 0.120 0.096 0.353 
523 OmyJC18ROGR    (3)    2 :  0.088 0.218 0.127 0.048 0.520 
524 OmyJC18ROGR    (1)    2 :  0.042 0.260 0.238 0.044 0.416 
525 OmyJC18ROGR    (2)    2 :  0.309 0.076 0.087 0.155 0.373 
526 OmyJC18ROGR    (1)    2 :  0.318 0.094 0.170 0.079 0.338 
527 OmyJC18ROGR    (0)    2 :  0.223 0.378 0.258 0.030 0.111 
528 OmyJC18ROGR    (0)    2 :  0.068 0.157 0.500 0.036 0.239 
529 OmyJC18ROGR    (1)    2 :  0.087 0.241 0.562 0.028 0.082 
530 OmyJC18ROGR    (0)    2 :  0.032 0.070 0.162 0.024 0.712 
531 OmyJC18ROGR    (0)    2 :  0.028 0.065 0.797 0.032 0.080 
532 OmyJC18ROGR    (1)    2 :  0.071 0.253 0.165 0.025 0.485 
533 OmyJC18ROGR    (2)    2 :  0.138 0.364 0.419 0.020 0.059 
534 OmyJC18ROGR    (2)    2 :  0.055 0.340 0.285 0.069 0.251 
535 OmyJC18ROGR    (0)    2 :  0.333 0.195 0.259 0.048 0.165 
536 OmyJC18ROGR    (0)    2 :  0.728 0.061 0.138 0.032 0.041 
537 OmyJC18ROGR    (0)    2 :  0.312 0.240 0.260 0.039 0.149 
538 OmyJC18ROGR    (0)    2 :  0.032 0.146 0.670 0.040 0.112 
539 OmyJC18ROGR    (1)    2 :  0.104 0.138 0.189 0.064 0.506 
540 OmyJC18ROGR    (6)    2 :  0.061 0.760 0.073 0.045 0.061 
541 OmyJC18ROGR    (1)    2 :  0.128 0.109 0.614 0.049 0.101 
542 OmyJC18ROGR    (1)    2 :  0.118 0.103 0.533 0.142 0.104 
543 OmyJC18ROGR    (0)    2 :  0.059 0.396 0.192 0.222 0.131 
544 OmyJC18ROGR    (2)    2 :  0.145 0.230 0.497 0.032 0.096 
545 OmyJC18ROGR    (1)    2 :  0.028 0.064 0.037 0.563 0.308 
546 OmyJC18ROGR    (6)    2 :  0.045 0.053 0.798 0.014 0.089 
547 OmyJC18ROGR    (0)    2 :  0.024 0.376 0.228 0.110 0.263 
548 OmyJC18ROGR    (1)    2 :  0.119 0.523 0.132 0.134 0.092 
549 OmyJC18ROGR    (0)    2 :  0.053 0.152 0.625 0.034 0.136 
550 OmyJC18ROGR    (1)    2 :  0.050 0.063 0.046 0.794 0.047 
551 OmyJC18ROGR    (1)    2 :  0.560 0.219 0.084 0.061 0.076 
552 OmyJC18ROGR    (2)    2 :  0.061 0.386 0.329 0.089 0.135 
553 OmyJC18ROGR    (7)    2 :  0.118 0.073 0.575 0.067 0.167 
554 OmyJC18ROGR    (2)    2 :  0.150 0.284 0.389 0.034 0.143 
555 OmyJC18ROGR    (3)    2 :  0.195 0.332 0.274 0.036 0.163 
556 OmyJC18ROGR    (0)    2 :  0.742 0.068 0.090 0.074 0.026 
557 OmyJC18ROGR    (1)    2 :  0.065 0.217 0.070 0.515 0.133 
558 OmyJC18ROGR    (0)    2 :  0.692 0.075 0.066 0.136 0.031 
559 OmyJC18ROGR    (0)    2 :  0.052 0.178 0.072 0.023 0.675 
560 OmyJC18ROGR    (5)    2 :  0.157 0.506 0.054 0.088 0.194 
561 OmyJC18ROGR    (0)    2 :  0.038 0.092 0.136 0.028 0.706 
562 OmyJC18ROGR    (6)    2 :  0.252 0.167 0.455 0.045 0.080 
563 OmyJC18ROGR    (2)    2 :  0.183 0.391 0.205 0.064 0.157 
564 OmyJC18ROGR    (3)    2 :  0.338 0.092 0.218 0.277 0.076 
565 OmyJC18ROGR    (3)    2 :  0.155 0.312 0.136 0.091 0.307 
566 OmyJC18ROGR    (1)    2 :  0.063 0.300 0.117 0.061 0.459 
567 OmyJC18ROGR    (0)    2 :  0.088 0.139 0.094 0.025 0.653 
568 OmyJC18ROGR    (3)    2 :  0.238 0.103 0.515 0.105 0.040 
569 OmyJC18ROGR    (2)    2 :  0.103 0.299 0.106 0.044 0.448 
570 OmyJC18ROGR    (0)    2 :  0.050 0.205 0.251 0.077 0.418 
571 OmyJC18ROGR    (1)    2 :  0.026 0.166 0.513 0.019 0.275 
572 OmyJC18ROGR    (4)    2 :  0.470 0.093 0.088 0.048 0.301 
573 OmyJC18ROGR    (3)    2 :  0.145 0.154 0.086 0.458 0.157 
574 OmyJC18ROGR    (5)    2 :  0.131 0.171 0.434 0.176 0.088 
575 OmyJC18ROGR    (3)    2 :  0.320 0.253 0.329 0.027 0.071 
576 OmyJC18ROGR    (0)    2 :  0.163 0.103 0.513 0.059 0.162 
577 OmyJC18ROGR    (0)    2 :  0.022 0.032 0.055 0.844 0.046 
578 OmyJC18ROGR    (1)    2 :  0.032 0.175 0.521 0.035 0.237 
579 OmyJC18ROGR    (0)    2 :  0.058 0.089 0.043 0.739 0.071 
580 OmyJC18ROGR    (0)    2 :  0.259 0.214 0.207 0.016 0.304 
581 OmyJC18ROGR    (3)    2 :  0.071 0.203 0.170 0.053 0.503 
582 OmyJC18ROGR    (6)    2 :  0.203 0.282 0.318 0.031 0.166 
583 OmyJC18ROGR    (3)    2 :  0.368 0.069 0.439 0.029 0.094 
584 OmyJC18ROGR    (3)    2 :  0.257 0.148 0.267 0.077 0.251 
585 OmyJC18ROGR    (1)    2 :  0.038 0.742 0.091 0.053 0.077 
586 OmyJC18ROGR    (1)    2 :  0.077 0.085 0.677 0.017 0.145 
587 OmyJC18ROGR    (0)    2 :  0.018 0.025 0.033 0.897 0.026 
588 OmyJC18ROGR    (0)    2 :  0.558 0.074 0.055 0.213 0.100 
589 OmyJC18ROGR    (1)    2 :  0.129 0.327 0.370 0.067 0.107 
590 OmyJC18ROGR    (2)    2 :  0.029 0.083 0.806 0.010 0.073 
591 OmyJC18ROGR    (0)    2 :  0.098 0.326 0.327 0.059 0.190 
592 OmyJC18ROGR    (3)    2 :  0.057 0.117 0.612 0.052 0.161 
593 OmyJC18ROGR    (0)    2 :  0.272 0.346 0.146 0.108 0.128 
594 OmyJC18ROGR    (1)    2 :  0.095 0.384 0.290 0.038 0.193 
595 OmyJC18ROGR    (0)    2 :  0.406 0.302 0.149 0.068 0.075 
596 OmyJC18ROGR    (1)    2 :  0.107 0.109 0.409 0.091 0.285 
597 OmyJC18ROGR    (0)    2 :  0.152 0.467 0.197 0.060 0.124 
598 OmyJC18ROGR    (1)    2 :  0.061 0.207 0.268 0.067 0.397 
599 OmyJC18ROGR    (0)    2 :  0.074 0.180 0.367 0.068 0.311 
600 OmyJC18ROGR    (0)    2 :  0.375 0.347 0.167 0.037 0.074 
601 OmyJC18ROGR    (0)    2 :  0.217 0.226 0.213 0.031 0.314 
602 OmyJC18ROGR    (0)    2 :  0.051 0.089 0.071 0.072 0.717 
603 OmyJC18ROGR    (0)    2 :  0.342 0.304 0.146 0.030 0.178 
604 OmyJC18ROGR    (0)    2 :  0.187 0.151 0.397 0.047 0.218 
605 OmyJC18ROGR    (0)    2 :  0.618 0.225 0.043 0.026 0.088 
606 OmyJC18ROGR    (0)    2 :  0.261 0.214 0.378 0.066 0.081 
