

----------------------------------------------------
STRUCTURE by Pritchard, Stephens and Donnelly (2000)
     and Falush, Stephens and Pritchard (2003)
       Code by Pritchard, Falush and Hubisz
             Version 2.3.4 (Jul 2012)
----------------------------------------------------



Command line arguments:   bin/structure -m "/Users/ddayan/FRA/premature_migration/Rogue_Half-Pounder/half-pounder/structure/halfpounder_2021/10k_20k_adm_corr/mainparams" -e "/Users/ddayan/FRA/premature_migration/Rogue_Half-Pounder/half-pounder/structure/halfpounder_2021/10k_20k_adm_corr/extraparams" 
Input File:    /Users/ddayan/FRA/premature_migration/Rogue_Half-Pounder/half-pounder/structure/halfpounder_2021/project_data

Run parameters:
   1000 individuals
   328 loci
   4 populations assumed
   10000 Burn-in period
   20000 Reps


--------------------------------------------
Proportion of membership of each pre-defined
 population in each of the 4 clusters

Given    Inferred Clusters              Number of
 Pop       1      2      3      4      Individuals

  1:     0.233  0.226  0.277  0.264      275
  2:     0.220  0.245  0.270  0.266      643
  3:     0.060  0.761  0.085  0.094       42
  4:     0.073  0.127  0.394  0.407       40
--------------------------------------------

Allele-freq. divergence among pops (Net nucleotide distance),
computed using point estimates of P.

      1       2       3       4      
 1      -    0.0100  0.0080  0.0077  
 2   0.0100     -    0.0029  0.0028  
 3   0.0080  0.0029     -    0.0004  
 4   0.0077  0.0028  0.0004     -    

Average distances (expected heterozygosity) between individuals in same cluster:
cluster  1  : 0.2624 
cluster  2  : 0.2885 
cluster  3  : 0.2923 
cluster  4  : 0.2939 

--------------------------------------------
Estimated Ln Prob of Data   = -286075.8
Mean value of ln likelihood = -283977.2
Variance of ln likelihood   = 4197.3
Mean value of alpha         = 0.2507

Mean value of Fst_1         = 0.0685
Mean value of Fst_2         = 0.0213
Mean value of Fst_3         = 0.0088
Mean value of Fst_4         = 0.0069


Inferred ancestry of individuals:
        Label (%Miss) Pop:  Inferred clusters
  1 OmyAC19ROGR    (0)    1 :  0.023 0.354 0.399 0.224 
  2 OmyAC19ROGR    (0)    1 :  0.115 0.444 0.260 0.180 
  3 OmyAC19ROGR    (0)    1 :  0.106 0.389 0.336 0.169 
  4 OmyAC19ROGR    (0)    1 :  0.032 0.216 0.409 0.343 
  5 OmyAC19ROGR    (1)    1 :  0.949 0.014 0.017 0.020 
  6 OmyAC19ROGR    (0)    1 :  0.202 0.077 0.533 0.188 
  7 OmyAC19ROGR    (0)    1 :  0.248 0.181 0.183 0.388 
  8 OmyAC19ROGR    (0)    1 :  0.023 0.248 0.285 0.444 
  9 OmyAC19ROGR    (0)    1 :  0.292 0.269 0.319 0.120 
 10 OmyAC19ROGR    (0)    1 :  0.526 0.224 0.109 0.140 
 11 OmyAC19ROGR    (0)    1 :  0.078 0.225 0.472 0.225 
 12 OmyAC19ROGR    (0)    1 :  0.141 0.064 0.554 0.242 
 13 OmyAC19ROGR    (0)    1 :  0.042 0.202 0.216 0.540 
 14 OmyAC19ROGR    (0)    1 :  0.489 0.041 0.200 0.270 
 15 OmyAC19ROGR    (0)    1 :  0.479 0.057 0.149 0.316 
 16 OmyAC19ROGR    (0)    1 :  0.121 0.193 0.291 0.395 
 17 OmyAC19ROGR    (0)    1 :  0.105 0.030 0.407 0.459 
 18 OmyAC19ROGR    (2)    1 :  0.039 0.427 0.240 0.295 
 19 OmyAC19ROGR    (1)    1 :  0.066 0.236 0.184 0.514 
 20 OmyAC19ROGR    (0)    1 :  0.271 0.053 0.357 0.319 
 21 OmyAC19ROGR    (1)    1 :  0.317 0.205 0.209 0.269 
 22 OmyAC19ROGR    (0)    1 :  0.101 0.513 0.199 0.187 
 23 OmyAC19ROGR    (0)    1 :  0.341 0.180 0.302 0.177 
 24 OmyAC19ROGR    (0)    1 :  0.027 0.837 0.073 0.062 
 25 OmyAC19ROGR    (0)    1 :  0.286 0.133 0.200 0.382 
 26 OmyAC19ROGR    (0)    1 :  0.128 0.442 0.199 0.231 
 27 OmyAC19ROGR    (1)    1 :  0.075 0.076 0.400 0.449 
 28 OmyAC19ROGR    (0)    1 :  0.040 0.883 0.035 0.043 
 29 OmyAC19ROGR    (0)    1 :  0.088 0.191 0.371 0.350 
 30 OmyAC19ROGR    (0)    1 :  0.760 0.072 0.079 0.090 
 31 OmyAC19ROGR    (0)    1 :  0.057 0.196 0.449 0.298 
 32 OmyAC19ROGR    (0)    1 :  0.188 0.334 0.255 0.223 
 33 OmyAC19ROGR    (1)    1 :  0.127 0.448 0.276 0.149 
 34 OmyAC19ROGR    (0)    1 :  0.560 0.102 0.108 0.230 
 35 OmyAC19ROGR    (0)    1 :  0.091 0.509 0.214 0.185 
 36 OmyAC19ROGR    (0)    1 :  0.208 0.135 0.368 0.290 
 37 OmyAC19ROGR    (0)    1 :  0.141 0.686 0.068 0.105 
 38 OmyAC19ROGR    (0)    1 :  0.479 0.372 0.066 0.082 
 39 OmyAC19ROGR    (0)    1 :  0.114 0.099 0.354 0.433 
 40 OmyAC19ROGR    (0)    1 :  0.375 0.064 0.246 0.314 
 41 OmyAC19ROGR    (1)    1 :  0.056 0.101 0.412 0.431 
 42 OmyAC19ROGR    (0)    1 :  0.845 0.026 0.071 0.058 
 43 OmyAC19ROGR    (0)    1 :  0.060 0.232 0.482 0.226 
 44 OmyAC19ROGR    (6)    1 :  0.049 0.137 0.687 0.127 
 45 OmyAC19ROGR    (1)    1 :  0.413 0.334 0.159 0.094 
 46 OmyAC19ROGR    (0)    1 :  0.100 0.571 0.146 0.183 
 47 OmyAC19ROGR    (0)    1 :  0.082 0.731 0.096 0.092 
 48 OmyAC19ROGR    (0)    1 :  0.058 0.202 0.404 0.336 
 49 OmyAC19ROGR    (0)    1 :  0.048 0.459 0.264 0.228 
 50 OmyAC19ROGR    (0)    1 :  0.031 0.041 0.357 0.571 
 51 OmyAC19ROGR    (2)    1 :  0.782 0.056 0.087 0.075 
 52 OmyAC19ROGR    (0)    1 :  0.886 0.039 0.041 0.034 
 53 OmyAC19ROGR    (1)    1 :  0.046 0.784 0.097 0.073 
 54 OmyAC19ROGR    (0)    1 :  0.089 0.576 0.157 0.178 
 55 OmyAC19ROGR    (3)    1 :  0.102 0.102 0.375 0.420 
 56 OmyAC19ROGR    (0)    1 :  0.105 0.708 0.080 0.107 
 57 OmyAC19ROGR    (0)    1 :  0.025 0.767 0.096 0.112 
 58 OmyAC19ROGR    (0)    1 :  0.743 0.064 0.095 0.098 
 59 OmyAC19ROGR    (0)    1 :  0.025 0.606 0.204 0.165 
 60 OmyAC19ROGR    (1)    1 :  0.152 0.136 0.361 0.351 
 61 OmyAC19ROGR    (0)    1 :  0.068 0.585 0.144 0.204 
 62 OmyAC19ROGR    (0)    1 :  0.051 0.157 0.511 0.281 
 63 OmyAC19ROGR    (0)    1 :  0.264 0.512 0.121 0.103 
 64 OmyAC19ROGR    (2)    1 :  0.094 0.148 0.416 0.343 
 65 OmyAC19ROGR    (0)    1 :  0.066 0.171 0.376 0.386 
 66 OmyAC19ROGR    (3)    1 :  0.384 0.073 0.167 0.376 
 67 OmyAC19ROGR    (0)    1 :  0.042 0.684 0.095 0.180 
 68 OmyAC19ROGR    (1)    1 :  0.080 0.496 0.227 0.197 
 69 OmyAC19ROGR    (2)    1 :  0.255 0.604 0.065 0.076 
 70 OmyAC19ROGR    (0)    1 :  0.044 0.339 0.375 0.243 
 71 OmyAC19ROGR    (0)    1 :  0.051 0.167 0.405 0.377 
 72 OmyAC19ROGR    (4)    1 :  0.036 0.149 0.525 0.290 
 73 OmyAC19ROGR    (0)    1 :  0.249 0.344 0.253 0.154 
 74 OmyAC19ROGR    (0)    1 :  0.041 0.047 0.601 0.311 
 75 OmyAC19ROGR    (0)    1 :  0.162 0.361 0.157 0.321 
 76 OmyAC19ROGR    (0)    1 :  0.065 0.765 0.095 0.076 
 77 OmyAC19ROGR    (1)    1 :  0.936 0.020 0.022 0.021 
 78 OmyAC19ROGR    (0)    1 :  0.045 0.111 0.462 0.381 
 79 OmyAC19ROGR    (2)    1 :  0.084 0.235 0.416 0.265 
 80 OmyAC19ROGR    (1)    1 :  0.748 0.079 0.089 0.084 
 81 OmyAC19ROGR    (2)    1 :  0.487 0.116 0.230 0.167 
 82 OmyAC19ROGR    (1)    1 :  0.026 0.710 0.181 0.083 
 83 OmyAC19ROGR    (0)    1 :  0.065 0.540 0.162 0.233 
 84 OmyAC19ROGR    (0)    1 :  0.204 0.095 0.348 0.353 
 85 OmyAC19ROGR    (5)    1 :  0.043 0.305 0.307 0.345 
 86 OmyAC19ROGR    (0)    1 :  0.163 0.039 0.302 0.495 
 87 OmyAC19ROGR    (1)    1 :  0.062 0.588 0.195 0.155 
 88 OmyJC19ROGR    (0)    2 :  0.881 0.030 0.042 0.048 
 89 OmyJC19ROGR    (0)    2 :  0.107 0.150 0.211 0.532 
 90 OmyJC19ROGR    (0)    2 :  0.917 0.028 0.029 0.026 
 91 OmyJC19ROGR    (1)    2 :  0.021 0.384 0.263 0.333 
 92 OmyJC19ROGR    (0)    2 :  0.071 0.744 0.092 0.093 
 93 OmyJC19ROGR    (0)    2 :  0.024 0.834 0.067 0.076 
 94 OmyJC19ROGR    (0)    2 :  0.183 0.064 0.513 0.239 
 95 OmyJC19ROGR    (0)    2 :  0.156 0.063 0.460 0.321 
 96 OmyJC19ROGR    (0)    2 :  0.100 0.078 0.276 0.545 
 97 OmyJC19ROGR    (0)    2 :  0.178 0.716 0.056 0.049 
 98 OmyJC19ROGR    (0)    2 :  0.046 0.173 0.486 0.295 
 99 OmyJC19ROGR    (0)    2 :  0.104 0.600 0.152 0.144 
100 OmyJC19ROGR    (1)    2 :  0.066 0.108 0.472 0.354 
101 OmyJC19ROGR    (0)    2 :  0.552 0.225 0.119 0.105 
102 OmyJC19ROGR    (0)    2 :  0.104 0.077 0.245 0.574 
103 OmyJC19ROGR    (0)    2 :  0.191 0.288 0.215 0.306 
104 OmyJC19ROGR    (0)    2 :  0.043 0.631 0.170 0.157 
105 OmyJC19ROGR    (0)    2 :  0.180 0.620 0.128 0.072 
106 OmyJC19ROGR    (0)    2 :  0.927 0.033 0.021 0.019 
107 OmyJC19ROGR    (1)    2 :  0.138 0.202 0.285 0.375 
108 OmyJC19ROGR    (0)    2 :  0.078 0.352 0.299 0.271 
109 OmyJC19ROGR    (0)    2 :  0.225 0.047 0.323 0.405 
110 OmyJC19ROGR    (0)    2 :  0.316 0.505 0.098 0.080 
111 OmyJC19ROGR    (1)    2 :  0.112 0.667 0.099 0.122 
112 OmyJC19ROGR    (2)    2 :  0.144 0.087 0.450 0.319 
113 OmyJC19ROGR    (0)    2 :  0.699 0.068 0.102 0.130 
114 OmyJC19ROGR    (3)    2 :  0.063 0.158 0.388 0.392 
115 OmyJC19ROGR    (1)    2 :  0.079 0.475 0.358 0.088 
116 OmyJC19ROGR    (0)    2 :  0.124 0.117 0.349 0.410 
117 OmyJC19ROGR    (0)    2 :  0.219 0.084 0.387 0.309 
118 OmyJC19ROGR    (0)    2 :  0.036 0.253 0.341 0.370 
119 OmyJC19ROGR    (2)    2 :  0.053 0.074 0.385 0.488 
120 OmyJC19ROGR    (0)    2 :  0.026 0.847 0.068 0.059 
121 OmyJC19ROGR    (0)    2 :  0.062 0.054 0.498 0.387 
122 OmyJC19ROGR    (0)    2 :  0.080 0.256 0.320 0.344 
123 OmyJC19ROGR    (0)    2 :  0.033 0.232 0.323 0.412 
124 OmyJC19ROGR    (0)    2 :  0.156 0.083 0.604 0.157 
125 OmyJC19ROGR    (0)    2 :  0.132 0.529 0.223 0.116 
126 OmyJC19ROGR    (1)    2 :  0.740 0.058 0.113 0.090 
127 OmyJC19ROGR    (0)    2 :  0.054 0.083 0.231 0.632 
128 OmyJC19ROGR    (1)    2 :  0.067 0.703 0.085 0.145 
129 OmyJC19ROGR    (0)    2 :  0.344 0.245 0.218 0.192 
130 OmyJC19ROGR    (2)    2 :  0.081 0.040 0.620 0.260 
131 OmyJC19ROGR    (0)    2 :  0.114 0.333 0.387 0.167 
132 OmyJC19ROGR    (1)    2 :  0.056 0.646 0.129 0.170 
133 OmyJC19ROGR    (0)    2 :  0.031 0.157 0.509 0.304 
134 OmyJC19ROGR    (0)    2 :  0.089 0.190 0.243 0.477 
135 OmyJC19ROGR    (1)    2 :  0.032 0.880 0.048 0.040 
136 OmyJC19ROGR    (3)    2 :  0.051 0.216 0.285 0.447 
137 OmyJC19ROGR    (0)    2 :  0.204 0.060 0.334 0.401 
138 OmyJC19ROGR    (0)    2 :  0.748 0.038 0.137 0.077 
139 OmyJC19ROGR    (2)    2 :  0.033 0.103 0.544 0.320 
140 OmyJC19ROGR    (2)    2 :  0.117 0.110 0.294 0.478 
141 OmyJC19ROGR    (0)    2 :  0.347 0.199 0.214 0.240 
142 OmyJC19ROGR    (0)    2 :  0.347 0.267 0.169 0.217 
143 OmyJC19ROGR    (0)    2 :  0.063 0.774 0.110 0.053 
144 OmyJC19ROGR    (0)    2 :  0.024 0.102 0.513 0.361 
145 OmyJC19ROGR    (0)    2 :  0.040 0.058 0.603 0.299 
146 OmyJC19ROGR    (1)    2 :  0.087 0.714 0.091 0.108 
147 OmyJC19ROGR    (0)    2 :  0.085 0.196 0.239 0.479 
148 OmyJC19ROGR    (0)    2 :  0.029 0.206 0.402 0.363 
149 OmyJC19ROGR    (1)    2 :  0.101 0.540 0.147 0.211 
150 OmyJC19ROGR    (1)    2 :  0.074 0.616 0.122 0.188 
151 OmyJC19ROGR    (0)    2 :  0.144 0.226 0.270 0.360 
152 OmyJC19ROGR    (0)    2 :  0.065 0.184 0.442 0.309 
153 OmyJC19ROGR    (0)    2 :  0.037 0.871 0.040 0.052 
154 OmyJC19ROGR    (1)    2 :  0.083 0.072 0.424 0.420 
155 OmyJC19ROGR    (0)    2 :  0.110 0.355 0.256 0.279 
156 OmyJC19ROGR    (1)    2 :  0.140 0.287 0.237 0.335 
157 OmyJC19ROGR    (0)    2 :  0.092 0.311 0.400 0.197 
158 OmyJC19ROGR    (0)    2 :  0.024 0.311 0.298 0.367 
159 OmyJC19ROGR    (0)    2 :  0.063 0.060 0.490 0.388 
160 OmyJC19ROGR    (0)    2 :  0.081 0.390 0.221 0.308 
161 OmyJC19ROGR    (0)    2 :  0.033 0.389 0.358 0.220 
162 OmyJC19ROGR    (0)    2 :  0.074 0.213 0.259 0.455 
163 OmyJC19ROGR    (0)    2 :  0.053 0.672 0.131 0.144 
164 OmyJC19ROGR    (0)    2 :  0.043 0.106 0.414 0.437 
165 OmyJC19ROGR    (0)    2 :  0.027 0.212 0.448 0.312 
166 OmyJC19ROGR    (0)    2 :  0.065 0.105 0.520 0.310 
167 OmyJC19ROGR    (1)    2 :  0.110 0.510 0.196 0.184 
168 OmyJC19ROGR    (0)    2 :  0.086 0.160 0.314 0.440 
169 OmyJC19ROGR    (0)    2 :  0.938 0.013 0.024 0.026 
170 OmyJC19ROGR    (0)    2 :  0.073 0.743 0.108 0.076 
171 OmyJC19ROGR    (0)    2 :  0.034 0.101 0.513 0.351 
172 OmyJC19ROGR    (0)    2 :  0.357 0.410 0.093 0.141 
173 OmyJC19ROGR    (0)    2 :  0.898 0.028 0.039 0.035 
174 OmyJC19ROGR    (0)    2 :  0.038 0.197 0.606 0.160 
175 OmyJC19ROGR    (0)    2 :  0.038 0.104 0.569 0.290 
176 OmyJC19ROGR    (0)    2 :  0.102 0.666 0.075 0.156 
177 OmyJC19ROGR    (0)    2 :  0.020 0.843 0.081 0.055 
178 OmyJC19ROGR    (0)    2 :  0.055 0.028 0.473 0.444 
179 OmyJC19ROGR    (0)    2 :  0.030 0.489 0.299 0.182 
180 OmyJC19ROGR    (0)    2 :  0.862 0.055 0.040 0.043 
181 OmyJC19ROGR    (0)    2 :  0.064 0.107 0.502 0.327 
182 OmyJC19ROGR    (0)    2 :  0.167 0.122 0.348 0.363 
183 OmyJC19ROGR    (0)    2 :  0.044 0.103 0.534 0.320 
184 OmyJC19ROGR    (0)    2 :  0.659 0.146 0.083 0.111 
185 OmyJC19ROGR    (1)    2 :  0.017 0.214 0.296 0.473 
186 OmyJC19ROGR    (0)    2 :  0.099 0.657 0.143 0.101 
187 OmyJC19ROGR    (0)    2 :  0.036 0.077 0.706 0.182 
188 OmyJC19ROGR    (0)    2 :  0.047 0.175 0.546 0.232 
189 OmyJC19ROGR    (0)    2 :  0.212 0.388 0.187 0.213 
190 OmyJC19ROGR    (0)    2 :  0.046 0.779 0.082 0.093 
191 OmyJC19ROGR    (0)    2 :  0.049 0.590 0.265 0.096 
192 OmyJC19ROGR    (0)    2 :  0.048 0.037 0.234 0.681 
193 OmyJC19ROGR    (1)    2 :  0.158 0.194 0.300 0.348 
194 OmyJC19ROGR    (0)    2 :  0.024 0.062 0.178 0.736 
195 OmyJC19ROGR    (0)    2 :  0.811 0.034 0.068 0.087 
196 OmyJC19ROGR    (0)    2 :  0.046 0.046 0.769 0.140 
197 OmyJC19ROGR    (0)    2 :  0.075 0.467 0.204 0.254 
198 OmyJC19ROGR    (0)    2 :  0.759 0.076 0.079 0.085 
199 OmyJC19ROGR    (0)    2 :  0.033 0.121 0.449 0.396 
200 OmyJC19ROGR    (0)    2 :  0.084 0.712 0.100 0.104 
201 OmyJC19ROGR    (0)    2 :  0.034 0.106 0.455 0.405 
202 OmyJC19ROGR    (0)    2 :  0.015 0.861 0.052 0.072 
203 OmyJC19ROGR    (0)    2 :  0.054 0.175 0.538 0.233 
204 OmyJC19ROGR    (0)    2 :  0.062 0.217 0.290 0.430 
205 OmyJC19ROGR    (0)    2 :  0.156 0.123 0.528 0.192 
206 OmyJC19ROGR    (0)    2 :  0.873 0.042 0.043 0.043 
207 OmyJC19ROGR    (0)    2 :  0.314 0.138 0.329 0.219 
208 OmyJC19ROGR    (0)    2 :  0.049 0.071 0.378 0.502 
209 OmyJC19ROGR    (0)    2 :  0.539 0.250 0.118 0.093 
210 OmyJC19ROGR    (0)    2 :  0.899 0.024 0.045 0.032 
211 OmyJC19ROGR    (0)    2 :  0.215 0.215 0.217 0.353 
212 OmyJC19ROGR    (1)    2 :  0.187 0.526 0.133 0.154 
213 OmyJC19ROGR    (1)    2 :  0.044 0.123 0.587 0.247 
214 OmyJC19ROGR    (0)    2 :  0.051 0.070 0.537 0.343 
215 OmyJC19ROGR    (0)    2 :  0.036 0.106 0.142 0.716 
216 OmyJC19ROGR    (0)    2 :  0.820 0.036 0.080 0.064 
217 OmyJC19ROGR    (0)    2 :  0.433 0.108 0.234 0.224 
218 OmyJC19ROGR    (0)    2 :  0.045 0.570 0.258 0.127 
219 OmyJC19ROGR    (0)    2 :  0.112 0.047 0.274 0.568 
220 OmyJC19ROGR    (0)    2 :  0.019 0.198 0.359 0.425 
221 OmyJC19ROGR    (0)    2 :  0.276 0.102 0.451 0.171 
222 OmyJC19ROGR    (0)    2 :  0.050 0.435 0.244 0.271 
223 OmyJC19ROGR    (0)    2 :  0.064 0.157 0.448 0.331 
224 OmyJC19ROGR    (0)    2 :  0.041 0.080 0.327 0.552 
225 OmyJC19ROGR    (0)    2 :  0.934 0.022 0.017 0.027 
226 OmyJC19ROGR    (0)    2 :  0.238 0.057 0.316 0.389 
227 OmyJC19ROGR    (1)    2 :  0.903 0.041 0.032 0.024 
228 OmyJC19ROGR    (0)    2 :  0.044 0.044 0.429 0.483 
229 OmyJC19ROGR    (1)    2 :  0.039 0.180 0.556 0.225 
230 OmyJC19ROGR    (0)    2 :  0.238 0.242 0.386 0.133 
231 OmyJC19ROGR    (0)    2 :  0.106 0.085 0.471 0.338 
232 OmyJC19ROGR    (1)    2 :  0.066 0.220 0.363 0.351 
233 OmyJC19ROGR    (0)    2 :  0.181 0.145 0.407 0.268 
234 OmyJC19ROGR    (0)    2 :  0.917 0.027 0.027 0.029 
235 OmyJC19ROGR    (0)    2 :  0.669 0.131 0.075 0.124 
236 OmyJC19ROGR    (1)    2 :  0.040 0.242 0.238 0.481 
237 OmyJC19ROGR    (0)    2 :  0.081 0.180 0.255 0.484 
238 OmyJC19ROGR    (0)    2 :  0.114 0.066 0.432 0.387 
239 OmyJC19ROGR    (0)    2 :  0.107 0.119 0.168 0.606 
240 OmyJC19ROGR    (0)    2 :  0.066 0.159 0.540 0.235 
241 OmyJC19ROGR    (0)    2 :  0.129 0.534 0.200 0.137 
242 OmyJC19ROGR    (0)    2 :  0.023 0.237 0.145 0.595 
243 OmyJC19ROGR    (0)    2 :  0.070 0.449 0.271 0.210 
244 OmyJC19ROGR    (0)    2 :  0.093 0.484 0.279 0.144 
245 OmyJC19ROGR    (0)    2 :  0.926 0.020 0.028 0.026 
246 OmyJC19ROGR    (0)    2 :  0.213 0.555 0.116 0.117 
247 OmyJC19ROGR    (0)    2 :  0.648 0.140 0.118 0.094 
248 OmyJC19ROGR    (0)    2 :  0.577 0.105 0.163 0.155 
249 OmyJC19ROGR    (0)    2 :  0.090 0.069 0.587 0.254 
250 OmyJC19ROGR    (0)    2 :  0.111 0.137 0.331 0.420 
251 OmyJC19ROGR    (0)    2 :  0.058 0.121 0.597 0.224 
252 OmyJC19ROGR    (0)    2 :  0.043 0.821 0.069 0.067 
253 OmyJC19ROGR    (0)    2 :  0.119 0.113 0.339 0.429 
254 OmyJC19ROGR    (0)    2 :  0.087 0.552 0.196 0.165 
255 OmyJC19ROGR    (0)    2 :  0.046 0.640 0.198 0.117 
256 OmyJC19ROGR    (0)    2 :  0.340 0.411 0.156 0.094 
257 OmyJC19ROGR    (0)    2 :  0.097 0.088 0.673 0.142 
258 OmyAC19ROGR    (0)    1 :  0.217 0.198 0.253 0.331 
259 OmyAC19ROGR    (1)    1 :  0.471 0.089 0.148 0.291 
260 OmyAC19ROGR    (0)    1 :  0.032 0.072 0.202 0.694 
261 OmyAC19ROGR    (0)    1 :  0.080 0.063 0.439 0.419 
262 OmyAC19ROGR    (0)    1 :  0.138 0.171 0.316 0.375 
263 OmyAC19ROGR    (0)    1 :  0.071 0.569 0.194 0.166 
264 OmyAC19ROGR    (0)    1 :  0.082 0.165 0.468 0.285 
265 OmyAC19ROGR    (0)    1 :  0.057 0.313 0.340 0.290 
266 OmyAC19ROGR    (0)    1 :  0.034 0.067 0.733 0.166 
267 OmyAC19ROGR    (0)    1 :  0.175 0.146 0.382 0.297 
268 OmyAC19ROGR    (1)    1 :  0.203 0.511 0.122 0.164 
269 OmyAC19ROGR    (1)    1 :  0.206 0.075 0.409 0.311 
270 OmyAC19ROGR    (0)    1 :  0.045 0.528 0.312 0.115 
271 OmyAC19ROGR    (0)    1 :  0.334 0.109 0.229 0.327 
272 OmyAC19ROGR    (0)    1 :  0.210 0.056 0.448 0.286 
273 OmyAC19ROGR    (0)    1 :  0.052 0.249 0.351 0.348 
274 OmyAC19ROGR    (0)    1 :  0.812 0.050 0.087 0.051 
275 OmyAC19ROGR    (0)    1 :  0.135 0.406 0.162 0.297 
276 OmyAC19ROGR    (0)    1 :  0.092 0.141 0.249 0.517 
277 OmyAC19ROGR    (0)    1 :  0.107 0.052 0.315 0.526 
278 OmyAC19ROGR    (0)    1 :  0.364 0.081 0.307 0.247 
279 OmyAC19ROGR    (0)    1 :  0.235 0.063 0.164 0.538 
280 OmyAC19ROGR    (0)    1 :  0.164 0.422 0.254 0.159 
281 OmyAC19ROGR    (0)    1 :  0.066 0.150 0.315 0.470 
282 OmyAC19ROGR    (0)    1 :  0.225 0.219 0.278 0.278 
283 OmyAC19ROGR    (0)    1 :  0.053 0.089 0.362 0.496 
284 OmyAC19ROGR    (0)    1 :  0.037 0.204 0.516 0.243 
285 OmyAC19ROGR    (0)    1 :  0.062 0.366 0.249 0.323 
286 OmyAC19ROGR    (0)    1 :  0.034 0.284 0.359 0.324 
287 OmyAC19ROGR    (0)    1 :  0.957 0.013 0.015 0.015 
288 OmyAC19ROGR    (0)    1 :  0.804 0.046 0.062 0.088 
289 OmyAC19ROGR    (0)    1 :  0.175 0.108 0.294 0.423 
290 OmyAC19ROGR    (1)    1 :  0.938 0.020 0.020 0.022 
291 OmyAC19ROGR    (0)    1 :  0.452 0.191 0.191 0.166 
292 OmyAC19ROGR    (1)    1 :  0.203 0.081 0.351 0.365 
293 OmyAC19ROGR    (0)    1 :  0.030 0.740 0.125 0.105 
294 OmyAC19ROGR    (0)    1 :  0.414 0.074 0.245 0.267 
295 OmyAC19ROGR    (0)    1 :  0.041 0.197 0.385 0.377 
296 OmyAC19ROGR    (0)    1 :  0.047 0.154 0.235 0.565 
297 OmyAC19ROGR    (0)    1 :  0.793 0.035 0.088 0.084 
298 OmyAC19ROGR    (0)    1 :  0.039 0.068 0.352 0.541 
299 OmyAC19ROGR    (0)    1 :  0.298 0.333 0.128 0.242 
300 OmyAC19ROGR    (0)    1 :  0.048 0.172 0.322 0.458 
301 OmyAC19ROGR    (0)    1 :  0.905 0.023 0.037 0.035 
302 OmyAC19ROGR    (0)    1 :  0.515 0.081 0.167 0.237 
303 OmyAC19ROGR    (0)    1 :  0.141 0.075 0.364 0.420 
304 OmyAC19ROGR    (0)    1 :  0.178 0.110 0.173 0.539 
305 OmyAC19ROGR    (0)    1 :  0.050 0.104 0.336 0.510 
306 OmyAC19ROGR    (0)    1 :  0.724 0.027 0.175 0.074 
307 OmyAC19ROGR    (1)    1 :  0.035 0.372 0.310 0.282 
308 OmyAC19ROGR    (0)    1 :  0.124 0.097 0.385 0.394 
309 OmyAC19ROGR    (1)    1 :  0.897 0.034 0.037 0.033 
310 OmyAC19ROGR    (0)    1 :  0.432 0.099 0.289 0.180 
311 OmyAC19ROGR    (0)    1 :  0.512 0.076 0.147 0.265 
312 OmyAC19ROGR    (0)    1 :  0.047 0.588 0.181 0.184 
313 OmyAC19ROGR    (0)    1 :  0.026 0.158 0.391 0.425 
314 OmyAC19ROGR    (0)    1 :  0.058 0.693 0.117 0.132 
315 OmyAC19ROGR    (0)    1 :  0.086 0.140 0.517 0.258 
316 OmyAC19ROGR    (0)    1 :  0.049 0.113 0.503 0.335 
317 OmyAC19ROGR    (0)    1 :  0.066 0.579 0.144 0.211 
318 OmyAC19ROGR    (0)    1 :  0.035 0.498 0.286 0.181 
319 OmyAC19ROGR    (1)    1 :  0.028 0.164 0.456 0.352 
320 OmyAC19ROGR    (0)    1 :  0.017 0.087 0.593 0.302 
321 OmyAC19ROGR    (0)    1 :  0.040 0.100 0.459 0.400 
322 OmyAC19ROGR    (0)    1 :  0.552 0.091 0.182 0.174 
323 OmyAC19ROGR    (0)    1 :  0.032 0.041 0.539 0.387 
324 OmyAC19ROGR    (0)    1 :  0.036 0.215 0.483 0.266 
325 OmyAC19ROGR    (0)    1 :  0.413 0.070 0.320 0.197 
326 OmyAC19ROGR    (0)    1 :  0.074 0.059 0.586 0.281 
327 OmyAC19ROGR    (0)    1 :  0.050 0.237 0.319 0.394 
328 OmyAC20ROGR    (1)    1 :  0.044 0.216 0.282 0.458 
329 OmyAC20ROGR    (0)    1 :  0.102 0.474 0.170 0.254 
330 OmyAC20ROGR    (0)    1 :  0.096 0.263 0.346 0.296 
331 OmyAC20ROGR    (0)    1 :  0.349 0.179 0.309 0.163 
332 OmyAC20ROGR    (0)    1 :  0.276 0.328 0.228 0.169 
333 OmyAC20ROGR    (0)    1 :  0.353 0.301 0.224 0.122 
334 OmyAC20ROGR    (0)    1 :  0.028 0.699 0.075 0.198 
335 OmyAC20ROGR    (0)    1 :  0.065 0.274 0.368 0.292 
336 OmyAC20ROGR    (0)    1 :  0.178 0.181 0.281 0.360 
337 OmyAC20ROGR    (0)    1 :  0.492 0.104 0.216 0.187 
338 OmyAC20ROGR    (0)    1 :  0.188 0.393 0.217 0.201 
339 OmyAC20ROGR    (0)    1 :  0.135 0.123 0.393 0.350 
340 OmyAC20ROGR    (0)    1 :  0.061 0.815 0.069 0.055 
341 OmyAC20ROGR    (0)    1 :  0.106 0.681 0.116 0.096 
342 OmyAC20ROGR    (0)    1 :  0.213 0.313 0.232 0.243 
343 OmyAC20ROGR    (0)    1 :  0.087 0.475 0.256 0.182 
344 OmyAC20ROGR    (0)    1 :  0.215 0.466 0.205 0.115 
345 OmyAC20ROGR    (1)    1 :  0.192 0.071 0.431 0.306 
346 OmyAC20ROGR    (0)    1 :  0.252 0.215 0.342 0.191 
347 OmyAC20ROGR    (0)    1 :  0.294 0.144 0.365 0.197 
348 OmyAC20ROGR    (0)    1 :  0.239 0.553 0.115 0.093 
349 OmyAC20ROGR    (0)    1 :  0.075 0.516 0.256 0.153 
350 OmyAC20ROGR    (0)    1 :  0.106 0.116 0.338 0.441 
351 OmyAC20ROGR    (0)    1 :  0.164 0.323 0.236 0.276 
352 OmyAC20ROGR    (0)    1 :  0.068 0.114 0.302 0.515 
353 OmyAC20ROGR    (0)    1 :  0.042 0.168 0.573 0.217 
354 OmyAC20ROGR    (0)    1 :  0.314 0.434 0.115 0.137 
355 OmyAC20ROGR    (0)    1 :  0.092 0.479 0.161 0.268 
356 OmyAC20ROGR    (0)    1 :  0.061 0.193 0.234 0.512 
357 OmyAC20ROGR    (0)    1 :  0.128 0.086 0.473 0.313 
358 OmyAC20ROGR    (0)    1 :  0.060 0.103 0.433 0.403 
359 OmyAC20ROGR    (0)    1 :  0.236 0.031 0.149 0.584 
360 OmyAC20ROGR    (0)    1 :  0.280 0.189 0.314 0.216 
361 OmyAC20ROGR    (0)    1 :  0.049 0.063 0.556 0.332 
362 OmyAC20ROGR    (0)    1 :  0.062 0.062 0.465 0.410 
363 OmyAC20ROGR    (0)    1 :  0.171 0.404 0.262 0.163 
364 OmyAC20ROGR    (1)    1 :  0.050 0.516 0.125 0.309 
365 OmyAC20ROGR    (0)    1 :  0.029 0.103 0.500 0.367 
366 OmyAC20ROGR    (0)    1 :  0.044 0.345 0.486 0.125 
367 OmyAC20ROGR    (0)    1 :  0.134 0.126 0.510 0.230 
368 OmyAC20ROGR    (1)    1 :  0.092 0.059 0.216 0.632 
369 OmyAC20ROGR    (0)    1 :  0.355 0.261 0.186 0.198 
370 OmyAC20ROGR    (0)    1 :  0.756 0.079 0.071 0.095 
371 OmyAC20ROGR    (0)    1 :  0.860 0.034 0.050 0.056 
372 OmyAC20ROGR    (2)    1 :  0.920 0.018 0.034 0.028 
373 OmyAC20ROGR    (0)    1 :  0.486 0.056 0.295 0.163 
374 OmyAC20ROGR    (0)    1 :  0.038 0.251 0.354 0.356 
375 OmyAC20ROGR    (0)    1 :  0.100 0.091 0.545 0.263 
376 OmyAC20ROGR    (0)    1 :  0.579 0.112 0.127 0.181 
377 OmyAC20ROGR    (0)    1 :  0.030 0.410 0.383 0.177 
378 OmyAC20ROGR    (0)    1 :  0.028 0.272 0.242 0.457 
379 OmyAC20ROGR    (0)    1 :  0.493 0.195 0.158 0.154 
380 OmyAC20ROGR    (1)    1 :  0.036 0.101 0.670 0.193 
381 OmyAC20ROGR    (0)    1 :  0.126 0.061 0.346 0.467 
382 OmyAC20ROGR    (0)    1 :  0.876 0.024 0.060 0.039 
383 OmyAC20ROGR    (0)    1 :  0.194 0.040 0.468 0.299 
384 OmyAC20ROGR    (0)    1 :  0.401 0.210 0.169 0.221 
385 OmyAC20ROGR    (0)    1 :  0.280 0.039 0.311 0.370 
386 OmyAC20ROGR    (0)    1 :  0.167 0.147 0.473 0.213 
387 OmyAC20ROGR    (0)    1 :  0.365 0.046 0.351 0.237 
388 OmyAC20ROGR    (0)    1 :  0.330 0.382 0.160 0.129 
389 OmyAC20ROGR    (0)    1 :  0.039 0.060 0.428 0.473 
390 OmyAC20ROGR    (0)    1 :  0.029 0.138 0.429 0.404 
391 OmyAC20ROGR    (0)    1 :  0.468 0.225 0.157 0.149 
392 OmyAC20ROGR    (0)    1 :  0.353 0.205 0.214 0.228 
393 OmyAC20ROGR    (0)    1 :  0.089 0.319 0.396 0.196 
394 OmyAC20ROGR    (1)    1 :  0.121 0.070 0.203 0.606 
395 OmyAC20ROGR    (0)    1 :  0.089 0.298 0.270 0.342 
396 OmyAC20ROGR    (0)    1 :  0.063 0.105 0.397 0.435 
397 OmyAC20ROGR    (0)    1 :  0.303 0.063 0.371 0.263 
398 OmyAC20ROGR    (0)    1 :  0.732 0.131 0.068 0.068 
399 OmyAC20ROGR    (0)    1 :  0.256 0.148 0.362 0.233 
400 OmyAC20ROGR    (0)    1 :  0.171 0.160 0.315 0.353 
401 OmyAC20ROGR    (1)    1 :  0.865 0.061 0.034 0.040 
402 OmyAC20ROGR    (0)    1 :  0.038 0.625 0.171 0.165 
403 OmyAC20ROGR    (0)    1 :  0.186 0.399 0.144 0.272 
404 OmyAC20ROGR    (0)    1 :  0.030 0.406 0.291 0.273 
405 OmyAC20ROGR    (0)    1 :  0.377 0.054 0.351 0.217 
406 OmyAC20ROGR    (0)    1 :  0.102 0.361 0.249 0.288 
407 OmyAC20ROGR    (0)    1 :  0.070 0.046 0.517 0.367 
408 OmyAC20ROGR    (0)    1 :  0.112 0.321 0.310 0.256 
409 OmyAC20ROGR    (0)    1 :  0.075 0.043 0.426 0.456 
410 OmyAC20ROGR    (0)    1 :  0.910 0.017 0.035 0.038 
411 OmyAC20ROGR    (0)    1 :  0.617 0.083 0.136 0.164 
412 OmyAC20ROGR    (0)    1 :  0.144 0.403 0.268 0.185 
413 OmyAC20ROGR    (0)    1 :  0.057 0.049 0.414 0.480 
414 OmyAC20ROGR    (0)    1 :  0.397 0.302 0.099 0.202 
415 OmyAC20ROGR    (0)    1 :  0.038 0.257 0.264 0.440 
416 OmyAC20ROGR    (0)    1 :  0.095 0.303 0.335 0.268 
417 OmyAC20ROGR    (0)    1 :  0.037 0.180 0.409 0.374 
418 OmyAC20ROGR    (0)    1 :  0.197 0.119 0.309 0.375 
419 OmyAC20ROGR    (0)    1 :  0.438 0.055 0.230 0.276 
420 OmyAC20ROGR    (0)    1 :  0.040 0.306 0.290 0.364 
421 OmyAC20ROGR    (0)    1 :  0.126 0.306 0.342 0.226 
422 OmyAC20ROGR    (0)    1 :  0.908 0.031 0.029 0.033 
423 OmyAC20ROGR    (0)    1 :  0.042 0.038 0.689 0.232 
424 OmyAC20ROGR    (0)    1 :  0.032 0.061 0.384 0.523 
425 OmyAC20ROGR    (0)    1 :  0.877 0.073 0.024 0.026 
426 OmyAC20ROGR    (0)    1 :  0.115 0.086 0.437 0.362 
427 OmyAC20ROGR    (0)    1 :  0.229 0.097 0.375 0.299 
428 OmyAC20ROGR    (0)    1 :  0.930 0.025 0.022 0.023 
429 OmyAC20ROGR    (0)    1 :  0.035 0.112 0.370 0.483 
430 OmyAC20ROGR    (0)    1 :  0.121 0.052 0.345 0.482 
431 OmyAC20ROGR    (0)    1 :  0.544 0.135 0.157 0.165 
432 OmyAC20ROGR    (0)    1 :  0.876 0.038 0.046 0.040 
433 OmyAC20ROGR    (0)    1 :  0.898 0.044 0.027 0.031 
434 OmyAC20ROGR    (0)    1 :  0.244 0.040 0.257 0.459 
435 OmyAC20ROGR    (0)    1 :  0.025 0.215 0.542 0.217 
436 OmyAC20ROGR    (0)    1 :  0.057 0.037 0.658 0.247 
437 OmyAC20ROGR    (0)    1 :  0.675 0.067 0.116 0.143 
438 OmyAC20ROGR    (0)    1 :  0.429 0.076 0.181 0.315 
439 OmyAC20ROGR    (0)    1 :  0.074 0.078 0.480 0.368 
440 OmyAC20ROGR    (0)    1 :  0.801 0.062 0.083 0.053 
441 OmyAC20ROGR    (0)    1 :  0.030 0.143 0.342 0.485 
442 OmyAC20ROGR    (0)    1 :  0.085 0.095 0.342 0.478 
443 OmyAC20ROGR    (0)    1 :  0.026 0.563 0.102 0.309 
444 OmyAC20ROGR    (0)    1 :  0.133 0.053 0.481 0.333 
445 OmyAC20ROGR    (0)    1 :  0.127 0.070 0.379 0.424 
446 OmyJC18ROGR    (0)    2 :  0.068 0.625 0.149 0.158 
447 OmyJC18ROGR    (0)    2 :  0.066 0.111 0.544 0.279 
448 OmyJC18ROGR    (0)    2 :  0.082 0.050 0.600 0.268 
449 OmyJC18ROGR    (0)    2 :  0.713 0.086 0.091 0.109 
450 OmyJC18ROGR    (0)    2 :  0.703 0.102 0.070 0.124 
451 OmyJC18ROGR    (0)    2 :  0.881 0.031 0.036 0.051 
452 OmyJC18ROGR    (0)    2 :  0.324 0.266 0.182 0.228 
453 OmyJC18ROGR    (0)    2 :  0.040 0.677 0.105 0.177 
454 OmyJC18ROGR    (0)    2 :  0.883 0.032 0.042 0.043 
455 OmyJC18ROGR    (0)    2 :  0.044 0.070 0.409 0.477 
456 OmyJC18ROGR    (0)    2 :  0.864 0.031 0.053 0.051 
457 OmyJC18ROGR    (0)    2 :  0.061 0.078 0.603 0.259 
458 OmyJC18ROGR    (0)    2 :  0.187 0.513 0.149 0.151 
459 OmyJC18ROGR    (0)    2 :  0.026 0.382 0.221 0.371 
460 OmyJC18ROGR    (2)    2 :  0.475 0.099 0.133 0.292 
461 OmyJC18ROGR    (1)    2 :  0.364 0.293 0.163 0.181 
462 OmyJC18ROGR    (3)    2 :  0.430 0.192 0.136 0.241 
463 OmyJC18ROGR    (1)    2 :  0.748 0.086 0.083 0.083 
464 OmyJC18ROGR    (3)    2 :  0.032 0.051 0.653 0.264 
465 OmyJC18ROGR    (3)    2 :  0.071 0.062 0.420 0.446 
466 OmyJC18ROGR    (0)    2 :  0.204 0.118 0.363 0.314 
467 OmyJC18ROGR    (1)    2 :  0.050 0.094 0.300 0.556 
468 OmyJC18ROGR    (0)    2 :  0.070 0.060 0.349 0.521 
469 OmyJC18ROGR    (0)    2 :  0.796 0.049 0.061 0.094 
470 OmyJC18ROGR    (3)    2 :  0.588 0.093 0.161 0.157 
471 OmyJC18ROGR    (1)    2 :  0.355 0.181 0.229 0.234 
472 OmyJC18ROGR    (1)    2 :  0.113 0.088 0.484 0.315 
473 OmyJC18ROGR    (2)    2 :  0.037 0.093 0.671 0.199 
474 OmyJC18ROGR    (0)    2 :  0.055 0.592 0.210 0.142 
475 OmyJC18ROGR    (1)    2 :  0.689 0.201 0.048 0.061 
476 OmyJC18ROGR    (2)    2 :  0.026 0.464 0.266 0.244 
477 OmyJC18ROGR    (3)    2 :  0.122 0.101 0.206 0.571 
478 OmyJC18ROGR    (0)    2 :  0.069 0.517 0.245 0.168 
479 OmyJC18ROGR    (0)    2 :  0.029 0.090 0.529 0.351 
480 OmyJC18ROGR    (0)    2 :  0.183 0.104 0.405 0.307 
481 OmyJC18ROGR    (2)    2 :  0.266 0.253 0.279 0.202 
482 OmyJC18ROGR    (3)    2 :  0.025 0.107 0.213 0.654 
483 OmyJC18ROGR    (3)    2 :  0.052 0.046 0.344 0.559 
484 OmyJC18ROGR    (3)    2 :  0.063 0.245 0.180 0.512 
485 OmyJC18ROGR    (2)    2 :  0.685 0.063 0.147 0.104 
486 OmyJC18ROGR    (2)    2 :  0.462 0.095 0.174 0.269 
487 OmyJC18ROGR    (1)    2 :  0.139 0.524 0.180 0.156 
488 OmyJC18ROGR    (3)    2 :  0.089 0.182 0.380 0.349 
489 OmyJC18ROGR    (0)    2 :  0.045 0.268 0.329 0.359 
490 OmyJC18ROGR    (2)    2 :  0.110 0.164 0.271 0.455 
491 OmyJC18ROGR    (4)    2 :  0.159 0.600 0.108 0.133 
492 OmyJC18ROGR    (4)    2 :  0.029 0.783 0.089 0.100 
493 OmyJC18ROGR    (3)    2 :  0.166 0.073 0.402 0.359 
494 OmyJC18ROGR    (3)    2 :  0.887 0.027 0.046 0.040 
495 OmyJC18ROGR    (3)    2 :  0.185 0.584 0.139 0.092 
496 OmyJC18ROGR    (0)    2 :  0.101 0.357 0.223 0.319 
497 OmyJC18ROGR    (5)    2 :  0.133 0.250 0.255 0.362 
498 OmyJC18ROGR    (3)    2 :  0.279 0.225 0.273 0.223 
499 OmyJC18ROGR    (1)    2 :  0.063 0.247 0.250 0.441 
500 OmyJC18ROGR    (1)    2 :  0.033 0.174 0.343 0.450 
501 OmyJC18ROGR    (3)    2 :  0.522 0.119 0.216 0.143 
502 OmyJC18ROGR    (1)    2 :  0.247 0.049 0.266 0.438 
503 OmyJC18ROGR    (4)    2 :  0.065 0.034 0.600 0.300 
504 OmyJC18ROGR    (1)    2 :  0.364 0.051 0.169 0.417 
505 OmyJC18ROGR    (0)    2 :  0.279 0.361 0.157 0.204 
506 OmyJC18ROGR    (6)    2 :  0.087 0.414 0.255 0.243 
507 OmyJC18ROGR    (0)    2 :  0.183 0.103 0.362 0.352 
508 OmyJC18ROGR    (0)    2 :  0.105 0.100 0.273 0.522 
509 OmyJC18ROGR    (2)    2 :  0.903 0.034 0.028 0.035 
510 OmyJC18ROGR    (1)    2 :  0.039 0.193 0.289 0.479 
511 OmyJC18ROGR    (3)    2 :  0.146 0.704 0.073 0.076 
512 OmyJC18ROGR    (2)    2 :  0.800 0.035 0.082 0.082 
513 OmyJC18ROGR    (7)    2 :  0.230 0.540 0.107 0.123 
514 OmyJC18ROGR    (3)    2 :  0.600 0.227 0.090 0.083 
515 OmyJC18ROGR    (0)    2 :  0.093 0.165 0.352 0.390 
516 OmyJC18ROGR    (2)    2 :  0.239 0.138 0.466 0.157 
517 OmyJC18ROGR    (2)    2 :  0.292 0.356 0.164 0.188 
518 OmyJC18ROGR    (0)    2 :  0.056 0.102 0.447 0.394 
519 OmyJC18ROGR    (7)    2 :  0.080 0.756 0.103 0.061 
520 OmyJC18ROGR    (4)    2 :  0.250 0.496 0.146 0.108 
521 OmyJC18ROGR    (1)    2 :  0.234 0.372 0.196 0.198 
522 OmyJC18ROGR    (1)    2 :  0.162 0.055 0.356 0.426 
523 OmyJC18ROGR    (3)    2 :  0.068 0.134 0.278 0.520 
524 OmyJC18ROGR    (1)    2 :  0.052 0.054 0.402 0.491 
525 OmyJC18ROGR    (2)    2 :  0.199 0.387 0.127 0.288 
526 OmyJC18ROGR    (1)    2 :  0.100 0.370 0.212 0.319 
527 OmyJC18ROGR    (0)    2 :  0.046 0.401 0.312 0.242 
528 OmyJC18ROGR    (0)    2 :  0.057 0.096 0.496 0.351 
529 OmyJC18ROGR    (1)    2 :  0.038 0.113 0.624 0.225 
530 OmyJC18ROGR    (0)    2 :  0.037 0.051 0.287 0.626 
531 OmyJC18ROGR    (0)    2 :  0.055 0.046 0.681 0.218 
532 OmyJC18ROGR    (1)    2 :  0.031 0.069 0.378 0.522 
533 OmyJC18ROGR    (2)    2 :  0.026 0.241 0.561 0.173 
534 OmyJC18ROGR    (2)    2 :  0.078 0.097 0.452 0.374 
535 OmyJC18ROGR    (0)    2 :  0.067 0.472 0.231 0.230 
536 OmyJC18ROGR    (0)    2 :  0.046 0.800 0.095 0.059 
537 OmyJC18ROGR    (0)    2 :  0.039 0.491 0.248 0.222 
538 OmyJC18ROGR    (0)    2 :  0.049 0.048 0.739 0.165 
539 OmyJC18ROGR    (1)    2 :  0.070 0.112 0.354 0.464 
540 OmyJC18ROGR    (6)    2 :  0.061 0.185 0.422 0.331 
541 OmyJC18ROGR    (1)    2 :  0.074 0.181 0.594 0.152 
542 OmyJC18ROGR    (1)    2 :  0.214 0.185 0.356 0.246 
543 OmyJC18ROGR    (0)    2 :  0.267 0.102 0.381 0.249 
544 OmyJC18ROGR    (2)    2 :  0.050 0.297 0.391 0.262 
545 OmyJC18ROGR    (1)    2 :  0.642 0.025 0.097 0.236 
546 OmyJC18ROGR    (6)    2 :  0.025 0.060 0.733 0.181 
547 OmyJC18ROGR    (0)    2 :  0.135 0.034 0.480 0.350 
548 OmyJC18ROGR    (1)    2 :  0.215 0.247 0.307 0.231 
549 OmyJC18ROGR    (0)    2 :  0.055 0.078 0.632 0.234 
550 OmyJC18ROGR    (1)    2 :  0.807 0.073 0.062 0.058 
551 OmyJC18ROGR    (1)    2 :  0.069 0.686 0.120 0.125 
552 OmyJC18ROGR    (2)    2 :  0.126 0.084 0.561 0.229 
553 OmyJC18ROGR    (7)    2 :  0.089 0.180 0.415 0.315 
554 OmyJC18ROGR    (2)    2 :  0.038 0.163 0.543 0.257 
555 OmyJC18ROGR    (3)    2 :  0.049 0.289 0.343 0.319 
556 OmyJC18ROGR    (0)    2 :  0.089 0.782 0.088 0.041 
557 OmyJC18ROGR    (1)    2 :  0.572 0.102 0.143 0.183 
558 OmyJC18ROGR    (0)    2 :  0.174 0.709 0.054 0.063 
559 OmyJC18ROGR    (0)    2 :  0.031 0.073 0.155 0.741 
560 OmyJC18ROGR    (5)    2 :  0.134 0.314 0.161 0.391 
561 OmyJC18ROGR    (0)    2 :  0.031 0.048 0.330 0.591 
562 OmyJC18ROGR    (6)    2 :  0.059 0.450 0.351 0.140 
563 OmyJC18ROGR    (2)    2 :  0.086 0.266 0.404 0.244 
564 OmyJC18ROGR    (3)    2 :  0.354 0.417 0.144 0.086 
565 OmyJC18ROGR    (3)    2 :  0.114 0.222 0.279 0.385 
566 OmyJC18ROGR    (1)    2 :  0.083 0.066 0.282 0.570 
567 OmyJC18ROGR    (0)    2 :  0.033 0.097 0.189 0.681 
568 OmyJC18ROGR    (3)    2 :  0.153 0.418 0.321 0.108 
569 OmyJC18ROGR    (2)    2 :  0.070 0.130 0.367 0.433 
570 OmyJC18ROGR    (0)    2 :  0.087 0.053 0.417 0.443 
571 OmyJC18ROGR    (1)    2 :  0.027 0.040 0.532 0.400 
572 OmyJC18ROGR    (4)    2 :  0.065 0.551 0.146 0.238 
573 OmyJC18ROGR    (3)    2 :  0.523 0.151 0.133 0.192 
574 OmyJC18ROGR    (5)    2 :  0.233 0.157 0.423 0.187 
575 OmyJC18ROGR    (3)    2 :  0.037 0.457 0.349 0.157 
576 OmyJC18ROGR    (0)    2 :  0.081 0.242 0.430 0.247 
577 OmyJC18ROGR    (0)    2 :  0.876 0.026 0.051 0.047 
578 OmyJC18ROGR    (1)    2 :  0.043 0.064 0.446 0.446 
579 OmyJC18ROGR    (0)    2 :  0.796 0.085 0.051 0.068 
580 OmyJC18ROGR    (0)    2 :  0.024 0.360 0.279 0.337 
581 OmyJC18ROGR    (3)    2 :  0.077 0.093 0.290 0.540 
582 OmyJC18ROGR    (6)    2 :  0.037 0.308 0.318 0.336 
583 OmyJC18ROGR    (3)    2 :  0.045 0.465 0.354 0.136 
584 OmyJC18ROGR    (3)    2 :  0.098 0.273 0.323 0.307 
585 OmyJC18ROGR    (1)    2 :  0.096 0.129 0.411 0.363 
586 OmyJC18ROGR    (1)    2 :  0.021 0.106 0.573 0.300 
587 OmyJC18ROGR    (0)    2 :  0.927 0.020 0.028 0.024 
588 OmyJC18ROGR    (0)    2 :  0.255 0.534 0.078 0.133 
589 OmyJC18ROGR    (1)    2 :  0.087 0.169 0.511 0.233 
590 OmyJC18ROGR    (2)    2 :  0.013 0.037 0.655 0.295 
591 OmyJC18ROGR    (0)    2 :  0.070 0.167 0.430 0.333 
592 OmyJC18ROGR    (3)    2 :  0.087 0.100 0.493 0.320 
593 OmyJC18ROGR    (0)    2 :  0.153 0.412 0.173 0.262 
594 OmyJC18ROGR    (1)    2 :  0.049 0.119 0.382 0.449 
595 OmyJC18ROGR    (0)    2 :  0.110 0.550 0.165 0.175 
596 OmyJC18ROGR    (1)    2 :  0.123 0.141 0.396 0.340 
597 OmyJC18ROGR    (0)    2 :  0.087 0.247 0.384 0.282 
598 OmyJC18ROGR    (1)    2 :  0.082 0.074 0.403 0.441 
599 OmyJC18ROGR    (0)    2 :  0.069 0.086 0.498 0.347 
600 OmyJC18ROGR    (0)    2 :  0.048 0.547 0.226 0.179 
601 OmyJC18ROGR    (0)    2 :  0.052 0.295 0.289 0.364 
602 OmyJC18ROGR    (0)    2 :  0.111 0.093 0.218 0.578 
603 OmyJC18ROGR    (0)    2 :  0.045 0.453 0.282 0.220 
604 OmyJC18ROGR    (0)    2 :  0.062 0.256 0.413 0.268 
605 OmyJC18ROGR    (0)    2 :  0.037 0.778 0.080 0.105 
606 OmyJC18ROGR    (0)    2 :  0.083 0.391 0.360 0.166 
607 OmyJC18ROGR    (0)    2 :  0.070 0.079 0.333 0.518 
608 OmyJC18ROGR    (0)    2 :  0.033 0.039 0.505 0.423 
609 OmyJC18ROGR    (0)    2 :  0.067 0.673 0.100 0.159 
610 OmyJC18ROGR    (4)    2 :  0.830 0.098 0.034 0.038 
611 OmyJC18ROGR    (0)    2 :  0.312 0.334 0.164 0.190 
612 OmyJC18ROGR    (2)    2 :  0.062 0.195 0.464 0.279 
613 OmyJC18ROGR    (0)    2 :  0.113 0.257 0.404 0.226 
614 OmyJC18ROGR    (0)    2 :  0.135 0.040 0.614 0.210 
615 OmyJC18ROGR    (0)    2 :  0.026 0.274 0.538 0.163 
616 OmyJC18ROGR    (0)    2 :  0.162 0.331 0.156 0.351 
617 OmyJC18ROGR    (0)    2 :  0.057 0.272 0.300 0.370 
618 OmyJC18ROGR    (0)    2 :  0.130 0.050 0.446 0.374 
619 OmyJC18ROGR    (0)    2 :  0.042 0.543 0.235 0.179 
620 OmyJC18ROGR    (0)    2 :  0.184 0.542 0.127 0.147 
621 OmyJC18ROGR    (1)    2 :  0.112 0.337 0.233 0.318 
622 OmyJC18ROGR    (2)    2 :  0.073 0.661 0.125 0.141 
623 OmyJC18ROGR    (1)    2 :  0.078 0.094 0.505 0.322 
624 OmyJC18ROGR    (2)    2 :  0.064 0.110 0.674 0.151 
625 OmyJC18ROGR    (0)    2 :  0.130 0.056 0.601 0.213 
626 OmyJC18ROGR    (6)    2 :  0.047 0.158 0.613 0.182 
627 OmyJC18ROGR    (0)    2 :  0.189 0.319 0.309 0.183 
628 OmyJC18ROGR    (0)    2 :  0.945 0.021 0.017 0.018 
629 OmyJC18ROGR    (1)    2 :  0.158 0.571 0.155 0.116 
630 OmyJC18ROGR    (1)    2 :  0.032 0.671 0.151 0.147 
631 OmyJC18ROGR    (3)    2 :  0.045 0.092 0.476 0.387 
632 OmyJC18ROGR    (0)    2 :  0.036 0.848 0.060 0.055 
633 OmyJC18ROGR    (4)    2 :  0.053 0.191 0.384 0.373 
634 OmyJC18ROGR    (2)    2 :  0.395 0.419 0.116 0.070 
635 OmyJC18ROGR    (0)    2 :  0.031 0.383 0.190 0.396 
636 OmyJC18ROGR    (0)    2 :  0.544 0.161 0.113 0.182 
637 OmyJC18ROGR    (0)    2 :  0.121 0.280 0.439 0.160 
638 OmyJC18ROGR    (0)    2 :  0.054 0.251 0.149 0.546 
639 OmyJC18ROGR    (1)    2 :  0.143 0.156 0.370 0.331 
640 OmyJC18ROGR    (1)    2 :  0.405 0.088 0.342 0.165 
641 OmyJC18ROGR    (0)    2 :  0.318 0.392 0.115 0.175 
642 OmyJC18ROGR    (3)    2 :  0.129 0.140 0.535 0.196 
643 OmyJC18ROGR    (1)    2 :  0.057 0.375 0.230 0.337 
644 OmyJC18ROGR    (7)    2 :  0.020 0.089 0.488 0.403 
645 OmyJC18ROGR    (4)    2 :  0.119 0.121 0.369 0.391 
646 OmyJC18ROGR    (0)    2 :  0.035 0.281 0.265 0.419 
647 OmyJC18ROGR    (1)    2 :  0.040 0.056 0.498 0.406 
648 OmyJC18ROGR    (1)    2 :  0.096 0.519 0.224 0.161 
649 OmyJC18ROGR    (0)    2 :  0.051 0.131 0.278 0.540 
650 OmyJC18ROGR    (1)    2 :  0.022 0.167 0.484 0.327 
651 OmyJC18ROGR    (5)    2 :  0.879 0.052 0.031 0.037 
652 OmyJC18ROGR    (1)    2 :  0.152 0.276 0.342 0.230 
653 OmyJC18ROGR    (3)    2 :  0.087 0.443 0.164 0.305 
654 OmyJC18ROGR    (1)    2 :  0.128 0.077 0.481 0.315 
655 OmyJC18ROGR    (2)    2 :  0.298 0.114 0.271 0.317 
656 OmyJC18ROGR    (0)    2 :  0.032 0.106 0.522 0.340 
657 OmyJC18ROGR    (0)    2 :  0.053 0.397 0.291 0.260 
658 OmyJC18ROGR    (0)    2 :  0.060 0.187 0.270 0.483 
659 OmyJC18ROGR    (5)    2 :  0.018 0.343 0.289 0.350 
660 OmyJC18ROGR    (3)    2 :  0.140 0.173 0.325 0.362 
661 OmyJC18ROGR    (2)    2 :  0.026 0.463 0.312 0.199 
662 OmyJC18ROGR    (1)    2 :  0.097 0.504 0.265 0.134 
663 OmyJC18ROGR    (2)    2 :  0.311 0.250 0.180 0.258 
664 OmyJC18ROGR    (0)    2 :  0.048 0.439 0.261 0.252 
665 OmyJC18ROGR    (0)    2 :  0.116 0.553 0.191 0.139 
666 OmyJC18ROGR    (0)    2 :  0.834 0.043 0.060 0.063 
667 OmyJC18ROGR    (0)    2 :  0.387 0.257 0.108 0.248 
668 OmyJC18ROGR    (2)    2 :  0.278 0.087 0.321 0.314 
669 OmyJC18ROGR    (4)    2 :  0.137 0.071 0.322 0.469 
670 OmyJC18ROGR    (6)    2 :  0.046 0.030 0.336 0.588 
671 OmyJC18ROGR    (3)    2 :  0.036 0.850 0.061 0.053 
672 OmyJC18ROGR    (0)    2 :  0.027 0.653 0.159 0.161 
673 OmyJC18ROGR    (4)    2 :  0.027 0.440 0.173 0.360 
674 OmyJC18ROGR    (0)    2 :  0.133 0.316 0.220 0.331 
675 OmyJC18ROGR    (0)    2 :  0.059 0.321 0.299 0.321 
