

----------------------------------------------------
STRUCTURE by Pritchard, Stephens and Donnelly (2000)
     and Falush, Stephens and Pritchard (2003)
       Code by Pritchard, Falush and Hubisz
             Version 2.3.4 (Jul 2012)
----------------------------------------------------



Command line arguments:   bin/structure -m "/Users/ddayan/FRA/premature_migration/Rogue_Half-Pounder/half-pounder/structure/halfpounder_2021/10k_20k_adm_corr/mainparams" -e "/Users/ddayan/FRA/premature_migration/Rogue_Half-Pounder/half-pounder/structure/halfpounder_2021/10k_20k_adm_corr/extraparams" 
Input File:    /Users/ddayan/FRA/premature_migration/Rogue_Half-Pounder/half-pounder/structure/halfpounder_2021/project_data

Run parameters:
   1000 individuals
   328 loci
   6 populations assumed
   10000 Burn-in period
   20000 Reps


--------------------------------------------
Proportion of membership of each pre-defined
 population in each of the 6 clusters

Given    Inferred Clusters                            Number of
 Pop       1      2      3      4      5      6      Individuals

  1:     0.135  0.173  0.164  0.174  0.172  0.184      275
  2:     0.156  0.165  0.171  0.170  0.164  0.174      643
  3:     0.656  0.083  0.063  0.058  0.101  0.039       42
  4:     0.063  0.198  0.274  0.233  0.189  0.043       40
--------------------------------------------

Allele-freq. divergence among pops (Net nucleotide distance),
computed using point estimates of P.

      1       2       3       4       5       6      
 1      -    0.0034  0.0044  0.0042  0.0030  0.0119  
 2   0.0034     -    0.0015  0.0014  0.0008  0.0089  
 3   0.0044  0.0015     -    0.0015  0.0010  0.0091  
 4   0.0042  0.0014  0.0015     -    0.0010  0.0093  
 5   0.0030  0.0008  0.0010  0.0010     -    0.0082  
 6   0.0119  0.0089  0.0091  0.0093  0.0082     -    

Average distances (expected heterozygosity) between individuals in same cluster:
cluster  1  : 0.2859 
cluster  2  : 0.2920 
cluster  3  : 0.2917 
cluster  4  : 0.2910 
cluster  5  : 0.2919 
cluster  6  : 0.2587 

--------------------------------------------
Estimated Ln Prob of Data   = -287578.2
Mean value of ln likelihood = -283335.2
Variance of ln likelihood   = 8485.9
Mean value of alpha         = 0.1629

Mean value of Fst_1         = 0.0278
Mean value of Fst_2         = 0.0133
Mean value of Fst_3         = 0.0162
Mean value of Fst_4         = 0.0147
Mean value of Fst_5         = 0.0104
Mean value of Fst_6         = 0.0766


Inferred ancestry of individuals:
        Label (%Miss) Pop:  Inferred clusters
  1 OmyAC19ROGR    (0)    1 :  0.228 0.172 0.066 0.247 0.272 0.015 
  2 OmyAC19ROGR    (0)    1 :  0.090 0.496 0.029 0.124 0.209 0.052 
  3 OmyAC19ROGR    (0)    1 :  0.157 0.346 0.044 0.234 0.169 0.050 
  4 OmyAC19ROGR    (0)    1 :  0.100 0.146 0.388 0.254 0.094 0.017 
  5 OmyAC19ROGR    (1)    1 :  0.011 0.011 0.013 0.011 0.016 0.938 
  6 OmyAC19ROGR    (0)    1 :  0.040 0.123 0.052 0.511 0.147 0.127 
  7 OmyAC19ROGR    (0)    1 :  0.097 0.102 0.282 0.127 0.207 0.185 
  8 OmyAC19ROGR    (0)    1 :  0.107 0.486 0.253 0.070 0.073 0.012 
  9 OmyAC19ROGR    (0)    1 :  0.100 0.132 0.052 0.219 0.308 0.189 
 10 OmyAC19ROGR    (0)    1 :  0.114 0.168 0.071 0.061 0.156 0.430 
 11 OmyAC19ROGR    (0)    1 :  0.133 0.051 0.355 0.333 0.083 0.044 
 12 OmyAC19ROGR    (0)    1 :  0.042 0.096 0.077 0.602 0.119 0.065 
 13 OmyAC19ROGR    (0)    1 :  0.099 0.315 0.458 0.048 0.058 0.022 
 14 OmyAC19ROGR    (0)    1 :  0.022 0.079 0.251 0.096 0.108 0.444 
 15 OmyAC19ROGR    (0)    1 :  0.032 0.055 0.392 0.064 0.051 0.406 
 16 OmyAC19ROGR    (0)    1 :  0.114 0.139 0.338 0.170 0.173 0.065 
 17 OmyAC19ROGR    (0)    1 :  0.014 0.546 0.162 0.154 0.064 0.060 
 18 OmyAC19ROGR    (2)    1 :  0.174 0.327 0.191 0.051 0.234 0.022 
 19 OmyAC19ROGR    (1)    1 :  0.099 0.217 0.343 0.047 0.257 0.037 
 20 OmyAC19ROGR    (0)    1 :  0.023 0.086 0.177 0.364 0.120 0.230 
 21 OmyAC19ROGR    (1)    1 :  0.080 0.269 0.200 0.111 0.153 0.187 
 22 OmyAC19ROGR    (0)    1 :  0.203 0.213 0.127 0.133 0.268 0.055 
 23 OmyAC19ROGR    (0)    1 :  0.085 0.347 0.060 0.112 0.170 0.226 
 24 OmyAC19ROGR    (0)    1 :  0.796 0.039 0.034 0.088 0.029 0.015 
 25 OmyAC19ROGR    (0)    1 :  0.060 0.241 0.315 0.078 0.111 0.195 
 26 OmyAC19ROGR    (0)    1 :  0.230 0.284 0.061 0.101 0.240 0.084 
 27 OmyAC19ROGR    (1)    1 :  0.050 0.053 0.640 0.112 0.116 0.030 
 28 OmyAC19ROGR    (0)    1 :  0.827 0.037 0.028 0.038 0.046 0.023 
 29 OmyAC19ROGR    (0)    1 :  0.058 0.330 0.109 0.147 0.314 0.042 
 30 OmyAC19ROGR    (0)    1 :  0.034 0.110 0.036 0.034 0.112 0.674 
 31 OmyAC19ROGR    (0)    1 :  0.084 0.272 0.130 0.344 0.140 0.031 
 32 OmyAC19ROGR    (0)    1 :  0.160 0.246 0.214 0.075 0.196 0.110 
 33 OmyAC19ROGR    (1)    1 :  0.280 0.112 0.082 0.277 0.156 0.093 
 34 OmyAC19ROGR    (0)    1 :  0.053 0.121 0.192 0.039 0.090 0.504 
 35 OmyAC19ROGR    (0)    1 :  0.263 0.346 0.096 0.105 0.138 0.052 
 36 OmyAC19ROGR    (0)    1 :  0.083 0.333 0.145 0.147 0.184 0.108 
 37 OmyAC19ROGR    (0)    1 :  0.619 0.070 0.083 0.059 0.096 0.073 
 38 OmyAC19ROGR    (0)    1 :  0.360 0.085 0.050 0.056 0.043 0.406 
 39 OmyAC19ROGR    (0)    1 :  0.031 0.609 0.064 0.048 0.198 0.050 
 40 OmyAC19ROGR    (0)    1 :  0.021 0.097 0.161 0.306 0.149 0.266 
 41 OmyAC19ROGR    (1)    1 :  0.078 0.071 0.422 0.218 0.175 0.036 
 42 OmyAC19ROGR    (0)    1 :  0.020 0.042 0.035 0.041 0.032 0.831 
 43 OmyAC19ROGR    (0)    1 :  0.127 0.305 0.051 0.351 0.130 0.035 
 44 OmyAC19ROGR    (6)    1 :  0.064 0.265 0.057 0.430 0.156 0.027 
 45 OmyAC19ROGR    (1)    1 :  0.256 0.110 0.059 0.171 0.106 0.299 
 46 OmyAC19ROGR    (0)    1 :  0.306 0.204 0.078 0.084 0.265 0.063 
 47 OmyAC19ROGR    (0)    1 :  0.665 0.065 0.053 0.064 0.100 0.052 
 48 OmyAC19ROGR    (0)    1 :  0.101 0.220 0.080 0.259 0.314 0.027 
 49 OmyAC19ROGR    (0)    1 :  0.227 0.175 0.184 0.227 0.160 0.028 
 50 OmyAC19ROGR    (0)    1 :  0.020 0.254 0.332 0.219 0.160 0.015 
 51 OmyAC19ROGR    (2)    1 :  0.053 0.036 0.071 0.065 0.044 0.731 
 52 OmyAC19ROGR    (0)    1 :  0.025 0.033 0.030 0.023 0.028 0.861 
 53 OmyAC19ROGR    (1)    1 :  0.683 0.092 0.042 0.084 0.068 0.031 
 54 OmyAC19ROGR    (0)    1 :  0.472 0.103 0.074 0.097 0.196 0.058 
 55 OmyAC19ROGR    (3)    1 :  0.045 0.421 0.177 0.206 0.096 0.055 
 56 OmyAC19ROGR    (0)    1 :  0.501 0.122 0.134 0.045 0.135 0.063 
 57 OmyAC19ROGR    (0)    1 :  0.577 0.189 0.072 0.064 0.081 0.017 
 58 OmyAC19ROGR    (0)    1 :  0.045 0.104 0.047 0.062 0.094 0.647 
 59 OmyAC19ROGR    (0)    1 :  0.433 0.145 0.088 0.209 0.110 0.015 
 60 OmyAC19ROGR    (1)    1 :  0.072 0.088 0.436 0.109 0.214 0.081 
 61 OmyAC19ROGR    (0)    1 :  0.355 0.120 0.064 0.132 0.293 0.036 
 62 OmyAC19ROGR    (0)    1 :  0.044 0.291 0.068 0.208 0.364 0.025 
 63 OmyAC19ROGR    (0)    1 :  0.412 0.066 0.069 0.133 0.097 0.222 
 64 OmyAC19ROGR    (2)    1 :  0.110 0.110 0.198 0.353 0.164 0.065 
 65 OmyAC19ROGR    (0)    1 :  0.104 0.342 0.245 0.125 0.140 0.044 
 66 OmyAC19ROGR    (3)    1 :  0.033 0.135 0.333 0.113 0.116 0.270 
 67 OmyAC19ROGR    (0)    1 :  0.355 0.147 0.105 0.082 0.286 0.025 
 68 OmyAC19ROGR    (1)    1 :  0.203 0.198 0.049 0.107 0.401 0.042 
 69 OmyAC19ROGR    (2)    1 :  0.450 0.095 0.082 0.042 0.164 0.167 
 70 OmyAC19ROGR    (0)    1 :  0.208 0.279 0.117 0.214 0.154 0.027 
 71 OmyAC19ROGR    (0)    1 :  0.108 0.435 0.167 0.161 0.095 0.034 
 72 OmyAC19ROGR    (4)    1 :  0.081 0.160 0.138 0.432 0.170 0.020 
 73 OmyAC19ROGR    (0)    1 :  0.185 0.362 0.044 0.099 0.165 0.144 
 74 OmyAC19ROGR    (0)    1 :  0.024 0.049 0.145 0.687 0.070 0.024 
 75 OmyAC19ROGR    (0)    1 :  0.221 0.182 0.280 0.079 0.136 0.102 
 76 OmyAC19ROGR    (0)    1 :  0.649 0.077 0.030 0.071 0.137 0.037 
 77 OmyAC19ROGR    (1)    1 :  0.016 0.011 0.015 0.023 0.020 0.915 
 78 OmyAC19ROGR    (0)    1 :  0.077 0.442 0.107 0.190 0.148 0.035 
 79 OmyAC19ROGR    (2)    1 :  0.112 0.326 0.076 0.116 0.333 0.038 
 80 OmyAC19ROGR    (1)    1 :  0.057 0.043 0.101 0.057 0.068 0.675 
 81 OmyAC19ROGR    (2)    1 :  0.078 0.096 0.088 0.161 0.200 0.378 
 82 OmyAC19ROGR    (1)    1 :  0.660 0.113 0.062 0.081 0.070 0.014 
 83 OmyAC19ROGR    (0)    1 :  0.272 0.230 0.183 0.136 0.143 0.036 
 84 OmyAC19ROGR    (0)    1 :  0.047 0.157 0.077 0.071 0.538 0.109 
 85 OmyAC19ROGR    (5)    1 :  0.124 0.542 0.136 0.079 0.094 0.026 
 86 OmyAC19ROGR    (0)    1 :  0.021 0.105 0.417 0.167 0.200 0.090 
 87 OmyAC19ROGR    (1)    1 :  0.173 0.086 0.061 0.102 0.551 0.027 
 88 OmyJC19ROGR    (0)    2 :  0.022 0.060 0.039 0.038 0.041 0.800 
 89 OmyJC19ROGR    (0)    2 :  0.049 0.286 0.153 0.093 0.368 0.051 
 90 OmyJC19ROGR    (0)    2 :  0.017 0.030 0.025 0.024 0.024 0.880 
 91 OmyJC19ROGR    (1)    2 :  0.369 0.138 0.185 0.108 0.186 0.013 
 92 OmyJC19ROGR    (0)    2 :  0.624 0.123 0.072 0.054 0.082 0.046 
 93 OmyJC19ROGR    (0)    2 :  0.770 0.087 0.043 0.048 0.040 0.014 
 94 OmyJC19ROGR    (0)    2 :  0.036 0.303 0.127 0.291 0.125 0.118 
 95 OmyJC19ROGR    (0)    2 :  0.022 0.337 0.045 0.264 0.249 0.083 
 96 OmyJC19ROGR    (0)    2 :  0.044 0.159 0.554 0.111 0.072 0.059 
 97 OmyJC19ROGR    (0)    2 :  0.694 0.078 0.018 0.027 0.032 0.152 
 98 OmyJC19ROGR    (0)    2 :  0.112 0.208 0.181 0.251 0.223 0.026 
 99 OmyJC19ROGR    (0)    2 :  0.460 0.084 0.127 0.090 0.174 0.065 
100 OmyJC19ROGR    (1)    2 :  0.070 0.559 0.104 0.096 0.138 0.033 
101 OmyJC19ROGR    (0)    2 :  0.137 0.169 0.072 0.065 0.084 0.472 
102 OmyJC19ROGR    (0)    2 :  0.041 0.142 0.354 0.093 0.303 0.068 
103 OmyJC19ROGR    (0)    2 :  0.080 0.284 0.103 0.115 0.315 0.103 
104 OmyJC19ROGR    (0)    2 :  0.336 0.234 0.049 0.097 0.261 0.022 
105 OmyJC19ROGR    (0)    2 :  0.522 0.025 0.079 0.192 0.068 0.115 
106 OmyJC19ROGR    (0)    2 :  0.028 0.012 0.013 0.010 0.017 0.920 
107 OmyJC19ROGR    (1)    2 :  0.121 0.050 0.510 0.089 0.153 0.077 
108 OmyJC19ROGR    (0)    2 :  0.219 0.196 0.272 0.151 0.109 0.052 
109 OmyJC19ROGR    (0)    2 :  0.025 0.115 0.483 0.113 0.126 0.139 
110 OmyJC19ROGR    (0)    2 :  0.437 0.094 0.053 0.059 0.117 0.240 
111 OmyJC19ROGR    (1)    2 :  0.435 0.150 0.109 0.064 0.173 0.069 
112 OmyJC19ROGR    (2)    2 :  0.049 0.167 0.189 0.298 0.203 0.095 
113 OmyJC19ROGR    (0)    2 :  0.046 0.088 0.125 0.064 0.086 0.591 
114 OmyJC19ROGR    (3)    2 :  0.053 0.379 0.121 0.089 0.327 0.031 
115 OmyJC19ROGR    (1)    2 :  0.261 0.068 0.027 0.548 0.052 0.044 
116 OmyJC19ROGR    (0)    2 :  0.047 0.415 0.125 0.096 0.253 0.064 
117 OmyJC19ROGR    (0)    2 :  0.034 0.390 0.105 0.182 0.176 0.113 
118 OmyJC19ROGR    (0)    2 :  0.076 0.331 0.092 0.166 0.319 0.017 
119 OmyJC19ROGR    (2)    2 :  0.047 0.109 0.389 0.154 0.264 0.037 
120 OmyJC19ROGR    (0)    2 :  0.842 0.035 0.030 0.032 0.050 0.011 
121 OmyJC19ROGR    (0)    2 :  0.028 0.293 0.178 0.251 0.214 0.036 
122 OmyJC19ROGR    (0)    2 :  0.114 0.306 0.145 0.155 0.231 0.048 
123 OmyJC19ROGR    (0)    2 :  0.131 0.103 0.430 0.099 0.219 0.019 
124 OmyJC19ROGR    (0)    2 :  0.042 0.092 0.086 0.546 0.140 0.095 
125 OmyJC19ROGR    (0)    2 :  0.391 0.160 0.050 0.157 0.164 0.078 
126 OmyJC19ROGR    (1)    2 :  0.041 0.058 0.068 0.103 0.053 0.678 
127 OmyJC19ROGR    (0)    2 :  0.046 0.036 0.739 0.056 0.089 0.033 
128 OmyJC19ROGR    (1)    2 :  0.517 0.058 0.136 0.044 0.216 0.029 
129 OmyJC19ROGR    (0)    2 :  0.092 0.483 0.042 0.058 0.124 0.201 
130 OmyJC19ROGR    (2)    2 :  0.017 0.176 0.046 0.549 0.177 0.034 
131 OmyJC19ROGR    (0)    2 :  0.111 0.348 0.090 0.261 0.130 0.061 
132 OmyJC19ROGR    (1)    2 :  0.410 0.075 0.171 0.108 0.204 0.033 
133 OmyJC19ROGR    (0)    2 :  0.069 0.523 0.079 0.150 0.158 0.021 
134 OmyJC19ROGR    (0)    2 :  0.060 0.072 0.285 0.081 0.456 0.046 
135 OmyJC19ROGR    (1)    2 :  0.871 0.025 0.027 0.022 0.036 0.019 
136 OmyJC19ROGR    (3)    2 :  0.081 0.236 0.186 0.128 0.344 0.025 
137 OmyJC19ROGR    (0)    2 :  0.035 0.044 0.429 0.274 0.061 0.157 
138 OmyJC19ROGR    (0)    2 :  0.022 0.119 0.048 0.086 0.059 0.667 
139 OmyJC19ROGR    (2)    2 :  0.040 0.566 0.072 0.190 0.113 0.020 
140 OmyJC19ROGR    (2)    2 :  0.041 0.464 0.272 0.094 0.068 0.061 
141 OmyJC19ROGR    (0)    2 :  0.109 0.244 0.174 0.113 0.111 0.248 
142 OmyJC19ROGR    (0)    2 :  0.168 0.149 0.157 0.094 0.183 0.249 
143 OmyJC19ROGR    (0)    2 :  0.640 0.089 0.038 0.116 0.074 0.043 
144 OmyJC19ROGR    (0)    2 :  0.031 0.763 0.063 0.055 0.076 0.012 
145 OmyJC19ROGR    (0)    2 :  0.032 0.111 0.167 0.380 0.282 0.028 
146 OmyJC19ROGR    (1)    2 :  0.458 0.269 0.057 0.067 0.091 0.058 
147 OmyJC19ROGR    (0)    2 :  0.105 0.050 0.446 0.107 0.238 0.054 
148 OmyJC19ROGR    (0)    2 :  0.143 0.084 0.334 0.248 0.173 0.018 
149 OmyJC19ROGR    (1)    2 :  0.324 0.209 0.100 0.077 0.236 0.054 
150 OmyJC19ROGR    (1)    2 :  0.380 0.071 0.184 0.076 0.250 0.038 
151 OmyJC19ROGR    (0)    2 :  0.084 0.435 0.151 0.063 0.185 0.082 
152 OmyJC19ROGR    (0)    2 :  0.088 0.048 0.317 0.388 0.123 0.037 
153 OmyJC19ROGR    (0)    2 :  0.865 0.025 0.032 0.024 0.032 0.022 
154 OmyJC19ROGR    (1)    2 :  0.033 0.067 0.149 0.202 0.518 0.031 
155 OmyJC19ROGR    (0)    2 :  0.182 0.212 0.089 0.131 0.316 0.071 
156 OmyJC19ROGR    (1)    2 :  0.159 0.089 0.238 0.282 0.154 0.078 
157 OmyJC19ROGR    (0)    2 :  0.165 0.230 0.076 0.290 0.188 0.051 
158 OmyJC19ROGR    (0)    2 :  0.135 0.292 0.180 0.091 0.290 0.013 
159 OmyJC19ROGR    (0)    2 :  0.034 0.149 0.314 0.321 0.150 0.031 
160 OmyJC19ROGR    (0)    2 :  0.216 0.055 0.310 0.249 0.121 0.049 
161 OmyJC19ROGR    (0)    2 :  0.205 0.133 0.166 0.369 0.102 0.024 
162 OmyJC19ROGR    (0)    2 :  0.098 0.084 0.410 0.139 0.228 0.041 
163 OmyJC19ROGR    (0)    2 :  0.474 0.071 0.108 0.113 0.195 0.039 
164 OmyJC19ROGR    (0)    2 :  0.057 0.217 0.330 0.225 0.146 0.025 
165 OmyJC19ROGR    (0)    2 :  0.149 0.317 0.179 0.252 0.087 0.016 
166 OmyJC19ROGR    (0)    2 :  0.047 0.131 0.100 0.475 0.210 0.038 
167 OmyJC19ROGR    (1)    2 :  0.257 0.145 0.111 0.098 0.323 0.066 
168 OmyJC19ROGR    (0)    2 :  0.053 0.451 0.117 0.057 0.266 0.056 
169 OmyJC19ROGR    (0)    2 :  0.013 0.009 0.025 0.018 0.019 0.916 
170 OmyJC19ROGR    (0)    2 :  0.650 0.090 0.063 0.087 0.063 0.047 
171 OmyJC19ROGR    (0)    2 :  0.078 0.236 0.254 0.248 0.160 0.025 
172 OmyJC19ROGR    (0)    2 :  0.307 0.123 0.102 0.044 0.160 0.264 
173 OmyJC19ROGR    (0)    2 :  0.022 0.025 0.029 0.027 0.037 0.859 
174 OmyJC19ROGR    (0)    2 :  0.137 0.215 0.058 0.392 0.174 0.024 
175 OmyJC19ROGR    (0)    2 :  0.046 0.436 0.121 0.259 0.113 0.024 
176 OmyJC19ROGR    (0)    2 :  0.344 0.190 0.113 0.042 0.237 0.074 
177 OmyJC19ROGR    (0)    2 :  0.772 0.036 0.039 0.094 0.049 0.010 
178 OmyJC19ROGR    (0)    2 :  0.018 0.059 0.557 0.254 0.075 0.036 
179 OmyJC19ROGR    (0)    2 :  0.369 0.138 0.160 0.159 0.158 0.016 
180 OmyJC19ROGR    (0)    2 :  0.037 0.054 0.019 0.025 0.038 0.827 
181 OmyJC19ROGR    (0)    2 :  0.052 0.066 0.131 0.291 0.430 0.031 
182 OmyJC19ROGR    (0)    2 :  0.048 0.553 0.105 0.085 0.104 0.105 
183 OmyJC19ROGR    (0)    2 :  0.058 0.143 0.227 0.325 0.221 0.027 
184 OmyJC19ROGR    (0)    2 :  0.068 0.178 0.062 0.035 0.104 0.553 
185 OmyJC19ROGR    (1)    2 :  0.031 0.877 0.032 0.023 0.029 0.009 
186 OmyJC19ROGR    (0)    2 :  0.416 0.295 0.041 0.083 0.090 0.074 
187 OmyJC19ROGR    (0)    2 :  0.032 0.034 0.044 0.811 0.061 0.018 
188 OmyJC19ROGR    (0)    2 :  0.099 0.440 0.096 0.269 0.065 0.032 
189 OmyJC19ROGR    (0)    2 :  0.213 0.129 0.063 0.078 0.397 0.120 
190 OmyJC19ROGR    (0)    2 :  0.625 0.066 0.063 0.039 0.178 0.028 
191 OmyJC19ROGR    (0)    2 :  0.278 0.097 0.058 0.447 0.091 0.029 
192 OmyJC19ROGR    (0)    2 :  0.016 0.035 0.628 0.038 0.258 0.024 
193 OmyJC19ROGR    (1)    2 :  0.093 0.107 0.252 0.275 0.170 0.103 
194 OmyJC19ROGR    (0)    2 :  0.050 0.037 0.770 0.038 0.093 0.011 
195 OmyJC19ROGR    (0)    2 :  0.017 0.054 0.053 0.049 0.040 0.787 
196 OmyJC19ROGR    (0)    2 :  0.020 0.064 0.030 0.730 0.133 0.023 
197 OmyJC19ROGR    (0)    2 :  0.336 0.159 0.126 0.128 0.209 0.041 
198 OmyJC19ROGR    (0)    2 :  0.047 0.047 0.099 0.046 0.063 0.699 
199 OmyJC19ROGR    (0)    2 :  0.065 0.705 0.057 0.077 0.079 0.018 
200 OmyJC19ROGR    (0)    2 :  0.577 0.098 0.052 0.081 0.127 0.066 
201 OmyJC19ROGR    (0)    2 :  0.069 0.101 0.238 0.310 0.259 0.022 
202 OmyJC19ROGR    (0)    2 :  0.839 0.039 0.042 0.035 0.036 0.010 
203 OmyJC19ROGR    (0)    2 :  0.116 0.099 0.198 0.380 0.176 0.031 
204 OmyJC19ROGR    (0)    2 :  0.132 0.120 0.256 0.279 0.178 0.034 
205 OmyJC19ROGR    (0)    2 :  0.067 0.107 0.105 0.519 0.103 0.099 
206 OmyJC19ROGR    (0)    2 :  0.027 0.032 0.024 0.032 0.063 0.822 
207 OmyJC19ROGR    (0)    2 :  0.072 0.122 0.104 0.298 0.193 0.211 
208 OmyJC19ROGR    (0)    2 :  0.050 0.162 0.460 0.246 0.058 0.025 
209 OmyJC19ROGR    (0)    2 :  0.161 0.285 0.047 0.036 0.057 0.414 
210 OmyJC19ROGR    (0)    2 :  0.013 0.030 0.020 0.041 0.031 0.867 
211 OmyJC19ROGR    (0)    2 :  0.057 0.335 0.109 0.063 0.315 0.122 
212 OmyJC19ROGR    (1)    2 :  0.332 0.067 0.142 0.103 0.227 0.128 
213 OmyJC19ROGR    (1)    2 :  0.056 0.311 0.084 0.342 0.176 0.032 
214 OmyJC19ROGR    (0)    2 :  0.036 0.039 0.222 0.589 0.085 0.029 
215 OmyJC19ROGR    (0)    2 :  0.062 0.088 0.577 0.039 0.212 0.022 
216 OmyJC19ROGR    (0)    2 :  0.030 0.042 0.041 0.079 0.044 0.765 
217 OmyJC19ROGR    (0)    2 :  0.044 0.091 0.223 0.100 0.218 0.324 
218 OmyJC19ROGR    (0)    2 :  0.378 0.094 0.109 0.292 0.103 0.024 
219 OmyJC19ROGR    (0)    2 :  0.024 0.103 0.444 0.133 0.234 0.063 
220 OmyJC19ROGR    (0)    2 :  0.097 0.208 0.380 0.133 0.170 0.011 
221 OmyJC19ROGR    (0)    2 :  0.046 0.093 0.069 0.307 0.317 0.167 
222 OmyJC19ROGR    (0)    2 :  0.286 0.136 0.132 0.232 0.186 0.028 
223 OmyJC19ROGR    (0)    2 :  0.073 0.086 0.228 0.277 0.306 0.031 
224 OmyJC19ROGR    (0)    2 :  0.057 0.083 0.628 0.110 0.094 0.027 
225 OmyJC19ROGR    (0)    2 :  0.013 0.015 0.021 0.021 0.015 0.914 
226 OmyJC19ROGR    (0)    2 :  0.031 0.398 0.110 0.106 0.193 0.161 
227 OmyJC19ROGR    (1)    2 :  0.037 0.028 0.022 0.036 0.020 0.857 
228 OmyJC19ROGR    (0)    2 :  0.035 0.085 0.363 0.378 0.105 0.034 
229 OmyJC19ROGR    (1)    2 :  0.105 0.289 0.062 0.291 0.230 0.022 
230 OmyJC19ROGR    (0)    2 :  0.121 0.102 0.103 0.358 0.170 0.146 
231 OmyJC19ROGR    (0)    2 :  0.035 0.149 0.160 0.366 0.218 0.072 
232 OmyJC19ROGR    (1)    2 :  0.093 0.375 0.119 0.122 0.255 0.036 
233 OmyJC19ROGR    (0)    2 :  0.086 0.130 0.193 0.230 0.220 0.142 
234 OmyJC19ROGR    (0)    2 :  0.021 0.027 0.025 0.020 0.025 0.882 
235 OmyJC19ROGR    (0)    2 :  0.099 0.063 0.107 0.035 0.074 0.622 
236 OmyJC19ROGR    (1)    2 :  0.120 0.061 0.536 0.078 0.183 0.021 
237 OmyJC19ROGR    (0)    2 :  0.122 0.078 0.385 0.161 0.204 0.050 
238 OmyJC19ROGR    (0)    2 :  0.041 0.044 0.448 0.210 0.191 0.066 
239 OmyJC19ROGR    (0)    2 :  0.043 0.311 0.114 0.033 0.450 0.049 
240 OmyJC19ROGR    (0)    2 :  0.073 0.416 0.091 0.204 0.176 0.040 
241 OmyJC19ROGR    (0)    2 :  0.346 0.153 0.089 0.151 0.195 0.066 
242 OmyJC19ROGR    (0)    2 :  0.123 0.069 0.525 0.027 0.240 0.015 
243 OmyJC19ROGR    (0)    2 :  0.259 0.257 0.148 0.219 0.076 0.043 
244 OmyJC19ROGR    (0)    2 :  0.281 0.117 0.108 0.292 0.153 0.048 
245 OmyJC19ROGR    (0)    2 :  0.018 0.028 0.017 0.021 0.022 0.894 
246 OmyJC19ROGR    (0)    2 :  0.516 0.037 0.076 0.109 0.110 0.151 
247 OmyJC19ROGR    (0)    2 :  0.129 0.078 0.060 0.075 0.085 0.573 
248 OmyJC19ROGR    (0)    2 :  0.034 0.322 0.058 0.050 0.080 0.456 
249 OmyJC19ROGR    (0)    2 :  0.037 0.106 0.142 0.520 0.144 0.050 
250 OmyJC19ROGR    (0)    2 :  0.069 0.428 0.201 0.118 0.117 0.068 
251 OmyJC19ROGR    (0)    2 :  0.060 0.112 0.075 0.387 0.335 0.032 
252 OmyJC19ROGR    (0)    2 :  0.703 0.083 0.035 0.045 0.108 0.027 
253 OmyJC19ROGR    (0)    2 :  0.041 0.480 0.169 0.081 0.169 0.060 
254 OmyJC19ROGR    (0)    2 :  0.303 0.129 0.090 0.251 0.180 0.048 
255 OmyJC19ROGR    (0)    2 :  0.362 0.090 0.050 0.246 0.225 0.027 
256 OmyJC19ROGR    (0)    2 :  0.273 0.041 0.075 0.223 0.118 0.270 
257 OmyJC19ROGR    (0)    2 :  0.050 0.091 0.050 0.582 0.171 0.056 
258 OmyAC19ROGR    (0)    1 :  0.103 0.226 0.261 0.154 0.120 0.137 
259 OmyAC19ROGR    (1)    1 :  0.063 0.159 0.168 0.116 0.138 0.355 
260 OmyAC19ROGR    (0)    1 :  0.061 0.158 0.544 0.100 0.120 0.018 
261 OmyAC19ROGR    (0)    1 :  0.029 0.551 0.083 0.174 0.124 0.039 
262 OmyAC19ROGR    (0)    1 :  0.100 0.201 0.082 0.116 0.436 0.066 
263 OmyAC19ROGR    (0)    1 :  0.388 0.067 0.140 0.186 0.177 0.041 
264 OmyAC19ROGR    (0)    1 :  0.059 0.157 0.098 0.346 0.300 0.040 
265 OmyAC19ROGR    (0)    1 :  0.125 0.073 0.122 0.304 0.345 0.032 
266 OmyAC19ROGR    (0)    1 :  0.035 0.127 0.063 0.679 0.081 0.015 
267 OmyAC19ROGR    (0)    1 :  0.050 0.180 0.134 0.127 0.408 0.101 
268 OmyAC19ROGR    (1)    1 :  0.304 0.245 0.105 0.101 0.109 0.135 
269 OmyAC19ROGR    (1)    1 :  0.043 0.376 0.204 0.120 0.142 0.115 
270 OmyAC19ROGR    (0)    1 :  0.277 0.151 0.047 0.377 0.125 0.024 
271 OmyAC19ROGR    (0)    1 :  0.043 0.344 0.190 0.080 0.147 0.196 
272 OmyAC19ROGR    (0)    1 :  0.033 0.092 0.122 0.472 0.132 0.149 
273 OmyAC19ROGR    (0)    1 :  0.097 0.299 0.311 0.100 0.164 0.029 
274 OmyAC19ROGR    (0)    1 :  0.032 0.093 0.030 0.056 0.060 0.729 
275 OmyAC19ROGR    (0)    1 :  0.251 0.144 0.222 0.098 0.203 0.081 
276 OmyAC19ROGR    (0)    1 :  0.072 0.255 0.240 0.202 0.187 0.044 
277 OmyAC19ROGR    (0)    1 :  0.030 0.296 0.241 0.183 0.187 0.062 
278 OmyAC19ROGR    (0)    1 :  0.050 0.101 0.189 0.235 0.125 0.300 
279 OmyAC19ROGR    (0)    1 :  0.037 0.097 0.571 0.053 0.094 0.147 
280 OmyAC19ROGR    (0)    1 :  0.248 0.207 0.060 0.161 0.229 0.095 
281 OmyAC19ROGR    (0)    1 :  0.047 0.622 0.176 0.067 0.056 0.032 
282 OmyAC19ROGR    (0)    1 :  0.071 0.121 0.090 0.086 0.516 0.116 
283 OmyAC19ROGR    (0)    1 :  0.070 0.228 0.199 0.250 0.216 0.037 
284 OmyAC19ROGR    (0)    1 :  0.110 0.123 0.092 0.550 0.105 0.020 
285 OmyAC19ROGR    (0)    1 :  0.274 0.110 0.154 0.128 0.297 0.037 
286 OmyAC19ROGR    (0)    1 :  0.170 0.252 0.238 0.207 0.115 0.018 
287 OmyAC19ROGR    (0)    1 :  0.007 0.013 0.010 0.009 0.009 0.951 
288 OmyAC19ROGR    (0)    1 :  0.046 0.058 0.053 0.030 0.050 0.763 
289 OmyAC19ROGR    (0)    1 :  0.052 0.232 0.428 0.073 0.105 0.110 
290 OmyAC19ROGR    (1)    1 :  0.021 0.012 0.014 0.016 0.016 0.921 
291 OmyAC19ROGR    (0)    1 :  0.109 0.070 0.112 0.089 0.249 0.372 
292 OmyAC19ROGR    (1)    1 :  0.064 0.252 0.186 0.223 0.096 0.179 
293 OmyAC19ROGR    (0)    1 :  0.607 0.099 0.077 0.082 0.115 0.020 
294 OmyAC19ROGR    (0)    1 :  0.042 0.094 0.269 0.137 0.136 0.322 
295 OmyAC19ROGR    (0)    1 :  0.113 0.190 0.267 0.258 0.153 0.019 
296 OmyAC19ROGR    (0)    1 :  0.093 0.218 0.327 0.159 0.168 0.036 
297 OmyAC19ROGR    (0)    1 :  0.023 0.061 0.054 0.067 0.076 0.720 
298 OmyAC19ROGR    (0)    1 :  0.045 0.074 0.648 0.131 0.085 0.018 
299 OmyAC19ROGR    (0)    1 :  0.214 0.071 0.142 0.074 0.285 0.214 
300 OmyAC19ROGR    (0)    1 :  0.076 0.397 0.236 0.136 0.130 0.025 
301 OmyAC19ROGR    (0)    1 :  0.016 0.021 0.020 0.037 0.023 0.882 
302 OmyAC19ROGR    (0)    1 :  0.052 0.050 0.215 0.142 0.101 0.442 
303 OmyAC19ROGR    (0)    1 :  0.047 0.285 0.395 0.100 0.086 0.087 
304 OmyAC19ROGR    (0)    1 :  0.054 0.109 0.620 0.057 0.074 0.086 
305 OmyAC19ROGR    (0)    1 :  0.055 0.229 0.494 0.095 0.100 0.026 
306 OmyAC19ROGR    (0)    1 :  0.014 0.083 0.037 0.167 0.037 0.663 
307 OmyAC19ROGR    (1)    1 :  0.136 0.269 0.226 0.184 0.166 0.019 
308 OmyAC19ROGR    (0)    1 :  0.032 0.132 0.125 0.267 0.382 0.062 
309 OmyAC19ROGR    (1)    1 :  0.023 0.034 0.031 0.030 0.033 0.848 
310 OmyAC19ROGR    (0)    1 :  0.039 0.227 0.080 0.140 0.186 0.327 
311 OmyAC19ROGR    (0)    1 :  0.039 0.060 0.156 0.073 0.240 0.433 
312 OmyAC19ROGR    (0)    1 :  0.451 0.126 0.164 0.101 0.135 0.024 
313 OmyAC19ROGR    (0)    1 :  0.093 0.089 0.221 0.173 0.410 0.014 
314 OmyAC19ROGR    (0)    1 :  0.477 0.124 0.088 0.073 0.206 0.032 
315 OmyAC19ROGR    (0)    1 :  0.079 0.190 0.208 0.291 0.175 0.056 
316 OmyAC19ROGR    (0)    1 :  0.048 0.085 0.109 0.276 0.459 0.022 
317 OmyAC19ROGR    (0)    1 :  0.277 0.454 0.103 0.034 0.101 0.031 
318 OmyAC19ROGR    (0)    1 :  0.378 0.164 0.088 0.155 0.194 0.020 
319 OmyAC19ROGR    (1)    1 :  0.085 0.212 0.452 0.130 0.108 0.014 
320 OmyAC19ROGR    (0)    1 :  0.037 0.034 0.259 0.602 0.059 0.010 
321 OmyAC19ROGR    (0)    1 :  0.065 0.219 0.282 0.322 0.091 0.022 
322 OmyAC19ROGR    (0)    1 :  0.046 0.261 0.093 0.077 0.095 0.427 
323 OmyAC19ROGR    (0)    1 :  0.025 0.123 0.265 0.460 0.104 0.023 
324 OmyAC19ROGR    (0)    1 :  0.066 0.045 0.060 0.701 0.109 0.019 
325 OmyAC19ROGR    (0)    1 :  0.026 0.315 0.039 0.109 0.244 0.267 
326 OmyAC19ROGR    (0)    1 :  0.042 0.161 0.097 0.565 0.093 0.042 
327 OmyAC19ROGR    (0)    1 :  0.085 0.033 0.140 0.635 0.086 0.022 
328 OmyAC20ROGR    (1)    1 :  0.137 0.100 0.380 0.122 0.236 0.025 
329 OmyAC20ROGR    (0)    1 :  0.217 0.056 0.247 0.079 0.346 0.056 
330 OmyAC20ROGR    (0)    1 :  0.140 0.249 0.137 0.318 0.098 0.059 
331 OmyAC20ROGR    (0)    1 :  0.086 0.091 0.088 0.341 0.154 0.239 
332 OmyAC20ROGR    (0)    1 :  0.171 0.237 0.074 0.195 0.148 0.175 
333 OmyAC20ROGR    (0)    1 :  0.287 0.056 0.055 0.178 0.153 0.271 
334 OmyAC20ROGR    (0)    1 :  0.334 0.389 0.072 0.056 0.135 0.015 
335 OmyAC20ROGR    (0)    1 :  0.151 0.114 0.185 0.194 0.325 0.030 
336 OmyAC20ROGR    (0)    1 :  0.054 0.131 0.114 0.055 0.576 0.070 
337 OmyAC20ROGR    (0)    1 :  0.057 0.098 0.167 0.106 0.163 0.409 
338 OmyAC20ROGR    (0)    1 :  0.205 0.233 0.072 0.101 0.268 0.122 
339 OmyAC20ROGR    (0)    1 :  0.082 0.201 0.268 0.230 0.137 0.081 
340 OmyAC20ROGR    (0)    1 :  0.679 0.089 0.031 0.063 0.096 0.042 
341 OmyAC20ROGR    (0)    1 :  0.578 0.114 0.039 0.072 0.130 0.068 
342 OmyAC20ROGR    (0)    1 :  0.282 0.095 0.143 0.176 0.176 0.128 
343 OmyAC20ROGR    (0)    1 :  0.163 0.152 0.073 0.201 0.369 0.043 
344 OmyAC20ROGR    (0)    1 :  0.249 0.054 0.074 0.321 0.151 0.150 
345 OmyAC20ROGR    (1)    1 :  0.029 0.197 0.073 0.162 0.443 0.096 
346 OmyAC20ROGR    (0)    1 :  0.088 0.082 0.065 0.396 0.219 0.150 
347 OmyAC20ROGR    (0)    1 :  0.069 0.217 0.100 0.200 0.206 0.208 
348 OmyAC20ROGR    (0)    1 :  0.560 0.035 0.061 0.095 0.074 0.175 
349 OmyAC20ROGR    (0)    1 :  0.234 0.090 0.048 0.228 0.363 0.037 
350 OmyAC20ROGR    (0)    1 :  0.045 0.146 0.437 0.129 0.188 0.054 
351 OmyAC20ROGR    (0)    1 :  0.171 0.104 0.053 0.179 0.419 0.074 
352 OmyAC20ROGR    (0)    1 :  0.076 0.111 0.423 0.141 0.214 0.035 
353 OmyAC20ROGR    (0)    1 :  0.060 0.110 0.070 0.227 0.509 0.023 
354 OmyAC20ROGR    (0)    1 :  0.219 0.340 0.065 0.045 0.152 0.179 
355 OmyAC20ROGR    (0)    1 :  0.143 0.552 0.054 0.049 0.161 0.040 
356 OmyAC20ROGR    (0)    1 :  0.127 0.203 0.294 0.151 0.188 0.036 
357 OmyAC20ROGR    (0)    1 :  0.043 0.137 0.295 0.301 0.146 0.078 
358 OmyAC20ROGR    (0)    1 :  0.118 0.110 0.353 0.261 0.125 0.033 
359 OmyAC20ROGR    (0)    1 :  0.019 0.078 0.636 0.043 0.048 0.176 
360 OmyAC20ROGR    (0)    1 :  0.068 0.179 0.163 0.188 0.259 0.143 
361 OmyAC20ROGR    (0)    1 :  0.036 0.059 0.413 0.405 0.058 0.030 
362 OmyAC20ROGR    (0)    1 :  0.029 0.309 0.223 0.148 0.258 0.033 
363 OmyAC20ROGR    (0)    1 :  0.208 0.125 0.051 0.180 0.327 0.109 
364 OmyAC20ROGR    (1)    1 :  0.380 0.119 0.268 0.056 0.147 0.030 
365 OmyAC20ROGR    (0)    1 :  0.043 0.061 0.094 0.267 0.521 0.014 
366 OmyAC20ROGR    (0)    1 :  0.191 0.237 0.058 0.410 0.080 0.024 
367 OmyAC20ROGR    (0)    1 :  0.065 0.143 0.101 0.436 0.173 0.083 
368 OmyAC20ROGR    (1)    1 :  0.036 0.123 0.285 0.062 0.415 0.079 
369 OmyAC20ROGR    (0)    1 :  0.186 0.214 0.083 0.052 0.188 0.276 
370 OmyAC20ROGR    (0)    1 :  0.044 0.076 0.033 0.089 0.082 0.675 
371 OmyAC20ROGR    (0)    1 :  0.027 0.053 0.043 0.023 0.038 0.816 
372 OmyAC20ROGR    (2)    1 :  0.017 0.026 0.020 0.028 0.022 0.887 
373 OmyAC20ROGR    (0)    1 :  0.036 0.093 0.091 0.259 0.103 0.418 
374 OmyAC20ROGR    (0)    1 :  0.171 0.122 0.323 0.236 0.132 0.016 
375 OmyAC20ROGR    (0)    1 :  0.037 0.084 0.174 0.396 0.246 0.063 
376 OmyAC20ROGR    (0)    1 :  0.047 0.222 0.094 0.052 0.168 0.418 
377 OmyAC20ROGR    (0)    1 :  0.320 0.145 0.106 0.283 0.128 0.018 
378 OmyAC20ROGR    (0)    1 :  0.128 0.300 0.149 0.058 0.349 0.016 
379 OmyAC20ROGR    (0)    1 :  0.094 0.088 0.109 0.114 0.208 0.386 
380 OmyAC20ROGR    (1)    1 :  0.040 0.284 0.066 0.477 0.115 0.019 
381 OmyAC20ROGR    (0)    1 :  0.032 0.152 0.172 0.442 0.118 0.085 
382 OmyAC20ROGR    (0)    1 :  0.013 0.051 0.029 0.042 0.032 0.832 
383 OmyAC20ROGR    (0)    1 :  0.017 0.333 0.113 0.206 0.234 0.097 
384 OmyAC20ROGR    (0)    1 :  0.110 0.230 0.103 0.074 0.189 0.294 
385 OmyAC20ROGR    (0)    1 :  0.020 0.175 0.243 0.222 0.127 0.213 
386 OmyAC20ROGR    (0)    1 :  0.044 0.154 0.076 0.237 0.370 0.119 
387 OmyAC20ROGR    (0)    1 :  0.028 0.052 0.189 0.368 0.053 0.311 
388 OmyAC20ROGR    (0)    1 :  0.192 0.087 0.078 0.097 0.343 0.205 
389 OmyAC20ROGR    (0)    1 :  0.036 0.043 0.613 0.164 0.120 0.024 
390 OmyAC20ROGR    (0)    1 :  0.082 0.284 0.313 0.185 0.114 0.021 
391 OmyAC20ROGR    (0)    1 :  0.187 0.092 0.099 0.097 0.102 0.424 
392 OmyAC20ROGR    (0)    1 :  0.105 0.133 0.097 0.133 0.281 0.252 
393 OmyAC20ROGR    (0)    1 :  0.094 0.127 0.091 0.284 0.357 0.047 
394 OmyAC20ROGR    (1)    1 :  0.030 0.124 0.390 0.082 0.308 0.066 
395 OmyAC20ROGR    (0)    1 :  0.147 0.481 0.060 0.091 0.165 0.056 
396 OmyAC20ROGR    (0)    1 :  0.053 0.122 0.467 0.241 0.082 0.036 
397 OmyAC20ROGR    (0)    1 :  0.038 0.209 0.182 0.194 0.129 0.248 
398 OmyAC20ROGR    (0)    1 :  0.073 0.061 0.058 0.059 0.059 0.690 
399 OmyAC20ROGR    (0)    1 :  0.078 0.153 0.085 0.168 0.343 0.171 
400 OmyAC20ROGR    (0)    1 :  0.070 0.243 0.129 0.235 0.224 0.098 
401 OmyAC20ROGR    (1)    1 :  0.055 0.032 0.022 0.021 0.022 0.848 
402 OmyAC20ROGR    (0)    1 :  0.473 0.134 0.127 0.094 0.154 0.018 
403 OmyAC20ROGR    (0)    1 :  0.146 0.098 0.109 0.054 0.489 0.103 
404 OmyAC20ROGR    (0)    1 :  0.151 0.435 0.092 0.150 0.151 0.021 
405 OmyAC20ROGR    (0)    1 :  0.021 0.093 0.135 0.254 0.188 0.310 
406 OmyAC20ROGR    (0)    1 :  0.136 0.304 0.175 0.099 0.237 0.048 
407 OmyAC20ROGR    (0)    1 :  0.028 0.089 0.184 0.458 0.195 0.046 
408 OmyAC20ROGR    (0)    1 :  0.189 0.331 0.116 0.145 0.157 0.063 
409 OmyAC20ROGR    (0)    1 :  0.023 0.096 0.274 0.394 0.163 0.050 
410 OmyAC20ROGR    (0)    1 :  0.011 0.024 0.033 0.030 0.023 0.879 
411 OmyAC20ROGR    (0)    1 :  0.039 0.107 0.160 0.064 0.093 0.536 
412 OmyAC20ROGR    (0)    1 :  0.347 0.086 0.116 0.232 0.123 0.097 
413 OmyAC20ROGR    (0)    1 :  0.020 0.060 0.430 0.399 0.054 0.038 
414 OmyAC20ROGR    (0)    1 :  0.168 0.164 0.103 0.069 0.194 0.302 
415 OmyAC20ROGR    (0)    1 :  0.116 0.313 0.223 0.090 0.231 0.027 
416 OmyAC20ROGR    (0)    1 :  0.129 0.252 0.143 0.205 0.213 0.058 
417 OmyAC20ROGR    (0)    1 :  0.095 0.038 0.446 0.245 0.158 0.018 
418 OmyAC20ROGR    (0)    1 :  0.059 0.086 0.124 0.249 0.377 0.105 
419 OmyAC20ROGR    (0)    1 :  0.038 0.111 0.195 0.176 0.098 0.383 
420 OmyAC20ROGR    (0)    1 :  0.131 0.197 0.257 0.171 0.222 0.022 
421 OmyAC20ROGR    (0)    1 :  0.188 0.304 0.131 0.186 0.102 0.089 
422 OmyAC20ROGR    (0)    1 :  0.024 0.030 0.022 0.021 0.029 0.875 
423 OmyAC20ROGR    (0)    1 :  0.017 0.040 0.091 0.757 0.067 0.029 
424 OmyAC20ROGR    (0)    1 :  0.039 0.544 0.195 0.120 0.081 0.021 
425 OmyAC20ROGR    (0)    1 :  0.067 0.034 0.023 0.019 0.017 0.839 
426 OmyAC20ROGR    (0)    1 :  0.039 0.312 0.118 0.230 0.240 0.062 
427 OmyAC20ROGR    (0)    1 :  0.063 0.107 0.174 0.282 0.222 0.152 
428 OmyAC20ROGR    (0)    1 :  0.021 0.021 0.020 0.024 0.030 0.884 
429 OmyAC20ROGR    (0)    1 :  0.042 0.065 0.628 0.139 0.105 0.021 
430 OmyAC20ROGR    (0)    1 :  0.022 0.277 0.223 0.137 0.276 0.065 
431 OmyAC20ROGR    (0)    1 :  0.071 0.091 0.048 0.077 0.278 0.436 
432 OmyAC20ROGR    (0)    1 :  0.032 0.035 0.023 0.042 0.034 0.834 
433 OmyAC20ROGR    (0)    1 :  0.029 0.024 0.035 0.023 0.027 0.863 
434 OmyAC20ROGR    (0)    1 :  0.022 0.174 0.355 0.063 0.201 0.185 
435 OmyAC20ROGR    (0)    1 :  0.061 0.332 0.029 0.213 0.352 0.012 
436 OmyAC20ROGR    (0)    1 :  0.021 0.086 0.099 0.607 0.153 0.033 
437 OmyAC20ROGR    (0)    1 :  0.033 0.056 0.135 0.086 0.087 0.602 
438 OmyAC20ROGR    (0)    1 :  0.045 0.438 0.108 0.039 0.119 0.251 
439 OmyAC20ROGR    (0)    1 :  0.051 0.311 0.285 0.180 0.128 0.044 
440 OmyAC20ROGR    (0)    1 :  0.044 0.043 0.047 0.068 0.055 0.743 
441 OmyAC20ROGR    (0)    1 :  0.068 0.165 0.337 0.247 0.165 0.019 
442 OmyAC20ROGR    (0)    1 :  0.041 0.288 0.169 0.105 0.356 0.041 
443 OmyAC20ROGR    (0)    1 :  0.303 0.525 0.060 0.027 0.074 0.010 
444 OmyAC20ROGR    (0)    1 :  0.029 0.046 0.207 0.339 0.304 0.075 
445 OmyAC20ROGR    (0)    1 :  0.037 0.150 0.435 0.114 0.190 0.074 
446 OmyJC18ROGR    (0)    2 :  0.458 0.056 0.117 0.196 0.130 0.042 
447 OmyJC18ROGR    (0)    2 :  0.061 0.335 0.169 0.248 0.146 0.040 
448 OmyJC18ROGR    (0)    2 :  0.019 0.189 0.088 0.594 0.068 0.042 
449 OmyJC18ROGR    (0)    2 :  0.058 0.052 0.109 0.056 0.061 0.664 
450 OmyJC18ROGR    (0)    2 :  0.066 0.055 0.099 0.048 0.106 0.627 
451 OmyJC18ROGR    (0)    2 :  0.019 0.058 0.041 0.026 0.030 0.825 
452 OmyJC18ROGR    (0)    2 :  0.143 0.183 0.071 0.255 0.119 0.229 
453 OmyJC18ROGR    (0)    2 :  0.487 0.089 0.122 0.056 0.222 0.023 
454 OmyJC18ROGR    (0)    2 :  0.017 0.058 0.022 0.028 0.041 0.834 
455 OmyJC18ROGR    (0)    2 :  0.036 0.267 0.392 0.219 0.065 0.021 
456 OmyJC18ROGR    (0)    2 :  0.016 0.031 0.029 0.027 0.067 0.831 
457 OmyJC18ROGR    (0)    2 :  0.027 0.582 0.069 0.166 0.118 0.036 
458 OmyJC18ROGR    (0)    2 :  0.332 0.055 0.124 0.142 0.231 0.117 
459 OmyJC18ROGR    (0)    2 :  0.156 0.122 0.244 0.109 0.357 0.013 
460 OmyJC18ROGR    (2)    2 :  0.077 0.132 0.087 0.109 0.227 0.368 
461 OmyJC18ROGR    (1)    2 :  0.121 0.135 0.093 0.110 0.292 0.248 
462 OmyJC18ROGR    (3)    2 :  0.088 0.207 0.123 0.071 0.221 0.290 
463 OmyJC18ROGR    (1)    2 :  0.068 0.043 0.062 0.061 0.112 0.654 
464 OmyJC18ROGR    (3)    2 :  0.020 0.096 0.049 0.755 0.062 0.019 
465 OmyJC18ROGR    (3)    2 :  0.043 0.176 0.510 0.128 0.103 0.041 
466 OmyJC18ROGR    (0)    2 :  0.048 0.332 0.088 0.106 0.293 0.133 
467 OmyJC18ROGR    (1)    2 :  0.051 0.141 0.341 0.135 0.296 0.036 
468 OmyJC18ROGR    (0)    2 :  0.028 0.063 0.569 0.090 0.212 0.037 
469 OmyJC18ROGR    (0)    2 :  0.023 0.065 0.093 0.036 0.042 0.742 
470 OmyJC18ROGR    (3)    2 :  0.049 0.066 0.214 0.067 0.169 0.435 
471 OmyJC18ROGR    (1)    2 :  0.090 0.140 0.085 0.183 0.295 0.207 
472 OmyJC18ROGR    (1)    2 :  0.038 0.355 0.092 0.273 0.184 0.058 
473 OmyJC18ROGR    (2)    2 :  0.051 0.238 0.043 0.522 0.122 0.023 
474 OmyJC18ROGR    (0)    2 :  0.436 0.104 0.086 0.141 0.201 0.033 
475 OmyJC18ROGR    (1)    2 :  0.206 0.039 0.043 0.035 0.046 0.630 
476 OmyJC18ROGR    (2)    2 :  0.270 0.254 0.151 0.114 0.197 0.013 
477 OmyJC18ROGR    (3)    2 :  0.053 0.190 0.325 0.073 0.294 0.065 
478 OmyJC18ROGR    (0)    2 :  0.258 0.354 0.080 0.108 0.163 0.037 
479 OmyJC18ROGR    (0)    2 :  0.042 0.064 0.129 0.658 0.089 0.017 
480 OmyJC18ROGR    (0)    2 :  0.056 0.210 0.081 0.357 0.180 0.116 
481 OmyJC18ROGR    (2)    2 :  0.133 0.383 0.065 0.144 0.103 0.173 
482 OmyJC18ROGR    (3)    2 :  0.053 0.129 0.509 0.107 0.187 0.016 
483 OmyJC18ROGR    (3)    2 :  0.026 0.258 0.331 0.179 0.170 0.036 
484 OmyJC18ROGR    (3)    2 :  0.094 0.126 0.156 0.098 0.497 0.029 
485 OmyJC18ROGR    (2)    2 :  0.036 0.099 0.054 0.131 0.068 0.612 
486 OmyJC18ROGR    (2)    2 :  0.042 0.122 0.204 0.092 0.161 0.379 
487 OmyJC18ROGR    (1)    2 :  0.170 0.307 0.044 0.068 0.344 0.067 
488 OmyJC18ROGR    (3)    2 :  0.056 0.267 0.094 0.121 0.420 0.043 
489 OmyJC18ROGR    (0)    2 :  0.067 0.359 0.136 0.102 0.311 0.025 
490 OmyJC18ROGR    (2)    2 :  0.070 0.178 0.174 0.211 0.309 0.058 
491 OmyJC18ROGR    (4)    2 :  0.437 0.111 0.090 0.125 0.148 0.089 
492 OmyJC18ROGR    (4)    2 :  0.702 0.063 0.101 0.031 0.086 0.016 
493 OmyJC18ROGR    (3)    2 :  0.032 0.508 0.116 0.143 0.112 0.089 
494 OmyJC18ROGR    (3)    2 :  0.021 0.025 0.035 0.019 0.044 0.857 
495 OmyJC18ROGR    (3)    2 :  0.299 0.192 0.112 0.166 0.091 0.140 
496 OmyJC18ROGR    (0)    2 :  0.173 0.227 0.233 0.080 0.221 0.064 
497 OmyJC18ROGR    (5)    2 :  0.122 0.073 0.182 0.216 0.335 0.072 
498 OmyJC18ROGR    (3)    2 :  0.075 0.176 0.064 0.118 0.435 0.132 
499 OmyJC18ROGR    (1)    2 :  0.097 0.391 0.181 0.094 0.197 0.039 
500 OmyJC18ROGR    (1)    2 :  0.079 0.151 0.234 0.134 0.385 0.017 
501 OmyJC18ROGR    (3)    2 :  0.065 0.257 0.056 0.144 0.090 0.388 
502 OmyJC18ROGR    (1)    2 :  0.021 0.026 0.597 0.100 0.114 0.142 
503 OmyJC18ROGR    (4)    2 :  0.023 0.133 0.279 0.418 0.101 0.045 
504 OmyJC18ROGR    (1)    2 :  0.028 0.066 0.488 0.076 0.078 0.263 
505 OmyJC18ROGR    (0)    2 :  0.238 0.135 0.156 0.113 0.134 0.224 
506 OmyJC18ROGR    (6)    2 :  0.175 0.407 0.125 0.078 0.169 0.045 
507 OmyJC18ROGR    (0)    2 :  0.048 0.413 0.097 0.129 0.214 0.100 
508 OmyJC18ROGR    (0)    2 :  0.056 0.128 0.469 0.180 0.092 0.075 
509 OmyJC18ROGR    (2)    2 :  0.029 0.030 0.027 0.024 0.022 0.869 
510 OmyJC18ROGR    (1)    2 :  0.121 0.264 0.129 0.179 0.288 0.020 
511 OmyJC18ROGR    (3)    2 :  0.646 0.053 0.039 0.059 0.092 0.111 
512 OmyJC18ROGR    (2)    2 :  0.018 0.049 0.060 0.059 0.054 0.761 
513 OmyJC18ROGR    (7)    2 :  0.299 0.213 0.087 0.102 0.154 0.144 
514 OmyJC18ROGR    (3)    2 :  0.203 0.030 0.125 0.064 0.037 0.542 
515 OmyJC18ROGR    (0)    2 :  0.062 0.181 0.103 0.281 0.320 0.053 
516 OmyJC18ROGR    (2)    2 :  0.075 0.099 0.081 0.439 0.142 0.164 
517 OmyJC18ROGR    (2)    2 :  0.168 0.346 0.066 0.076 0.157 0.188 
518 OmyJC18ROGR    (0)    2 :  0.070 0.106 0.271 0.209 0.302 0.042 
519 OmyJC18ROGR    (7)    2 :  0.655 0.066 0.042 0.104 0.088 0.046 
520 OmyJC18ROGR    (4)    2 :  0.257 0.218 0.040 0.116 0.202 0.167 
521 OmyJC18ROGR    (1)    2 :  0.194 0.316 0.077 0.174 0.099 0.140 
522 OmyJC18ROGR    (1)    2 :  0.031 0.389 0.377 0.060 0.076 0.067 
523 OmyJC18ROGR    (3)    2 :  0.077 0.106 0.371 0.124 0.281 0.041 
524 OmyJC18ROGR    (1)    2 :  0.037 0.246 0.335 0.249 0.099 0.034 
525 OmyJC18ROGR    (2)    2 :  0.267 0.057 0.391 0.062 0.124 0.099 
526 OmyJC18ROGR    (1)    2 :  0.229 0.068 0.300 0.112 0.239 0.052 
527 OmyJC18ROGR    (0)    2 :  0.205 0.127 0.116 0.182 0.343 0.027 
528 OmyJC18ROGR    (0)    2 :  0.048 0.068 0.245 0.340 0.275 0.023 
529 OmyJC18ROGR    (1)    2 :  0.062 0.411 0.060 0.328 0.114 0.024 
530 OmyJC18ROGR    (0)    2 :  0.023 0.066 0.693 0.135 0.065 0.019 
531 OmyJC18ROGR    (0)    2 :  0.020 0.046 0.077 0.798 0.034 0.026 
532 OmyJC18ROGR    (1)    2 :  0.047 0.392 0.313 0.131 0.101 0.015 
533 OmyJC18ROGR    (2)    2 :  0.121 0.248 0.066 0.293 0.259 0.012 
534 OmyJC18ROGR    (2)    2 :  0.042 0.464 0.134 0.201 0.115 0.045 
535 OmyJC18ROGR    (0)    2 :  0.284 0.063 0.104 0.241 0.267 0.041 
536 OmyJC18ROGR    (0)    2 :  0.658 0.060 0.032 0.126 0.100 0.024 
537 OmyJC18ROGR    (0)    2 :  0.287 0.202 0.119 0.197 0.171 0.024 
538 OmyJC18ROGR    (0)    2 :  0.035 0.156 0.091 0.600 0.086 0.032 
539 OmyJC18ROGR    (1)    2 :  0.056 0.085 0.489 0.154 0.173 0.043 
540 OmyJC18ROGR    (6)    2 :  0.043 0.739 0.031 0.030 0.130 0.027 
541 OmyJC18ROGR    (1)    2 :  0.114 0.119 0.067 0.521 0.144 0.035 
542 OmyJC18ROGR    (1)    2 :  0.091 0.061 0.070 0.455 0.216 0.106 
543 OmyJC18ROGR    (0)    2 :  0.047 0.220 0.111 0.156 0.307 0.159 
544 OmyJC18ROGR    (2)    2 :  0.110 0.071 0.061 0.389 0.338 0.031 
545 OmyJC18ROGR    (1)    2 :  0.013 0.082 0.275 0.036 0.033 0.561 
546 OmyJC18ROGR    (6)    2 :  0.033 0.038 0.074 0.759 0.081 0.014 
547 OmyJC18ROGR    (0)    2 :  0.019 0.325 0.245 0.131 0.190 0.090 
548 OmyJC18ROGR    (1)    2 :  0.097 0.494 0.060 0.064 0.172 0.113 
549 OmyJC18ROGR    (0)    2 :  0.035 0.139 0.081 0.615 0.100 0.031 
550 OmyJC18ROGR    (1)    2 :  0.038 0.049 0.045 0.056 0.057 0.756 
