pop	clust1	clust2	clust3
fall	0.4241	0.0521	0.5238
fall	0.1939	0.2172	0.5889
fall	0.2231	0.1957	0.5812
fall	0.5268	0.0758	0.3974
fall	0.0379	0.9330	0.0291
fall	0.4110	0.3695	0.2196
fall	0.3542	0.3566	0.2891
fall	0.4356	0.0593	0.5051
fall	0.2067	0.4139	0.3793
fall	0.1562	0.5507	0.2931
fall	0.5080	0.1660	0.3260
fall	0.6026	0.2403	0.1572
fall	0.5012	0.0964	0.4023
fall	0.3552	0.5655	0.0793
fall	0.3773	0.5284	0.0943
fall	0.4107	0.2321	0.3572
fall	0.7121	0.2073	0.0806
fall	0.2440	0.0814	0.6746
fall	0.4198	0.1630	0.4172
fall	0.4912	0.3754	0.1335
fall	0.2773	0.4155	0.3072
fall	0.1848	0.1885	0.6267
fall	0.2290	0.4629	0.3081
fall	0.1165	0.0514	0.8321
fall	0.3865	0.3857	0.2279
fall	0.2199	0.2518	0.5283
fall	0.6944	0.1537	0.1519
fall	0.0763	0.0877	0.8360
fall	0.4219	0.1883	0.3898
fall	0.1090	0.7582	0.1328
fall	0.4759	0.1370	0.3872
fall	0.2499	0.2911	0.4591
fall	0.2498	0.2177	0.5324
fall	0.2376	0.6033	0.1591
fall	0.2228	0.1719	0.6054
fall	0.3946	0.3473	0.2581
fall	0.1380	0.2489	0.6130
fall	0.1060	0.5250	0.3690
fall	0.4917	0.2642	0.2441
fall	0.4190	0.4528	0.1281
fall	0.6721	0.1240	0.2038
fall	0.0996	0.8471	0.0533
fall	0.4368	0.1363	0.4268
fall	0.4638	0.1298	0.4064
fall	0.1674	0.4531	0.3795
fall	0.1868	0.1916	0.6216
fall	0.1435	0.1604	0.6960
fall	0.5035	0.1328	0.3637
fall	0.3600	0.0965	0.5435
fall	0.8074	0.0747	0.1179
fall	0.1306	0.7749	0.0945
fall	0.0669	0.8611	0.0720
fall	0.1275	0.0962	0.7763
fall	0.2001	0.1811	0.6189
fall	0.5957	0.2115	0.1928
fall	0.1434	0.1992	0.6574
fall	0.1586	0.0612	0.7802
fall	0.1415	0.7404	0.1180
fall	0.2415	0.0617	0.6968
fall	0.4597	0.2928	0.2475
fall	0.2230	0.1453	0.6318
fall	0.5262	0.1171	0.3567
fall	0.1546	0.3536	0.4918
fall	0.5575	0.1952	0.2473
fall	0.5321	0.1268	0.3411
fall	0.3898	0.4755	0.1348
fall	0.2089	0.0954	0.6958
fall	0.2288	0.1740	0.5972
fall	0.0925	0.3575	0.5500
fall	0.3690	0.1031	0.5279
fall	0.4704	0.1193	0.4103
fall	0.6160	0.0887	0.2953
fall	0.1703	0.3542	0.4755
fall	0.8124	0.0857	0.1019
fall	0.3157	0.2678	0.4166
fall	0.1067	0.1347	0.7586
fall	0.0485	0.9127	0.0388
fall	0.5785	0.1346	0.2869
fall	0.3224	0.1750	0.5025
fall	0.1397	0.7289	0.1314
fall	0.2465	0.5614	0.1921
fall	0.1544	0.0552	0.7904
fall	0.2377	0.1479	0.6144
fall	0.3954	0.3640	0.2406
fall	0.3796	0.1100	0.5104
fall	0.6553	0.2608	0.0839
fall	0.2238	0.1351	0.6410
halfpounder	0.0820	0.8544	0.0636
halfpounder	0.4907	0.2295	0.2798
halfpounder	0.0581	0.8952	0.0467
halfpounder	0.4616	0.0456	0.4929
halfpounder	0.1427	0.1460	0.7114
halfpounder	0.1122	0.0510	0.8368
halfpounder	0.5356	0.3290	0.1353
halfpounder	0.5205	0.3087	0.1708
halfpounder	0.6179	0.1959	0.1862
halfpounder	0.0695	0.2595	0.6710
halfpounder	0.5397	0.1079	0.3524
halfpounder	0.1733	0.1926	0.6341
halfpounder	0.5156	0.1551	0.3293
halfpounder	0.1307	0.5801	0.2892
halfpounder	0.5714	0.2238	0.2048
halfpounder	0.2633	0.3151	0.4215
halfpounder	0.1857	0.0918	0.7224
halfpounder	0.1650	0.2771	0.5579
halfpounder	0.0366	0.9028	0.0606
halfpounder	0.4687	0.2451	0.2863
halfpounder	0.3312	0.1677	0.5011
halfpounder	0.5398	0.3586	0.1016
halfpounder	0.1102	0.4056	0.4843
halfpounder	0.1385	0.2055	0.6561
halfpounder	0.5779	0.2590	0.1631
halfpounder	0.1658	0.7098	0.1243
halfpounder	0.4428	0.1561	0.4010
halfpounder	0.1944	0.1519	0.6537
halfpounder	0.4710	0.2588	0.2701
halfpounder	0.4451	0.3480	0.2068
halfpounder	0.4451	0.0794	0.4755
halfpounder	0.6356	0.1490	0.2154
halfpounder	0.1283	0.0507	0.8210
halfpounder	0.6839	0.1354	0.1807
halfpounder	0.4019	0.1786	0.4195
halfpounder	0.5173	0.0741	0.4086
halfpounder	0.4939	0.2967	0.2095
halfpounder	0.1851	0.2284	0.5865
halfpounder	0.1583	0.7460	0.0958
halfpounder	0.7108	0.1189	0.1704
halfpounder	0.1342	0.1260	0.7399
halfpounder	0.1834	0.4469	0.3696
halfpounder	0.7487	0.1474	0.1039
halfpounder	0.2511	0.2250	0.5238
halfpounder	0.1984	0.1254	0.6762
halfpounder	0.4732	0.0942	0.4326
halfpounder	0.4416	0.2212	0.3371
halfpounder	0.0732	0.0728	0.8540
halfpounder	0.5037	0.1171	0.3792
halfpounder	0.5425	0.3333	0.1242
halfpounder	0.1543	0.7698	0.0759
halfpounder	0.5975	0.0820	0.3205
halfpounder	0.5189	0.2363	0.2449
halfpounder	0.2637	0.4497	0.2867
halfpounder	0.2509	0.4371	0.3119
halfpounder	0.1020	0.1332	0.7648
halfpounder	0.6020	0.0617	0.3363
halfpounder	0.7392	0.1060	0.1547
halfpounder	0.1396	0.1675	0.6929
halfpounder	0.4783	0.1934	0.3282
halfpounder	0.5527	0.0715	0.3758
halfpounder	0.1913	0.1875	0.6213
halfpounder	0.1903	0.1468	0.6629
halfpounder	0.3458	0.2826	0.3717
halfpounder	0.5414	0.1410	0.3176
halfpounder	0.0783	0.0995	0.8222
halfpounder	0.6381	0.1845	0.1774
halfpounder	0.3310	0.2245	0.4446
halfpounder	0.4130	0.2384	0.3486
halfpounder	0.3267	0.1949	0.4785
halfpounder	0.4331	0.0610	0.5059
halfpounder	0.7484	0.1269	0.1247
halfpounder	0.3463	0.1643	0.4895
halfpounder	0.3578	0.0766	0.5656
halfpounder	0.4934	0.1621	0.3445
halfpounder	0.1800	0.1137	0.7063
halfpounder	0.6781	0.0900	0.2319
halfpounder	0.5623	0.0703	0.3675
halfpounder	0.6287	0.1540	0.2173
halfpounder	0.2472	0.2131	0.5398
halfpounder	0.5253	0.1831	0.2916
halfpounder	0.0515	0.9158	0.0327
halfpounder	0.1240	0.1408	0.7351
halfpounder	0.7052	0.0836	0.2112
halfpounder	0.1436	0.4523	0.4042
halfpounder	0.0681	0.8753	0.0566
halfpounder	0.4501	0.1133	0.4365
halfpounder	0.6195	0.1039	0.2766
halfpounder	0.1673	0.2021	0.6306
halfpounder	0.1039	0.0408	0.8553
halfpounder	0.8132	0.1217	0.0651
halfpounder	0.2443	0.0657	0.6900
halfpounder	0.0628	0.8397	0.0975
halfpounder	0.5390	0.1753	0.2857
halfpounder	0.4192	0.3240	0.2567
halfpounder	0.6326	0.1002	0.2672
halfpounder	0.1404	0.6830	0.1766
halfpounder	0.5255	0.0470	0.4275
halfpounder	0.1366	0.1898	0.6736
halfpounder	0.7164	0.0875	0.1961
halfpounder	0.5383	0.1096	0.3521
halfpounder	0.1791	0.3180	0.5029
halfpounder	0.1350	0.1097	0.7553
halfpounder	0.1955	0.0990	0.7055
halfpounder	0.7886	0.1212	0.0902
halfpounder	0.4041	0.2827	0.3133
halfpounder	0.7936	0.0596	0.1468
halfpounder	0.1324	0.8034	0.0642
halfpounder	0.7357	0.1222	0.1421
halfpounder	0.2451	0.1612	0.5937
halfpounder	0.1163	0.7713	0.1124
halfpounder	0.6019	0.0834	0.3147
halfpounder	0.1517	0.1855	0.6627
halfpounder	0.6846	0.0756	0.2398
halfpounder	0.1246	0.0396	0.8358
halfpounder	0.4608	0.1322	0.4070
halfpounder	0.5358	0.1306	0.3336
halfpounder	0.4555	0.2786	0.2658
halfpounder	0.0703	0.8556	0.0741
halfpounder	0.3881	0.4128	0.1990
halfpounder	0.7525	0.1060	0.1414
halfpounder	0.1207	0.5747	0.3046
halfpounder	0.0711	0.8848	0.0441
halfpounder	0.2936	0.3439	0.3624
halfpounder	0.1556	0.2905	0.5539
halfpounder	0.5358	0.1195	0.3447
halfpounder	0.6940	0.1370	0.1690
halfpounder	0.6488	0.0919	0.2593
halfpounder	0.1229	0.8118	0.0654
halfpounder	0.2772	0.5288	0.1940
halfpounder	0.2506	0.0971	0.6523
halfpounder	0.6545	0.2394	0.1061
halfpounder	0.4896	0.0434	0.4670
halfpounder	0.3230	0.4322	0.2447
halfpounder	0.2938	0.1073	0.5989
halfpounder	0.5821	0.1472	0.2707
halfpounder	0.7667	0.0813	0.1520
halfpounder	0.0446	0.9151	0.0403
halfpounder	0.4693	0.3896	0.1412
halfpounder	0.0498	0.8744	0.0758
halfpounder	0.7976	0.0968	0.1056
halfpounder	0.3935	0.1034	0.5031
halfpounder	0.2438	0.3666	0.3895
halfpounder	0.6025	0.2308	0.1667
halfpounder	0.4350	0.1504	0.4145
halfpounder	0.4126	0.3195	0.2680
halfpounder	0.0492	0.8857	0.0651
halfpounder	0.1284	0.6897	0.1820
halfpounder	0.5415	0.1006	0.3579
halfpounder	0.5219	0.1585	0.3196
halfpounder	0.6212	0.2281	0.1507
halfpounder	0.5031	0.2417	0.2552
halfpounder	0.4992	0.1478	0.3531
halfpounder	0.1990	0.2231	0.5779
halfpounder	0.5063	0.0738	0.4199
halfpounder	0.3041	0.1360	0.5599
halfpounder	0.2461	0.1722	0.5817
halfpounder	0.0450	0.9125	0.0425
halfpounder	0.1582	0.3295	0.5123
halfpounder	0.1495	0.6465	0.2040
halfpounder	0.1644	0.6236	0.2121
halfpounder	0.6025	0.2119	0.1855
halfpounder	0.4824	0.2223	0.2953
halfpounder	0.5721	0.1460	0.2819
halfpounder	0.0961	0.0983	0.8057
halfpounder	0.4490	0.2525	0.2986
halfpounder	0.2444	0.1681	0.5874
halfpounder	0.1916	0.0994	0.7090
halfpounder	0.1625	0.4361	0.4014
halfpounder	0.4957	0.2483	0.2560
fall	0.3657	0.3246	0.3097
fall	0.2799	0.5530	0.1671
fall	0.7261	0.0837	0.1902
fall	0.6427	0.1755	0.1817
fall	0.4247	0.2642	0.3112
fall	0.2328	0.1376	0.6296
fall	0.5042	0.1872	0.3086
fall	0.4241	0.1379	0.4381
fall	0.7332	0.0753	0.1915
fall	0.3990	0.3102	0.2908
fall	0.1829	0.3034	0.5137
fall	0.4725	0.3374	0.1901
fall	0.2424	0.1043	0.6533
fall	0.3318	0.4721	0.1962
fall	0.5199	0.3395	0.1406
fall	0.3895	0.1178	0.4927
fall	0.0962	0.8088	0.0950
fall	0.2696	0.2497	0.4808
fall	0.5018	0.2022	0.2961
fall	0.6523	0.2181	0.1296
fall	0.3708	0.4765	0.1526
fall	0.4950	0.3690	0.1360
fall	0.2467	0.2709	0.4824
fall	0.5793	0.1531	0.2676
fall	0.3025	0.3290	0.3684
fall	0.6877	0.1349	0.1774
fall	0.5491	0.0804	0.3705
fall	0.3683	0.1345	0.4972
fall	0.5186	0.0716	0.4098
fall	0.0305	0.9435	0.0260
fall	0.1107	0.8089	0.0804
fall	0.4726	0.3085	0.2188
fall	0.0382	0.9187	0.0431
fall	0.1798	0.5173	0.3029
fall	0.4549	0.3462	0.1990
fall	0.1550	0.0802	0.7648
fall	0.3577	0.4990	0.1433
fall	0.5235	0.0895	0.3870
fall	0.6305	0.1136	0.2559
fall	0.1242	0.8056	0.0702
fall	0.7812	0.0824	0.1364
fall	0.1924	0.4019	0.4057
fall	0.5958	0.1160	0.2882
fall	0.0612	0.8908	0.0480
fall	0.3155	0.5696	0.1149
fall	0.5446	0.2668	0.1886
fall	0.4617	0.3134	0.2249
fall	0.6194	0.1106	0.2700
fall	0.1961	0.7461	0.0578
fall	0.4246	0.0777	0.4977
fall	0.5869	0.2390	0.1741
fall	0.0621	0.8758	0.0621
fall	0.2779	0.5119	0.2102
fall	0.2793	0.5895	0.1312
fall	0.2881	0.1115	0.6004
fall	0.6102	0.0679	0.3219
fall	0.1686	0.1144	0.7170
fall	0.5050	0.1956	0.2994
fall	0.5864	0.1194	0.2942
fall	0.2036	0.1243	0.6721
fall	0.2298	0.0745	0.6957
fall	0.5807	0.0594	0.3599
fall	0.7764	0.0407	0.1829
fall	0.6834	0.1013	0.2153
fall	0.2273	0.5797	0.1930
fall	0.8219	0.0830	0.0951
fall	0.5325	0.1026	0.3649
fall	0.2890	0.5239	0.1871
fall	0.6991	0.1486	0.1523
fall	0.5738	0.1120	0.3142
fall	0.5525	0.0920	0.3555
fall	0.2768	0.1973	0.5260
fall	0.4262	0.1885	0.3853
fall	0.2388	0.4697	0.2914
fall	0.2210	0.3554	0.4236
fall	0.1754	0.4369	0.3877
fall	0.1960	0.0730	0.7309
fall	0.4130	0.1314	0.4555
fall	0.3393	0.3272	0.3334
fall	0.2436	0.5742	0.1822
fall	0.2470	0.2819	0.4710
fall	0.4929	0.2534	0.2537
fall	0.1168	0.1419	0.7413
fall	0.1473	0.1905	0.6622
fall	0.2978	0.3313	0.3709
fall	0.2256	0.1720	0.6024
fall	0.1945	0.3232	0.4822
fall	0.4972	0.3386	0.1641
fall	0.3202	0.3785	0.3012
fall	0.3619	0.3828	0.2553
fall	0.1583	0.3369	0.5049
fall	0.2115	0.1660	0.6225
fall	0.5247	0.2231	0.2521
fall	0.2642	0.2836	0.4523
fall	0.6131	0.1461	0.2408
fall	0.4815	0.1085	0.4100
fall	0.1372	0.4148	0.4481
fall	0.2721	0.1825	0.5454
fall	0.5835	0.1206	0.2959
fall	0.5746	0.2527	0.1727
fall	0.6807	0.1254	0.1938
fall	0.5776	0.3584	0.0640
fall	0.3125	0.3912	0.2962
fall	0.7562	0.1125	0.1313
fall	0.6853	0.1415	0.1731
fall	0.2255	0.2931	0.4814
fall	0.2658	0.1124	0.6218
fall	0.6479	0.0666	0.2855
fall	0.3693	0.1003	0.5304
fall	0.4525	0.2689	0.2785
fall	0.6290	0.2375	0.1335
fall	0.2030	0.4529	0.3442
fall	0.1185	0.7578	0.1237
fall	0.0944	0.8292	0.0764
fall	0.0588	0.8930	0.0482
fall	0.3299	0.5530	0.1171
fall	0.4759	0.0881	0.4360
fall	0.5379	0.2141	0.2480
fall	0.1930	0.6154	0.1917
fall	0.3036	0.0679	0.6285
fall	0.3831	0.0819	0.5350
fall	0.1933	0.5469	0.2598
fall	0.6199	0.0740	0.3061
fall	0.6094	0.2521	0.1385
fall	0.0738	0.8793	0.0469
fall	0.5298	0.3605	0.1097
fall	0.2137	0.4767	0.3096
fall	0.4993	0.4122	0.0885
fall	0.3517	0.2988	0.3496
fall	0.4196	0.4625	0.1180
fall	0.1723	0.4291	0.3987
fall	0.7527	0.0996	0.1477
fall	0.6576	0.0707	0.2717
fall	0.2087	0.5121	0.2792
fall	0.2508	0.4254	0.3238
fall	0.3409	0.1946	0.4645
fall	0.5769	0.2269	0.1962
fall	0.3855	0.1858	0.4287
fall	0.6311	0.1343	0.2347
fall	0.4116	0.4365	0.1519
fall	0.0997	0.7166	0.1838
fall	0.3709	0.3639	0.2652
fall	0.4182	0.2834	0.2984
fall	0.0563	0.8654	0.0783
fall	0.2466	0.0790	0.6744
fall	0.2442	0.2983	0.4576
fall	0.2819	0.0809	0.6372
fall	0.4069	0.4583	0.1348
fall	0.2782	0.2121	0.5097
fall	0.7433	0.1489	0.1078
fall	0.3469	0.2057	0.4474
fall	0.7368	0.1610	0.1022
fall	0.0684	0.8927	0.0389
fall	0.1980	0.6552	0.1468
fall	0.2467	0.2513	0.5020
fall	0.7823	0.1245	0.0932
fall	0.1651	0.4817	0.3533
fall	0.5122	0.0897	0.3981
fall	0.3898	0.2041	0.4061
fall	0.6147	0.0906	0.2947
fall	0.4475	0.3349	0.2177
fall	0.3768	0.5119	0.1113
fall	0.4188	0.0985	0.4827
fall	0.2831	0.2484	0.4685
fall	0.0516	0.8915	0.0569
fall	0.8175	0.0923	0.0902
fall	0.7493	0.0831	0.1677
fall	0.0480	0.8348	0.1172
fall	0.5392	0.2299	0.2310
fall	0.3783	0.3938	0.2279
fall	0.0454	0.9080	0.0466
fall	0.7065	0.0842	0.2093
fall	0.6629	0.2379	0.0992
fall	0.1718	0.6027	0.2255
fall	0.0726	0.8502	0.0772
fall	0.0577	0.8731	0.0692
fall	0.5271	0.3868	0.0861
fall	0.3161	0.0742	0.6097
fall	0.7775	0.1199	0.1026
fall	0.1901	0.7010	0.1089
fall	0.2724	0.5489	0.1787
fall	0.6326	0.1940	0.1735
fall	0.1104	0.7941	0.0954
fall	0.6739	0.0695	0.2566
fall	0.5854	0.1823	0.2322
fall	0.2728	0.0641	0.6631
fall	0.6307	0.2533	0.1160
fall	0.5915	0.2520	0.1565
halfpounder	0.2709	0.1341	0.5950
halfpounder	0.5898	0.1640	0.2461
halfpounder	0.7143	0.1684	0.1174
halfpounder	0.1422	0.7202	0.1376
halfpounder	0.1270	0.7198	0.1532
halfpounder	0.0715	0.8649	0.0636
halfpounder	0.2423	0.3986	0.3591
halfpounder	0.1975	0.0907	0.7118
halfpounder	0.0704	0.8691	0.0605
halfpounder	0.7236	0.1078	0.1686
halfpounder	0.0790	0.8762	0.0448
halfpounder	0.6119	0.1640	0.2241
halfpounder	0.2126	0.2850	0.5024
halfpounder	0.3331	0.0664	0.6005
halfpounder	0.2490	0.5513	0.1998
halfpounder	0.1774	0.4271	0.3954
halfpounder	0.2065	0.5335	0.2600
halfpounder	0.1169	0.7536	0.1295
halfpounder	0.8082	0.0745	0.1173
halfpounder	0.6934	0.1556	0.1510
halfpounder	0.3706	0.3710	0.2584
halfpounder	0.6399	0.1257	0.2344
halfpounder	0.6789	0.1727	0.1484
halfpounder	0.1358	0.7789	0.0853
halfpounder	0.1981	0.6417	0.1601
halfpounder	0.2455	0.4455	0.3090
halfpounder	0.5091	0.2458	0.2451
halfpounder	0.5827	0.1013	0.3160
halfpounder	0.2708	0.1068	0.6224
halfpounder	0.0723	0.7041	0.2236
halfpounder	0.3236	0.0653	0.6111
halfpounder	0.4578	0.2693	0.2729
halfpounder	0.2144	0.1451	0.6405
halfpounder	0.7595	0.0701	0.1704
halfpounder	0.4664	0.3187	0.2149
halfpounder	0.2586	0.3790	0.3624
halfpounder	0.7053	0.0622	0.2325
halfpounder	0.7623	0.1338	0.1038
halfpounder	0.4663	0.1512	0.3824
halfpounder	0.1749	0.7112	0.1139
halfpounder	0.3111	0.5518	0.1371
halfpounder	0.1911	0.2477	0.5612
halfpounder	0.4054	0.1926	0.4019
halfpounder	0.3963	0.1146	0.4890
halfpounder	0.4943	0.2239	0.2818
halfpounder	0.1521	0.2496	0.5983
halfpounder	0.1528	0.0630	0.7842
halfpounder	0.5624	0.2752	0.1624
halfpounder	0.0631	0.8867	0.0502
halfpounder	0.1462	0.2845	0.5693
halfpounder	0.3153	0.2021	0.4826
halfpounder	0.3735	0.2471	0.3794
halfpounder	0.2167	0.3867	0.3965
halfpounder	0.4295	0.1441	0.4264
halfpounder	0.5511	0.0848	0.3641
halfpounder	0.2182	0.5815	0.2003
halfpounder	0.5464	0.3571	0.0965
halfpounder	0.7728	0.1413	0.0859
halfpounder	0.4517	0.4553	0.0931
halfpounder	0.2194	0.3865	0.3942
halfpounder	0.2537	0.1657	0.5807
halfpounder	0.4618	0.3180	0.2202
halfpounder	0.6107	0.2034	0.1859
halfpounder	0.0582	0.8676	0.0742
halfpounder	0.5815	0.0926	0.3259
halfpounder	0.1043	0.2594	0.6363
halfpounder	0.1466	0.7888	0.0647
halfpounder	0.1324	0.3326	0.5350
halfpounder	0.1373	0.6136	0.2491
halfpounder	0.5250	0.1932	0.2818
halfpounder	0.3418	0.3570	0.3011
halfpounder	0.2074	0.4038	0.3888
halfpounder	0.6165	0.1429	0.2406
halfpounder	0.1040	0.1600	0.7360
halfpounder	0.1251	0.3525	0.5224
halfpounder	0.2085	0.3253	0.4663
halfpounder	0.5799	0.2872	0.1329
halfpounder	0.6247	0.1391	0.2362
halfpounder	0.7639	0.1064	0.1297
halfpounder	0.2478	0.3112	0.4410
halfpounder	0.3240	0.2146	0.4614
halfpounder	0.3200	0.1116	0.5684
halfpounder	0.6321	0.1193	0.2486
halfpounder	0.5290	0.1108	0.3602
halfpounder	0.8164	0.0810	0.1026
halfpounder	0.7772	0.1202	0.1026
halfpounder	0.7546	0.0779	0.1674
halfpounder	0.3403	0.0669	0.5928
halfpounder	0.5858	0.1870	0.2272
halfpounder	0.3238	0.1531	0.5231
halfpounder	0.1191	0.0896	0.7913
halfpounder	0.2823	0.0886	0.6291
halfpounder	0.7442	0.1271	0.1288
halfpounder	0.6460	0.1589	0.1951
halfpounder	0.3453	0.1641	0.4906
halfpounder	0.4561	0.1546	0.3894
halfpounder	0.3533	0.3316	0.3150
halfpounder	0.3542	0.4127	0.2331
halfpounder	0.4144	0.1369	0.4488
halfpounder	0.2664	0.6678	0.0658
halfpounder	0.7689	0.0537	0.1774
halfpounder	0.6301	0.2803	0.0896
halfpounder	0.2565	0.3148	0.4288
halfpounder	0.6712	0.1469	0.1820
halfpounder	0.0860	0.7970	0.1169
halfpounder	0.1468	0.1467	0.7065
halfpounder	0.4606	0.2703	0.2690
halfpounder	0.5259	0.1856	0.2884
halfpounder	0.5890	0.1014	0.3096
halfpounder	0.3842	0.1135	0.5023
halfpounder	0.0757	0.1560	0.7683
halfpounder	0.2107	0.6241	0.1652
halfpounder	0.0881	0.2704	0.6415
halfpounder	0.7534	0.0846	0.1620
halfpounder	0.2920	0.2563	0.4518
halfpounder	0.8239	0.0786	0.0975
halfpounder	0.2640	0.1234	0.6126
halfpounder	0.3709	0.1808	0.4484
halfpounder	0.1225	0.3943	0.4831
halfpounder	0.4506	0.2378	0.3116
halfpounder	0.5838	0.1974	0.2188
halfpounder	0.7548	0.0871	0.1581
halfpounder	0.2081	0.2698	0.5221
halfpounder	0.5896	0.1515	0.2589
halfpounder	0.7080	0.1825	0.1095
halfpounder	0.8270	0.0699	0.1031
halfpounder	0.2576	0.1324	0.6100
halfpounder	0.1907	0.5529	0.2564
halfpounder	0.3469	0.3556	0.2976
halfpounder	0.2174	0.0819	0.7007
halfpounder	0.4489	0.1759	0.3752
halfpounder	0.0822	0.8651	0.0527
halfpounder	0.7258	0.1118	0.1624
halfpounder	0.0825	0.7853	0.1322
halfpounder	0.4389	0.0518	0.5093
halfpounder	0.6262	0.1637	0.2101
halfpounder	0.4874	0.0873	0.4253
halfpounder	0.2981	0.0927	0.6092
halfpounder	0.3980	0.1738	0.4282
halfpounder	0.4294	0.2353	0.3352
halfpounder	0.7128	0.0537	0.2335
halfpounder	0.0520	0.9059	0.0421
halfpounder	0.1538	0.3497	0.4966
halfpounder	0.3507	0.2034	0.4460
halfpounder	0.8771	0.0308	0.0921
halfpounder	0.5352	0.1605	0.3043
halfpounder	0.6224	0.1765	0.2012
halfpounder	0.2255	0.2590	0.5155
halfpounder	0.5932	0.1170	0.2898
halfpounder	0.1824	0.1941	0.6235
halfpounder	0.4567	0.2450	0.2984
halfpounder	0.4045	0.1835	0.4121
halfpounder	0.6039	0.1855	0.2106
halfpounder	0.6279	0.1657	0.2064
halfpounder	0.2026	0.1149	0.6826
halfpounder	0.4259	0.1043	0.4698
halfpounder	0.5946	0.2235	0.1819
halfpounder	0.2922	0.0945	0.6133
halfpounder	0.4361	0.1405	0.4235
halfpounder	0.1175	0.0806	0.8019
halfpounder	0.2572	0.1795	0.5633
halfpounder	0.6428	0.1624	0.1948
halfpounder	0.8116	0.0757	0.1127
halfpounder	0.1795	0.1341	0.6864
halfpounder	0.0602	0.8147	0.1251
halfpounder	0.1704	0.4117	0.4179
halfpounder	0.5301	0.1313	0.3386
halfpounder	0.2798	0.2086	0.5117
halfpounder	0.5653	0.3055	0.1292
halfpounder	0.4099	0.0578	0.5323
halfpounder	0.3222	0.2786	0.3992
halfpounder	0.4494	0.1267	0.4238
halfpounder	0.6582	0.2359	0.1059
halfpounder	0.2385	0.0901	0.6714
halfpounder	0.1368	0.2869	0.5763
halfpounder	0.3312	0.2228	0.4460
halfpounder	0.1841	0.1558	0.6601
halfpounder	0.6652	0.1755	0.1594
halfpounder	0.5468	0.1666	0.2866
halfpounder	0.5848	0.2698	0.1454
halfpounder	0.4929	0.1225	0.3845
halfpounder	0.2632	0.2914	0.4455
halfpounder	0.0348	0.9280	0.0372
halfpounder	0.1691	0.2738	0.5571
halfpounder	0.1941	0.0805	0.7254
halfpounder	0.6072	0.1093	0.2835
halfpounder	0.1143	0.0757	0.8100
halfpounder	0.5241	0.1234	0.3525
halfpounder	0.1044	0.4483	0.4474
halfpounder	0.4226	0.0604	0.5170
halfpounder	0.1875	0.5975	0.2150
halfpounder	0.2823	0.2359	0.4818
halfpounder	0.4970	0.1373	0.3657
halfpounder	0.3371	0.2836	0.3793
halfpounder	0.2931	0.5230	0.1839
halfpounder	0.1461	0.4344	0.4194
halfpounder	0.4473	0.2720	0.2808
halfpounder	0.2781	0.1320	0.5899
halfpounder	0.7648	0.0572	0.1780
halfpounder	0.5800	0.2261	0.1939
halfpounder	0.5583	0.0786	0.3631
halfpounder	0.7791	0.0931	0.1278
halfpounder	0.2172	0.1935	0.5893
halfpounder	0.6227	0.1174	0.2599
halfpounder	0.6596	0.0543	0.2861
halfpounder	0.0588	0.8484	0.0928
halfpounder	0.3394	0.2680	0.3926
halfpounder	0.2727	0.1826	0.5447
halfpounder	0.5659	0.2377	0.1965
halfpounder	0.3319	0.4277	0.2404
halfpounder	0.6371	0.0880	0.2749
halfpounder	0.3744	0.1267	0.4988
halfpounder	0.5599	0.1437	0.2964
halfpounder	0.4311	0.0430	0.5259
halfpounder	0.3847	0.2773	0.3379
halfpounder	0.3270	0.0617	0.6113
halfpounder	0.1729	0.1906	0.6365
halfpounder	0.2320	0.4351	0.3328
halfpounder	0.2828	0.1199	0.5973
halfpounder	0.1939	0.2042	0.6019
halfpounder	0.0958	0.8227	0.0814
halfpounder	0.2027	0.4743	0.3230
halfpounder	0.4091	0.3927	0.1983
halfpounder	0.6022	0.2501	0.1477
halfpounder	0.8061	0.1097	0.0842
halfpounder	0.0739	0.0808	0.8453
halfpounder	0.1895	0.0648	0.7457
halfpounder	0.3729	0.0776	0.5495
halfpounder	0.3274	0.2389	0.4338
halfpounder	0.3780	0.1161	0.5059
halfpounder	0.3586	0.1271	0.5144
halfpounder	0.4114	0.4079	0.1807
halfpounder	0.2742	0.0908	0.6350
halfpounder	0.5616	0.3373	0.1011
halfpounder	0.2344	0.1251	0.6405
halfpounder	0.1796	0.4391	0.3812
halfpounder	0.2130	0.5137	0.2732
halfpounder	0.6824	0.1875	0.1301
halfpounder	0.6903	0.0931	0.2165
halfpounder	0.7664	0.1098	0.1238
halfpounder	0.7560	0.0703	0.1737
halfpounder	0.6036	0.1082	0.2882
halfpounder	0.1661	0.4161	0.4178
halfpounder	0.1851	0.6101	0.2049
halfpounder	0.1015	0.2153	0.6832
halfpounder	0.2767	0.3772	0.3461
halfpounder	0.4330	0.4093	0.1577
halfpounder	0.3635	0.0900	0.5465
halfpounder	0.1497	0.0632	0.7871
halfpounder	0.3609	0.4665	0.1727
halfpounder	0.8681	0.0631	0.0688
halfpounder	0.1677	0.1771	0.6552
halfpounder	0.3054	0.0510	0.6436
halfpounder	0.1213	0.1935	0.6852
halfpounder	0.6445	0.2254	0.1301
halfpounder	0.2742	0.1799	0.5459
halfpounder	0.2350	0.4668	0.2982
halfpounder	0.5793	0.3464	0.0743
halfpounder	0.1945	0.6398	0.1657
halfpounder	0.4623	0.1002	0.4375
halfpounder	0.1959	0.5038	0.3002
halfpounder	0.0862	0.0951	0.8187
halfpounder	0.2600	0.3089	0.4310
halfpounder	0.2555	0.4952	0.2493
halfpounder	0.3708	0.1973	0.4319
halfpounder	0.5508	0.3397	0.1095
halfpounder	0.5695	0.1455	0.2850
halfpounder	0.5712	0.2094	0.2194
halfpounder	0.6116	0.1999	0.1885
halfpounder	0.6183	0.2482	0.1335
halfpounder	0.1993	0.6205	0.1802
halfpounder	0.1744	0.1724	0.6532
halfpounder	0.1848	0.1120	0.7033
halfpounder	0.2008	0.0466	0.7526
halfpounder	0.6659	0.1722	0.1619
halfpounder	0.3173	0.1316	0.5511
halfpounder	0.4638	0.1370	0.3992
halfpounder	0.2715	0.1147	0.6138
halfpounder	0.3253	0.5667	0.1080
halfpounder	0.4550	0.1428	0.4022
halfpounder	0.4479	0.1189	0.4333
halfpounder	0.0944	0.1476	0.7581
halfpounder	0.2362	0.3619	0.4019
halfpounder	0.3075	0.1481	0.5444
halfpounder	0.5254	0.2652	0.2095
halfpounder	0.1278	0.7276	0.1446
halfpounder	0.0862	0.3663	0.5475
halfpounder	0.6368	0.1019	0.2613
halfpounder	0.6720	0.1064	0.2217
halfpounder	0.3688	0.0906	0.5406
halfpounder	0.5764	0.2849	0.1387
halfpounder	0.6080	0.2278	0.1642
halfpounder	0.3306	0.4004	0.2691
halfpounder	0.2445	0.2425	0.5130
halfpounder	0.3420	0.0413	0.6167
halfpounder	0.4250	0.3997	0.1754
halfpounder	0.3554	0.2098	0.4348
halfpounder	0.7851	0.1271	0.0878
halfpounder	0.6541	0.0727	0.2732
halfpounder	0.6536	0.1009	0.2455
halfpounder	0.3071	0.5726	0.1203
halfpounder	0.0670	0.8942	0.0388
halfpounder	0.6922	0.2272	0.0806
halfpounder	0.1220	0.3807	0.4972
halfpounder	0.5066	0.2056	0.2878
halfpounder	0.4905	0.4299	0.0796
halfpounder	0.6142	0.0586	0.3272
halfpounder	0.8810	0.0540	0.0650
halfpounder	0.5589	0.1287	0.3124
halfpounder	0.0714	0.0780	0.8506
halfpounder	0.5665	0.3196	0.1139
halfpounder	0.2254	0.1497	0.6249
halfpounder	0.4336	0.2890	0.2773
halfpounder	0.4694	0.2115	0.3191
halfpounder	0.2735	0.4900	0.2365
halfpounder	0.8719	0.0412	0.0869
halfpounder	0.7762	0.0794	0.1444
halfpounder	0.4214	0.3590	0.2196
winter	0.5413	0.1463	0.3124
halfpounder	0.5981	0.2021	0.1998
winter	0.6827	0.0660	0.2513
winter	0.8726	0.0515	0.0759
winter	0.7412	0.1501	0.1087
halfpounder	0.4881	0.1174	0.3945
winter	0.6815	0.1204	0.1981
summer	0.2540	0.1035	0.6425
halfpounder	0.7262	0.1109	0.1629
summer	0.1532	0.2835	0.5633
summer	0.0951	0.0972	0.8077
summer	0.0610	0.0534	0.8856
summer	0.0630	0.1440	0.7930
summer	0.0717	0.0646	0.8637
winter	0.6219	0.2841	0.0940
halfpounder	0.4475	0.2241	0.3284
winter	0.4983	0.1683	0.3334
winter	0.7473	0.0940	0.1587
winter	0.4469	0.2032	0.3498
winter	0.6287	0.2734	0.0979
halfpounder	0.1656	0.6133	0.2211
winter	0.7730	0.1326	0.0944
summer	0.1992	0.4321	0.3686
summer	0.0596	0.0842	0.8562
summer	0.1014	0.0476	0.8510
summer	0.2198	0.1617	0.6185
summer	0.1377	0.1124	0.7499
summer	0.2855	0.1066	0.6079
winter	0.5336	0.0878	0.3786
winter	0.6410	0.1518	0.2072
winter	0.4475	0.0521	0.5004
winter	0.5473	0.2935	0.1592
winter	0.5239	0.1624	0.3136
halfpounder	0.3229	0.4518	0.2254
winter	0.3430	0.3056	0.3514
summer	0.1316	0.2121	0.6563
halfpounder	0.2018	0.1796	0.6186
summer	0.2448	0.0913	0.6639
summer	0.0551	0.2366	0.7083
summer	0.0820	0.0662	0.8519
summer	0.0668	0.0566	0.8766
winter	0.5606	0.1772	0.2622
winter	0.7224	0.0693	0.2083
winter	0.3992	0.1935	0.4073
winter	0.6901	0.1665	0.1434
halfpounder	0.2598	0.1786	0.5616
winter	0.5537	0.1489	0.2974
halfpounder	0.4047	0.1863	0.4090
summer	0.3132	0.1158	0.5710
summer	0.1489	0.0352	0.8159
summer	0.1101	0.2520	0.6379
summer	0.0753	0.1180	0.8067
summer	0.1132	0.1179	0.7688
winter	0.6002	0.1630	0.2368
halfpounder	0.2787	0.5410	0.1803
winter	0.5032	0.1137	0.3831
winter	0.6490	0.1037	0.2473
winter	0.6469	0.2360	0.1171
winter	0.7039	0.1393	0.1569
halfpounder	0.6487	0.2142	0.1371
winter	0.6976	0.1309	0.1715
halfpounder	0.1385	0.8120	0.0495
summer	0.0768	0.0446	0.8786
halfpounder	0.0660	0.8155	0.1185
summer	0.2324	0.1193	0.6483
summer	0.1067	0.1343	0.7590
summer	0.0916	0.1726	0.7358
summer	0.0684	0.0506	0.8810
winter	0.3260	0.1855	0.4884
halfpounder	0.5328	0.0714	0.3959
winter	0.7897	0.0855	0.1248
winter	0.4549	0.1863	0.3588
winter	0.7781	0.0848	0.1371
winter	0.3876	0.2239	0.3884
halfpounder	0.4274	0.3238	0.2487
halfpounder	0.3562	0.2611	0.3828
summer	0.1457	0.1941	0.6602
summer	0.0648	0.1283	0.8069
summer	0.1049	0.0261	0.8690
summer	0.0660	0.0503	0.8837
summer	0.0872	0.0501	0.8627
halfpounder	0.7275	0.0855	0.1870
winter	0.7751	0.1015	0.1234
winter	0.5739	0.2149	0.2111
winter	0.3157	0.1883	0.4961
winter	0.6873	0.1576	0.1550
summer	0.1589	0.2517	0.5894
summer	0.1140	0.0777	0.8083
summer	0.0977	0.0532	0.8491
summer	0.1141	0.0986	0.7873
summer	0.0798	0.0341	0.8861
halfpounder	0.1096	0.5314	0.3590
winter	0.7733	0.0719	0.1548
winter	0.4727	0.1070	0.4204
winter	0.5421	0.1441	0.3138
halfpounder	0.2847	0.3118	0.4036
halfpounder	0.5977	0.1110	0.2913
summer	0.1962	0.0965	0.7073
summer	0.0617	0.0999	0.8384
summer	0.0710	0.0297	0.8993
summer	0.2546	0.0541	0.6913
summer	0.1215	0.0641	0.8144
halfpounder	0.1815	0.6666	0.1519
halfpounder	0.3072	0.5059	0.1869
halfpounder	0.1243	0.1412	0.7346
halfpounder	0.0596	0.8607	0.0797
halfpounder	0.1643	0.0895	0.7462
halfpounder	0.6165	0.2570	0.1265
halfpounder	0.1533	0.1444	0.7023
halfpounder	0.6501	0.2446	0.1053
halfpounder	0.0548	0.8681	0.0771
halfpounder	0.0774	0.6710	0.2516
halfpounder	0.1261	0.8185	0.0554
halfpounder	0.7316	0.1253	0.1431
halfpounder	0.4928	0.1490	0.3582
halfpounder	0.6472	0.0957	0.2571
halfpounder	0.6364	0.2126	0.1510
halfpounder	0.1663	0.5242	0.3095
halfpounder	0.1902	0.5339	0.2759
halfpounder	0.2927	0.2824	0.4248
halfpounder	0.1054	0.5347	0.3599
halfpounder	0.5323	0.0982	0.3695
halfpounder	0.0561	0.8817	0.0622
halfpounder	0.7903	0.0923	0.1174
halfpounder	0.8397	0.1106	0.0497
halfpounder	0.3612	0.3920	0.2468
halfpounder	0.5140	0.1764	0.3096
halfpounder	0.2316	0.1887	0.5796
halfpounder	0.4299	0.2633	0.3067
halfpounder	0.4477	0.3375	0.2148
halfpounder	0.7547	0.0549	0.1904
halfpounder	0.1927	0.0710	0.7362
halfpounder	0.3341	0.1151	0.5508
halfpounder	0.0858	0.8626	0.0516
halfpounder	0.4982	0.1131	0.3888
halfpounder	0.3274	0.2215	0.4512
halfpounder	0.1506	0.0649	0.7845
halfpounder	0.5670	0.3127	0.1204
halfpounder	0.2565	0.5320	0.2115
halfpounder	0.1186	0.5488	0.3326
halfpounder	0.7656	0.0978	0.1366
halfpounder	0.6798	0.2338	0.0864
halfpounder	0.6098	0.0875	0.3027
halfpounder	0.2396	0.1002	0.6603
halfpounder	0.4067	0.4958	0.0975
halfpounder	0.0477	0.9149	0.0374
halfpounder	0.7029	0.0626	0.2345
halfpounder	0.0911	0.0795	0.8293
halfpounder	0.0740	0.1024	0.8235
halfpounder	0.0662	0.8471	0.0867
halfpounder	0.3901	0.2102	0.3996
halfpounder	0.4826	0.2522	0.2652
halfpounder	0.1400	0.1914	0.6685
halfpounder	0.1214	0.6296	0.2490
halfpounder	0.3579	0.5552	0.0869
halfpounder	0.0807	0.8533	0.0660
halfpounder	0.1822	0.1478	0.6700
halfpounder	0.1032	0.0722	0.8246
halfpounder	0.7118	0.0787	0.2095
halfpounder	0.7275	0.1712	0.1012
halfpounder	0.7580	0.1248	0.1172
halfpounder	0.3473	0.4746	0.1781
halfpounder	0.0820	0.8530	0.0649
halfpounder	0.5248	0.4012	0.0740
halfpounder	0.0674	0.8438	0.0888
halfpounder	0.0615	0.8790	0.0595
halfpounder	0.4162	0.2213	0.3625
halfpounder	0.0838	0.7967	0.1195
halfpounder	0.0474	0.8507	0.1019
halfpounder	0.5332	0.1272	0.3396
halfpounder	0.1024	0.2204	0.6773
halfpounder	0.5883	0.2081	0.2036
halfpounder	0.0634	0.8148	0.1218
halfpounder	0.0584	0.2773	0.6643
halfpounder	0.4488	0.3094	0.2419
halfpounder	0.0782	0.8624	0.0594
halfpounder	0.4398	0.3823	0.1780
halfpounder	0.2794	0.6134	0.1072
halfpounder	0.1066	0.7929	0.1005
halfpounder	0.7677	0.0388	0.1935
halfpounder	0.0780	0.8580	0.0640
halfpounder	0.1795	0.2970	0.5235
halfpounder	0.5405	0.0930	0.3665
halfpounder	0.2066	0.5625	0.2309
halfpounder	0.7760	0.0881	0.1359
halfpounder	0.0585	0.8001	0.1414
halfpounder	0.5024	0.1177	0.3799
halfpounder	0.6357	0.0769	0.2874
halfpounder	0.6213	0.1309	0.2478
halfpounder	0.2455	0.3513	0.4032
halfpounder	0.1075	0.6560	0.2365
halfpounder	0.3465	0.4484	0.2050
halfpounder	0.0950	0.1208	0.7842
halfpounder	0.5342	0.0810	0.3848
halfpounder	0.5898	0.2225	0.1878
halfpounder	0.1380	0.5874	0.2746
halfpounder	0.0780	0.8529	0.0691
halfpounder	0.0444	0.9103	0.0453
halfpounder	0.2459	0.5182	0.2359
halfpounder	0.3572	0.2435	0.3992
halfpounder	0.3214	0.2228	0.4559
halfpounder	0.6067	0.1372	0.2561
halfpounder	0.0731	0.8863	0.0406
halfpounder	0.2557	0.1051	0.6392
halfpounder	0.6224	0.1240	0.2536
halfpounder	0.4425	0.1929	0.3646
halfpounder	0.1745	0.4906	0.3349
halfpounder	0.1406	0.5991	0.2603
halfpounder	0.1814	0.5580	0.2606
halfpounder	0.6401	0.1413	0.2186
halfpounder	0.4055	0.2676	0.3269
halfpounder	0.7494	0.0856	0.1650
halfpounder	0.1903	0.1229	0.6868
halfpounder	0.1380	0.7664	0.0956
halfpounder	0.0433	0.9225	0.0342
halfpounder	0.0552	0.8654	0.0794
halfpounder	0.1869	0.3078	0.5053
halfpounder	0.0553	0.8589	0.0858
halfpounder	0.1071	0.7750	0.1179
halfpounder	0.0642	0.1136	0.8223
halfpounder	0.5445	0.3865	0.0690
halfpounder	0.2517	0.0953	0.6530
halfpounder	0.5171	0.1208	0.3621
halfpounder	0.2168	0.1161	0.6671
halfpounder	0.0782	0.8266	0.0952
halfpounder	0.0765	0.1921	0.7314
halfpounder	0.1858	0.1713	0.6430
halfpounder	0.0705	0.8743	0.0552
halfpounder	0.6819	0.1470	0.1712
halfpounder	0.1419	0.2579	0.6002
halfpounder	0.1343	0.2084	0.6573
halfpounder	0.3401	0.5187	0.1412
halfpounder	0.3353	0.3926	0.2720
halfpounder	0.0379	0.9250	0.0371
halfpounder	0.2509	0.3991	0.3499
halfpounder	0.1062	0.7775	0.1163
halfpounder	0.5347	0.1695	0.2958
