pop	clust1	clust2	clust3	clust4	clust5
fall	0.2493	0.1198	0.2657	0.0172	0.3480	
fall	0.1842	0.0622	0.4967	0.0758	0.1812	
fall	0.2042	0.0792	0.3758	0.0657	0.2751	
fall	0.1296	0.3444	0.1763	0.0224	0.3272	
fall	0.0117	0.0141	0.0167	0.9418	0.0157	
fall	0.0515	0.0805	0.1594	0.1570	0.5516	
fall	0.1412	0.3746	0.1352	0.1837	0.1652	
fall	0.1699	0.3065	0.3860	0.0171	0.1205	
fall	0.1696	0.0727	0.2207	0.2503	0.2867	
fall	0.1529	0.0983	0.2107	0.4614	0.0768	
fall	0.1578	0.3181	0.0694	0.0602	0.3945	
fall	0.0557	0.1369	0.1831	0.1020	0.5222	
fall	0.1186	0.5443	0.2374	0.0268	0.0729	
fall	0.0319	0.3144	0.0875	0.4504	0.1159	
fall	0.0389	0.3777	0.0722	0.4218	0.0893	
fall	0.1510	0.3497	0.1669	0.0922	0.2403	
fall	0.0209	0.2529	0.4099	0.0786	0.2377	
fall	0.2322	0.2023	0.4385	0.0257	0.1014	
fall	0.1340	0.4056	0.3275	0.0489	0.0840	
fall	0.0355	0.2045	0.1436	0.2484	0.3679	
fall	0.1142	0.2150	0.3106	0.2296	0.1306	
fall	0.3345	0.1836	0.2185	0.0763	0.1872	
fall	0.1096	0.0891	0.3638	0.2623	0.1752	
fall	0.7943	0.0429	0.0614	0.0174	0.0840	
fall	0.0845	0.3328	0.2285	0.2331	0.1210	
fall	0.2383	0.0750	0.4710	0.0966	0.1191	
fall	0.0555	0.5279	0.1098	0.0518	0.2551	
fall	0.8556	0.0297	0.0436	0.0249	0.0462	
fall	0.1106	0.2087	0.3690	0.0613	0.2504	
fall	0.0512	0.0451	0.1320	0.7043	0.0674	
fall	0.1193	0.2052	0.2610	0.0424	0.3721	
fall	0.2206	0.2143	0.2940	0.1320	0.1392	
fall	0.3205	0.1095	0.2008	0.0993	0.2698	
fall	0.0744	0.2401	0.1050	0.5125	0.0681	
fall	0.3044	0.1221	0.3574	0.0671	0.1489	
fall	0.1053	0.2069	0.3102	0.1602	0.2173	
fall	0.6617	0.0846	0.0815	0.1045	0.0677	
fall	0.3610	0.0695	0.0919	0.4224	0.0551	
fall	0.0425	0.1507	0.6543	0.0597	0.0927	
fall	0.0460	0.2064	0.1631	0.3357	0.2487	
fall	0.0895	0.4604	0.1477	0.0400	0.2623	
fall	0.0216	0.0467	0.0458	0.8292	0.0567	
fall	0.1471	0.0982	0.3428	0.0412	0.3708	
fall	0.0973	0.0699	0.3297	0.0342	0.4689	
fall	0.2845	0.0794	0.1048	0.3508	0.1804	
fall	0.4114	0.1216	0.2772	0.0783	0.1116	
fall	0.7087	0.0698	0.0726	0.0598	0.0891	
fall	0.1363	0.1341	0.3199	0.0416	0.3681	
fall	0.3170	0.1781	0.1893	0.0336	0.2820	
fall	0.0274	0.4645	0.2706	0.0222	0.2152	
fall	0.0529	0.0764	0.0497	0.7444	0.0766	
fall	0.0363	0.0339	0.0403	0.8533	0.0362	
fall	0.7264	0.0476	0.0867	0.0350	0.1043	
fall	0.5260	0.1108	0.1705	0.0704	0.1223	
fall	0.0605	0.2814	0.3641	0.0818	0.2121	
fall	0.6404	0.1355	0.0791	0.0787	0.0663	
fall	0.6569	0.0973	0.1387	0.0203	0.0868	
fall	0.0556	0.0666	0.0981	0.6894	0.0904	
fall	0.5242	0.1306	0.1423	0.0196	0.1832	
fall	0.0995	0.4301	0.1606	0.1097	0.2001	
fall	0.4337	0.1378	0.2249	0.0507	0.1528	
fall	0.0784	0.1123	0.4129	0.0346	0.3617	
fall	0.4460	0.0699	0.0832	0.2447	0.1561	
fall	0.1231	0.2138	0.1764	0.0839	0.4028	
fall	0.1196	0.3603	0.2882	0.0484	0.1835	
fall	0.0423	0.4212	0.1581	0.2786	0.0998	
fall	0.5527	0.1703	0.1269	0.0337	0.1164	
fall	0.3253	0.0837	0.3883	0.0563	0.1464	
fall	0.5503	0.0717	0.1119	0.2069	0.0593	
fall	0.2241	0.1531	0.3196	0.0332	0.2700	
fall	0.1466	0.2780	0.2915	0.0401	0.2438	
fall	0.1143	0.1713	0.1979	0.0269	0.4896	
fall	0.2250	0.0669	0.3438	0.1863	0.1779	
fall	0.0386	0.1776	0.1291	0.0300	0.6247	
fall	0.2543	0.2640	0.2329	0.1230	0.1258	
fall	0.6945	0.0476	0.1141	0.0534	0.0904	
fall	0.0168	0.0204	0.0179	0.9183	0.0266	
fall	0.0815	0.1616	0.4992	0.0412	0.2166	
fall	0.1418	0.1446	0.4550	0.0559	0.2026	
fall	0.0805	0.0855	0.0525	0.7057	0.0758	
fall	0.0913	0.1126	0.1555	0.4205	0.2202	
fall	0.6711	0.0678	0.1105	0.0189	0.1316	
fall	0.3791	0.2293	0.2103	0.0480	0.1332	
fall	0.0603	0.1748	0.4441	0.1415	0.1793	
fall	0.1831	0.2517	0.3791	0.0353	0.1508	
fall	0.0280	0.4913	0.1534	0.1200	0.2073	
fall	0.3544	0.1212	0.3125	0.0437	0.1681	
halfpounder	0.0287	0.0447	0.0569	0.8332	0.0365	
halfpounder	0.0724	0.2037	0.5273	0.0642	0.1325	
halfpounder	0.0182	0.0253	0.0260	0.9043	0.0262	
halfpounder	0.3535	0.2695	0.1931	0.0164	0.1676	
halfpounder	0.6628	0.0883	0.1112	0.0559	0.0819	
halfpounder	0.7838	0.0524	0.0825	0.0187	0.0626	
halfpounder	0.0375	0.1556	0.2829	0.1417	0.3823	
halfpounder	0.0337	0.1007	0.4827	0.1108	0.2721	
halfpounder	0.0599	0.5378	0.1567	0.0752	0.1704	
halfpounder	0.7156	0.0268	0.0649	0.1537	0.0390	
halfpounder	0.1361	0.2366	0.2390	0.0342	0.3540	
halfpounder	0.5352	0.1593	0.1011	0.0829	0.1214	
halfpounder	0.0709	0.1813	0.5353	0.0426	0.1699	
halfpounder	0.1566	0.0841	0.1704	0.4986	0.0904	
halfpounder	0.0547	0.4067	0.2923	0.0840	0.1624	
halfpounder	0.1437	0.1490	0.3943	0.1390	0.1742	
halfpounder	0.4367	0.0929	0.2977	0.0325	0.1401	
halfpounder	0.5542	0.0642	0.0377	0.1396	0.2042	
halfpounder	0.0348	0.0148	0.0172	0.9160	0.0172	
halfpounder	0.1495	0.4662	0.1044	0.1057	0.1741	
halfpounder	0.2608	0.2487	0.1921	0.0650	0.2333	
halfpounder	0.0283	0.4695	0.1512	0.1664	0.1847	
halfpounder	0.4844	0.0535	0.0947	0.2850	0.0824	
halfpounder	0.5385	0.1451	0.1399	0.0854	0.0911	
halfpounder	0.0659	0.2409	0.2072	0.1219	0.3640	
halfpounder	0.0574	0.1340	0.1056	0.6184	0.0845	
halfpounder	0.0760	0.1859	0.5587	0.0413	0.1382	
halfpounder	0.3494	0.0420	0.1204	0.0539	0.4343	
halfpounder	0.0645	0.1395	0.5514	0.0823	0.1622	
halfpounder	0.0541	0.1701	0.3142	0.1553	0.3062	
halfpounder	0.1270	0.1629	0.5040	0.0264	0.1797	
halfpounder	0.0567	0.4479	0.2292	0.0454	0.2208	
halfpounder	0.8342	0.0466	0.0591	0.0175	0.0427	
halfpounder	0.0452	0.3049	0.3124	0.0441	0.2934	
halfpounder	0.1506	0.2250	0.3669	0.0594	0.1982	
halfpounder	0.1698	0.4174	0.2095	0.0217	0.1816	
halfpounder	0.0551	0.1054	0.1493	0.1251	0.5652	
halfpounder	0.3895	0.0641	0.2394	0.1072	0.1999	
halfpounder	0.0438	0.0645	0.0713	0.7019	0.1185	
halfpounder	0.0499	0.7707	0.0620	0.0345	0.0829	
halfpounder	0.5899	0.1264	0.1615	0.0454	0.0769	
halfpounder	0.1453	0.0853	0.3819	0.2809	0.1066	
halfpounder	0.0291	0.0886	0.2767	0.0505	0.5551	
halfpounder	0.1686	0.1033	0.3605	0.0729	0.2946	
halfpounder	0.4938	0.1439	0.1520	0.0454	0.1648	
halfpounder	0.0906	0.1408	0.4876	0.0260	0.2550	
halfpounder	0.1081	0.4218	0.2685	0.0726	0.1290	
halfpounder	0.8697	0.0295	0.0339	0.0275	0.0394	
halfpounder	0.1265	0.1997	0.4400	0.0396	0.1942	
halfpounder	0.0486	0.4550	0.0793	0.1827	0.2345	
halfpounder	0.0285	0.0621	0.0910	0.7165	0.1019	
halfpounder	0.0646	0.1672	0.4825	0.0229	0.2629	
halfpounder	0.0738	0.3686	0.3134	0.0948	0.1495	
halfpounder	0.1419	0.2241	0.2212	0.2877	0.1252	
halfpounder	0.2006	0.1826	0.1717	0.2997	0.1455	
halfpounder	0.7060	0.0416	0.0876	0.0497	0.1150	
halfpounder	0.0606	0.2301	0.5210	0.0163	0.1719	
halfpounder	0.0397	0.2290	0.2154	0.0331	0.4828	
halfpounder	0.5915	0.0750	0.1820	0.0728	0.0788	
halfpounder	0.1487	0.4936	0.1317	0.0601	0.1659	
halfpounder	0.1691	0.3853	0.1155	0.0219	0.3083	
halfpounder	0.4393	0.1487	0.2296	0.0727	0.1098	
halfpounder	0.4669	0.1925	0.1794	0.0567	0.1044	
halfpounder	0.1336	0.2384	0.4271	0.1045	0.0964	
halfpounder	0.1207	0.2634	0.0920	0.0446	0.4794	
halfpounder	0.8567	0.0418	0.0378	0.0323	0.0314	
halfpounder	0.0517	0.2939	0.3069	0.0579	0.2895	
halfpounder	0.2467	0.1754	0.2671	0.0893	0.2214	
halfpounder	0.2189	0.3105	0.1547	0.1105	0.2055	
halfpounder	0.2125	0.1158	0.2250	0.0696	0.3771	
halfpounder	0.1739	0.2167	0.3872	0.0191	0.2032	
halfpounder	0.0380	0.3315	0.2027	0.0412	0.3866	
halfpounder	0.2752	0.3294	0.0980	0.0585	0.2390	
halfpounder	0.2993	0.1781	0.1573	0.0262	0.3391	
halfpounder	0.1554	0.4129	0.1411	0.0518	0.2388	
halfpounder	0.5907	0.1272	0.1010	0.0401	0.1410	
halfpounder	0.0794	0.3568	0.2879	0.0286	0.2474	
halfpounder	0.1725	0.2110	0.2142	0.0235	0.3788	
halfpounder	0.0687	0.1926	0.2537	0.0477	0.4373	
halfpounder	0.3782	0.1642	0.2234	0.0863	0.1480	
halfpounder	0.0740	0.1405	0.6190	0.0573	0.1093	
halfpounder	0.0134	0.0294	0.0184	0.9169	0.0219	
halfpounder	0.6691	0.0697	0.0827	0.0565	0.1220	
halfpounder	0.0933	0.2672	0.2529	0.0279	0.3587	
halfpounder	0.3651	0.1113	0.1451	0.3041	0.0745	
halfpounder	0.0276	0.0361	0.0251	0.8761	0.0350	
halfpounder	0.1348	0.0938	0.2497	0.0307	0.4911	
halfpounder	0.0611	0.1400	0.4434	0.0286	0.3269	
halfpounder	0.5306	0.1337	0.1907	0.0820	0.0630	
halfpounder	0.8069	0.0323	0.0427	0.0141	0.1040	
halfpounder	0.0230	0.5284	0.0846	0.0409	0.3231	
halfpounder	0.4251	0.1796	0.1962	0.0204	0.1788	
halfpounder	0.0441	0.0315	0.0484	0.8455	0.0305	
halfpounder	0.0817	0.2120	0.2171	0.0473	0.4419	
halfpounder	0.0897	0.2430	0.3904	0.1391	0.1377	
halfpounder	0.0796	0.3035	0.2111	0.0328	0.3730	
halfpounder	0.1139	0.0965	0.1322	0.6029	0.0545	
halfpounder	0.0470	0.0617	0.8374	0.0111	0.0428	
halfpounder	0.5302	0.0587	0.2115	0.0867	0.1130	
halfpounder	0.0461	0.0667	0.0663	0.0242	0.7967	
halfpounder	0.1322	0.1395	0.2535	0.0368	0.4379	
halfpounder	0.3008	0.1338	0.2727	0.1639	0.1287	
halfpounder	0.7155	0.0832	0.0950	0.0382	0.0681	
halfpounder	0.4069	0.0669	0.0993	0.0369	0.3900	
halfpounder	0.0315	0.7445	0.1021	0.0355	0.0864	
halfpounder	0.1334	0.2596	0.1852	0.1135	0.3084	
halfpounder	0.0492	0.7735	0.0831	0.0185	0.0758	
halfpounder	0.0238	0.0644	0.0608	0.7856	0.0654	
halfpounder	0.0262	0.0607	0.1680	0.0305	0.7145	
halfpounder	0.3989	0.2015	0.1754	0.0557	0.1684	
halfpounder	0.0632	0.0922	0.0637	0.7276	0.0534	
halfpounder	0.0861	0.2026	0.5173	0.0241	0.1698	
halfpounder	0.6287	0.0652	0.1540	0.0753	0.0768	
halfpounder	0.0804	0.3203	0.1644	0.0234	0.4115	
halfpounder	0.8283	0.0661	0.0471	0.0153	0.0432	
halfpounder	0.1290	0.2043	0.1560	0.0437	0.4670	
halfpounder	0.1807	0.3086	0.1546	0.0463	0.3098	
halfpounder	0.0914	0.1249	0.1515	0.1195	0.5127	
halfpounder	0.0350	0.0386	0.0553	0.8364	0.0347	
halfpounder	0.1051	0.1602	0.1664	0.2564	0.3120	
halfpounder	0.0540	0.4656	0.1723	0.0342	0.2739	
halfpounder	0.1892	0.0668	0.2037	0.4741	0.0661	
halfpounder	0.0180	0.0270	0.0332	0.8826	0.0392	
halfpounder	0.0936	0.1928	0.4664	0.1408	0.1063	
halfpounder	0.4667	0.1310	0.0949	0.1660	0.1413	
halfpounder	0.0882	0.1363	0.3240	0.0355	0.4159	
halfpounder	0.0459	0.2005	0.0688	0.0380	0.6468	
halfpounder	0.0690	0.6915	0.1432	0.0249	0.0714	
halfpounder	0.0310	0.0547	0.0579	0.7729	0.0835	
halfpounder	0.0811	0.2127	0.1419	0.3819	0.1823	
halfpounder	0.4523	0.0989	0.1026	0.0318	0.3144	
halfpounder	0.0379	0.5124	0.1821	0.0931	0.1745	
halfpounder	0.1598	0.3302	0.2781	0.0136	0.2184	
halfpounder	0.0606	0.0961	0.2217	0.2100	0.4117	
halfpounder	0.3485	0.1847	0.1831	0.0382	0.2456	
halfpounder	0.1001	0.2776	0.1346	0.0512	0.4366	
halfpounder	0.0656	0.5630	0.1665	0.0296	0.1752	
halfpounder	0.0171	0.0230	0.0221	0.9167	0.0211	
halfpounder	0.0371	0.1497	0.4798	0.1746	0.1589	
halfpounder	0.0378	0.0233	0.0256	0.8782	0.0351	
halfpounder	0.0400	0.3780	0.1707	0.0375	0.3737	
halfpounder	0.1498	0.0953	0.2755	0.0294	0.4499	
halfpounder	0.1516	0.0992	0.1419	0.1818	0.4255	
halfpounder	0.0545	0.2303	0.2360	0.0772	0.4020	
halfpounder	0.1220	0.1761	0.5231	0.0449	0.1338	
halfpounder	0.1105	0.2530	0.1573	0.1511	0.3280	
halfpounder	0.0264	0.0249	0.0294	0.8962	0.0231	
halfpounder	0.1115	0.1284	0.0841	0.6285	0.0475	
halfpounder	0.1721	0.5268	0.0931	0.0274	0.1805	
halfpounder	0.1574	0.3853	0.1980	0.0587	0.2006	
halfpounder	0.0521	0.3616	0.1133	0.0856	0.3874	
halfpounder	0.0772	0.3586	0.4091	0.0759	0.0792	
halfpounder	0.1060	0.1527	0.3972	0.0480	0.2962	
halfpounder	0.4441	0.1233	0.1819	0.0883	0.1623	
halfpounder	0.1420	0.6575	0.1236	0.0193	0.0575	
halfpounder	0.3273	0.1868	0.2002	0.0500	0.2358	
halfpounder	0.3748	0.1158	0.1130	0.0679	0.3286	
halfpounder	0.0191	0.0208	0.0340	0.9036	0.0225	
halfpounder	0.5127	0.0861	0.0903	0.1750	0.1358	
halfpounder	0.1430	0.0807	0.0724	0.5894	0.1145	
halfpounder	0.0622	0.0771	0.2624	0.5162	0.0821	
halfpounder	0.0490	0.1774	0.1929	0.0646	0.5162	
halfpounder	0.1135	0.3036	0.2712	0.0849	0.2267	
halfpounder	0.0770	0.1379	0.2364	0.0449	0.5037	
halfpounder	0.7704	0.0391	0.0796	0.0352	0.0758	
halfpounder	0.0686	0.2695	0.4662	0.0806	0.1151	
halfpounder	0.4144	0.1098	0.1588	0.0595	0.2574	
halfpounder	0.4684	0.0619	0.2063	0.0327	0.2307	
halfpounder	0.3157	0.0856	0.0870	0.3035	0.2083	
halfpounder	0.0561	0.0896	0.1983	0.0731	0.5829	
fall	0.1445	0.2942	0.2546	0.1684	0.1383	
fall	0.0759	0.2207	0.2094	0.3795	0.1146	
fall	0.0627	0.6097	0.1780	0.0247	0.1249	
fall	0.0429	0.1453	0.5074	0.0464	0.2580	
fall	0.1203	0.1553	0.4438	0.0988	0.1817	
fall	0.4923	0.1413	0.0947	0.0562	0.2154	
fall	0.0917	0.1753	0.2271	0.0544	0.4514	
fall	0.2057	0.1704	0.2240	0.0466	0.3532	
fall	0.0465	0.0797	0.1840	0.0216	0.6682	
fall	0.0925	0.1658	0.4086	0.1293	0.2037	
fall	0.4079	0.1189	0.1750	0.1674	0.1307	
fall	0.0535	0.2736	0.3675	0.1480	0.1574	
fall	0.3584	0.0590	0.1896	0.0337	0.3592	
fall	0.0726	0.2717	0.2611	0.2640	0.1307	
fall	0.0386	0.1882	0.1612	0.1607	0.4513	
fall	0.1422	0.3378	0.3221	0.0382	0.1598	
fall	0.0411	0.0430	0.0948	0.7525	0.0685	
fall	0.2950	0.2980	0.1880	0.0979	0.1211	
fall	0.0901	0.4108	0.2421	0.0622	0.1948	
fall	0.0393	0.3575	0.3277	0.0738	0.2018	
fall	0.0547	0.1986	0.1322	0.3228	0.2917	
fall	0.0465	0.5887	0.1115	0.1768	0.0765	
fall	0.2782	0.0812	0.3320	0.1106	0.1981	
fall	0.0791	0.3106	0.4375	0.0486	0.1242	
fall	0.1148	0.1331	0.4308	0.1576	0.1638	
fall	0.0798	0.3263	0.2415	0.0453	0.3071	
fall	0.1476	0.1507	0.1416	0.0273	0.5329	
fall	0.3055	0.2557	0.1760	0.0484	0.2144	
fall	0.2482	0.2779	0.2007	0.0247	0.2485	
fall	0.0121	0.0120	0.0141	0.9488	0.0130	
fall	0.0419	0.0768	0.0589	0.7732	0.0491	
fall	0.0779	0.4444	0.1873	0.1386	0.1519	
fall	0.0176	0.0190	0.0181	0.9288	0.0165	
fall	0.1588	0.1184	0.1415	0.4196	0.1616	
fall	0.0652	0.2290	0.3175	0.1854	0.2029	
fall	0.6505	0.1142	0.1071	0.0272	0.1010	
fall	0.0527	0.2786	0.1285	0.3513	0.1889	
fall	0.1420	0.3048	0.2373	0.0265	0.2894	
fall	0.1417	0.4366	0.2237	0.0408	0.1573	
fall	0.0305	0.0660	0.0842	0.7412	0.0782	
fall	0.0542	0.6276	0.0902	0.0283	0.1997	
fall	0.2584	0.2176	0.1377	0.2509	0.1355	
fall	0.1022	0.3013	0.3635	0.0334	0.1995	
fall	0.0188	0.0287	0.0350	0.8838	0.0337	
fall	0.0575	0.2345	0.1006	0.4750	0.1323	
fall	0.0549	0.3689	0.3221	0.1058	0.1483	
fall	0.0813	0.5793	0.1184	0.1255	0.0955	
fall	0.0783	0.5077	0.1933	0.0318	0.1889	
fall	0.0216	0.0653	0.0929	0.6603	0.1599	
fall	0.2103	0.1808	0.3449	0.0260	0.2379	
fall	0.0498	0.1924	0.3090	0.0904	0.3585	
fall	0.0296	0.0307	0.0356	0.8651	0.0390	
fall	0.0691	0.1152	0.2832	0.3598	0.1727	
fall	0.0477	0.2727	0.1143	0.4751	0.0902	
fall	0.5044	0.1573	0.1545	0.0384	0.1455	
fall	0.1024	0.2875	0.2208	0.0196	0.3697	
fall	0.6181	0.1076	0.1266	0.0432	0.1044	
fall	0.1039	0.2284	0.2332	0.0687	0.3659	
fall	0.0763	0.1546	0.3047	0.0346	0.4298	
fall	0.4062	0.1514	0.3438	0.0393	0.0593	
fall	0.4198	0.1126	0.2397	0.0276	0.2004	
fall	0.1138	0.4322	0.1980	0.0198	0.2361	
fall	0.0551	0.2920	0.0587	0.0124	0.5818	
fall	0.0696	0.3293	0.2349	0.0312	0.3350	
fall	0.0701	0.1074	0.2605	0.4577	0.1042	
fall	0.0327	0.3665	0.1511	0.0288	0.4209	
fall	0.1032	0.1100	0.1196	0.0280	0.6391	
fall	0.0406	0.0783	0.4040	0.3007	0.1763	
fall	0.0515	0.1474	0.1915	0.0490	0.5605	
fall	0.1315	0.2057	0.0643	0.0363	0.5622	
fall	0.1780	0.4226	0.1903	0.0334	0.1756	
fall	0.2999	0.2936	0.1839	0.0799	0.1427	
fall	0.1941	0.1595	0.2359	0.0727	0.3378	
fall	0.1283	0.1095	0.1106	0.2859	0.3658	
fall	0.2102	0.1206	0.2362	0.2220	0.2109	
fall	0.3026	0.0765	0.0972	0.3044	0.2193	
fall	0.4743	0.1359	0.2831	0.0229	0.0838	
fall	0.1985	0.2119	0.2574	0.0432	0.2889	
fall	0.0876	0.2378	0.4036	0.1220	0.1490	
fall	0.0705	0.2052	0.1454	0.4428	0.1362	
fall	0.2483	0.1108	0.3185	0.1438	0.1787	
fall	0.1001	0.2921	0.2285	0.1038	0.2755	
fall	0.7474	0.0469	0.0794	0.0482	0.0780	
fall	0.6519	0.0676	0.1105	0.0785	0.0915	
fall	0.2984	0.1835	0.1425	0.1733	0.2022	
fall	0.2595	0.0934	0.3312	0.0541	0.2618	
fall	0.3231	0.0952	0.1461	0.1666	0.2691	
fall	0.0372	0.1219	0.4718	0.1352	0.2339	
fall	0.1220	0.0906	0.2122	0.1951	0.3800	
fall	0.0855	0.1391	0.2766	0.2405	0.2584	
fall	0.5590	0.0668	0.0653	0.1944	0.1146	
fall	0.3249	0.0944	0.2782	0.0585	0.2439	
fall	0.0604	0.4894	0.1755	0.0758	0.1990	
fall	0.2394	0.1236	0.2350	0.1130	0.2890	
fall	0.1048	0.4700	0.1799	0.0512	0.1941	
fall	0.1036	0.1126	0.2754	0.0295	0.4789	
fall	0.3070	0.0894	0.2711	0.2531	0.0794	
fall	0.3025	0.1234	0.4262	0.0638	0.0842	
fall	0.1593	0.3900	0.2380	0.0408	0.1720	
fall	0.0531	0.3257	0.1539	0.0941	0.3733	
fall	0.0949	0.3602	0.1405	0.0428	0.3616	
fall	0.0214	0.6277	0.0927	0.1918	0.0663	
fall	0.1166	0.1624	0.2552	0.2075	0.2584	
fall	0.0490	0.3807	0.0824	0.0409	0.4470	
fall	0.0427	0.3345	0.3262	0.0396	0.2570	
fall	0.3187	0.1119	0.1918	0.1364	0.2412	
fall	0.4244	0.3024	0.1453	0.0333	0.0947	
fall	0.0720	0.2213	0.2293	0.0205	0.4569	
fall	0.2405	0.0751	0.2228	0.0309	0.4308	
fall	0.0772	0.1202	0.2360	0.0993	0.4673	
fall	0.0477	0.4983	0.2564	0.0873	0.1103	
fall	0.2185	0.1248	0.2353	0.3189	0.1026	
fall	0.0595	0.0608	0.0867	0.7146	0.0784	
fall	0.0323	0.0534	0.0592	0.8152	0.0399	
fall	0.0174	0.0217	0.0255	0.9070	0.0284	
fall	0.0420	0.1057	0.1228	0.4416	0.2880	
fall	0.1762	0.3156	0.2111	0.0272	0.2699	
fall	0.0680	0.1756	0.1557	0.0797	0.5210	
fall	0.0676	0.1151	0.2249	0.5034	0.0889	
fall	0.3334	0.1166	0.1681	0.0228	0.3590	
fall	0.1765	0.2642	0.4225	0.0235	0.1134	
fall	0.1313	0.1225	0.1611	0.4411	0.1441	
fall	0.0490	0.0955	0.2739	0.0229	0.5587	
fall	0.0451	0.2845	0.2095	0.0970	0.3639	
fall	0.0192	0.0366	0.0382	0.8573	0.0487	
fall	0.0266	0.1019	0.4345	0.1224	0.3147	
fall	0.1497	0.1395	0.2629	0.3237	0.1241	
fall	0.0291	0.3645	0.1667	0.2341	0.2055	
fall	0.0804	0.1048	0.2814	0.1285	0.4049	
fall	0.0389	0.1870	0.0719	0.3462	0.3561	
fall	0.2819	0.1230	0.1485	0.2845	0.1622	
fall	0.0493	0.5486	0.0884	0.0289	0.2847	
fall	0.1143	0.3548	0.2300	0.0239	0.2770	
fall	0.2079	0.1261	0.1093	0.4361	0.1207	
fall	0.1608	0.1388	0.2391	0.2865	0.1747	
fall	0.1724	0.1204	0.1853	0.0633	0.4586	
fall	0.0442	0.5568	0.1912	0.0733	0.1344	
fall	0.2064	0.1211	0.4285	0.0636	0.1804	
fall	0.0673	0.4871	0.1236	0.0400	0.2820	
fall	0.0484	0.2146	0.1931	0.2720	0.2719	
fall	0.1040	0.0565	0.0706	0.7021	0.0668	
fall	0.1095	0.1604	0.2895	0.2067	0.2339	
fall	0.1055	0.2128	0.3000	0.1223	0.2594	
fall	0.0491	0.0330	0.0393	0.8547	0.0239	
fall	0.5223	0.1286	0.1900	0.0264	0.1327	
fall	0.2469	0.1623	0.3422	0.1441	0.1045	
fall	0.2353	0.1732	0.3421	0.0243	0.2250	
fall	0.0353	0.1197	0.1653	0.3169	0.3628	
fall	0.2200	0.2123	0.3294	0.0758	0.1625	
fall	0.0314	0.2685	0.2158	0.0511	0.4333	
fall	0.2337	0.1522	0.3346	0.0807	0.1987	
fall	0.0311	0.3489	0.1471	0.0616	0.4114	
fall	0.0156	0.0381	0.0272	0.8905	0.0286	
fall	0.0537	0.1807	0.1112	0.5722	0.0823	
fall	0.3887	0.1343	0.1002	0.1175	0.2594	
fall	0.0301	0.4707	0.1080	0.0456	0.3456	
fall	0.2261	0.1508	0.1913	0.3461	0.0858	
fall	0.1433	0.2095	0.4621	0.0265	0.1587	
fall	0.1913	0.1656	0.2901	0.0770	0.2760	
fall	0.1362	0.3768	0.0969	0.0257	0.3644	
fall	0.0805	0.2414	0.2530	0.1529	0.2722	
fall	0.0433	0.2265	0.0942	0.4165	0.2195	
fall	0.2469	0.2868	0.2060	0.0317	0.2285	
fall	0.2096	0.1775	0.2239	0.1078	0.2812	
fall	0.0244	0.0273	0.0334	0.8847	0.0302	
fall	0.0254	0.1378	0.1066	0.0314	0.6988	
fall	0.0449	0.3124	0.4768	0.0231	0.1428	
fall	0.0811	0.0241	0.0297	0.8427	0.0224	
fall	0.0528	0.1657	0.3998	0.0831	0.2986	
fall	0.0744	0.2107	0.2162	0.1895	0.3093	
fall	0.0220	0.0187	0.0245	0.9105	0.0243	
fall	0.0703	0.5729	0.1053	0.0266	0.2249	
fall	0.0323	0.3381	0.3421	0.0930	0.1945	
fall	0.0983	0.0787	0.2374	0.4671	0.1185	
fall	0.0357	0.0358	0.0454	0.8450	0.0381	
fall	0.0348	0.0341	0.0265	0.8818	0.0227	
fall	0.0253	0.3083	0.3693	0.1866	0.1105	
fall	0.0909	0.0603	0.5330	0.0175	0.2983	
fall	0.0258	0.1266	0.1638	0.0405	0.6433	
fall	0.0457	0.1554	0.0658	0.6291	0.1040	
fall	0.0598	0.1931	0.3808	0.2985	0.0678	
fall	0.0594	0.3048	0.3428	0.0556	0.2373	
fall	0.0532	0.0522	0.0631	0.7560	0.0755	
fall	0.1103	0.4000	0.2150	0.0232	0.2515	
fall	0.0634	0.2918	0.3990	0.0525	0.1932	
fall	0.4986	0.1295	0.2992	0.0189	0.0539	
fall	0.0427	0.2666	0.1727	0.1037	0.4142	
fall	0.0414	0.4419	0.2531	0.0964	0.1672	
halfpounder	0.5458	0.1292	0.0931	0.0495	0.1824	
halfpounder	0.0777	0.2053	0.2936	0.0480	0.3753	
halfpounder	0.0334	0.1275	0.2288	0.0634	0.5469	
halfpounder	0.0743	0.1109	0.0722	0.6739	0.0686	
halfpounder	0.0748	0.0921	0.0985	0.6687	0.0660	
halfpounder	0.0246	0.0391	0.0586	0.8487	0.0290	
halfpounder	0.2165	0.0970	0.1878	0.2628	0.2360	
halfpounder	0.5544	0.1459	0.1861	0.0306	0.0830	
halfpounder	0.0264	0.0357	0.0532	0.8500	0.0348	
halfpounder	0.0488	0.5031	0.1893	0.0337	0.2251	
halfpounder	0.0197	0.0449	0.0390	0.8575	0.0389	
halfpounder	0.0415	0.1641	0.4172	0.0483	0.3290	
halfpounder	0.4487	0.1445	0.1242	0.1554	0.1272	
halfpounder	0.2748	0.3324	0.1818	0.0192	0.1918	
halfpounder	0.0789	0.1962	0.2265	0.3965	0.1018	
halfpounder	0.1887	0.1205	0.2375	0.3046	0.1487	
halfpounder	0.1100	0.1804	0.2489	0.3693	0.0915	
halfpounder	0.0724	0.0789	0.0780	0.6815	0.0892	
halfpounder	0.0299	0.1062	0.1827	0.0247	0.6565	
halfpounder	0.0542	0.5431	0.1664	0.0514	0.1849	
halfpounder	0.0610	0.1250	0.5368	0.1388	0.1383	
halfpounder	0.0665	0.4280	0.2926	0.0393	0.1736	
halfpounder	0.0391	0.6039	0.1296	0.0448	0.1826	
halfpounder	0.0367	0.1039	0.0743	0.7455	0.0396	
halfpounder	0.0673	0.1908	0.1029	0.5076	0.1314	
halfpounder	0.1336	0.1339	0.2482	0.2769	0.2074	
halfpounder	0.0528	0.1475	0.4149	0.0760	0.3088	
halfpounder	0.0651	0.0976	0.2924	0.0301	0.5148	
halfpounder	0.5393	0.1032	0.1278	0.0421	0.1876	
halfpounder	0.2152	0.0406	0.0501	0.6553	0.0388	
halfpounder	0.3412	0.2065	0.2298	0.0203	0.2023	
halfpounder	0.0780	0.3952	0.3422	0.0900	0.0946	
halfpounder	0.3604	0.1077	0.3215	0.0500	0.1604	
halfpounder	0.0561	0.1694	0.1085	0.0210	0.6450	
halfpounder	0.0694	0.1861	0.2230	0.1566	0.3648	
halfpounder	0.2002	0.1073	0.2572	0.2204	0.2148	
halfpounder	0.0727	0.5184	0.2265	0.0201	0.1623	
halfpounder	0.0314	0.4399	0.2821	0.0439	0.2027	
halfpounder	0.1570	0.2735	0.3626	0.0429	0.1639	
halfpounder	0.0431	0.0786	0.0858	0.6248	0.1677	
halfpounder	0.0574	0.2426	0.1633	0.4172	0.1196	
halfpounder	0.2345	0.0834	0.4819	0.0927	0.1075	
halfpounder	0.0731	0.1273	0.5231	0.0534	0.2232	
halfpounder	0.1099	0.2039	0.5021	0.0312	0.1529	
halfpounder	0.1039	0.2810	0.3020	0.0777	0.2354	
halfpounder	0.5632	0.1005	0.0933	0.1214	0.1217	
halfpounder	0.7476	0.1014	0.0747	0.0216	0.0547	
halfpounder	0.0479	0.1792	0.4337	0.1102	0.2290	
halfpounder	0.0239	0.0363	0.0339	0.8734	0.0325	
halfpounder	0.4364	0.0968	0.1329	0.1665	0.1674	
halfpounder	0.2637	0.2736	0.2554	0.0736	0.1337	
halfpounder	0.1878	0.2805	0.2040	0.0912	0.2365	
halfpounder	0.1195	0.1090	0.4194	0.1826	0.1695	
halfpounder	0.1465	0.2835	0.3775	0.0464	0.1462	
halfpounder	0.1167	0.3838	0.2593	0.0252	0.2151	
halfpounder	0.0802	0.0974	0.2065	0.4345	0.1814	
halfpounder	0.0372	0.5441	0.0614	0.1898	0.1675	
halfpounder	0.0330	0.3172	0.1730	0.0515	0.4254	
halfpounder	0.0326	0.4765	0.0985	0.3002	0.0923	
halfpounder	0.2914	0.1827	0.1503	0.2521	0.1235	
halfpounder	0.2691	0.1567	0.4044	0.0555	0.1143	
halfpounder	0.0731	0.2442	0.3055	0.1440	0.2333	
halfpounder	0.0674	0.5153	0.1501	0.0829	0.1843	
halfpounder	0.0359	0.0288	0.0301	0.8789	0.0264	
halfpounder	0.1422	0.2039	0.3693	0.0273	0.2574	
halfpounder	0.6666	0.0559	0.0780	0.1303	0.0691	
halfpounder	0.0231	0.0740	0.0658	0.7580	0.0791	
halfpounder	0.4341	0.1019	0.1968	0.1779	0.0893	
halfpounder	0.1964	0.0932	0.0507	0.5791	0.0806	
halfpounder	0.1101	0.2001	0.3144	0.0647	0.3106	
halfpounder	0.1049	0.1189	0.1736	0.2029	0.3998	
halfpounder	0.2647	0.0896	0.2892	0.2407	0.1159	
halfpounder	0.0845	0.3045	0.2131	0.0460	0.3519	
halfpounder	0.7011	0.0454	0.0866	0.0554	0.1115	
halfpounder	0.3341	0.0629	0.2630	0.1975	0.1425	
halfpounder	0.2451	0.1203	0.3043	0.1744	0.1558	
halfpounder	0.0401	0.3533	0.3737	0.0996	0.1333	
halfpounder	0.0902	0.4668	0.1894	0.0427	0.2110	
halfpounder	0.0433	0.4424	0.2347	0.0386	0.2409	
halfpounder	0.3130	0.3560	0.0948	0.1414	0.0948	
halfpounder	0.3230	0.2810	0.1331	0.0785	0.1844	
halfpounder	0.2679	0.1356	0.2888	0.0329	0.2748	
halfpounder	0.0667	0.2486	0.1623	0.0334	0.4890	
halfpounder	0.0783	0.0909	0.2889	0.0311	0.5109	
halfpounder	0.0350	0.6689	0.1024	0.0276	0.1661	
halfpounder	0.0303	0.1128	0.0959	0.0367	0.7244	
halfpounder	0.0685	0.4257	0.2998	0.0253	0.1807	
halfpounder	0.1514	0.0791	0.3565	0.0186	0.3944	
halfpounder	0.0622	0.2436	0.3650	0.0592	0.2701	
halfpounder	0.3601	0.1775	0.1868	0.0484	0.2272	
halfpounder	0.7213	0.0418	0.0712	0.0307	0.1349	
halfpounder	0.3297	0.1488	0.2532	0.0300	0.2382	
halfpounder	0.0363	0.1207	0.2076	0.0421	0.5933	
halfpounder	0.0869	0.5032	0.1375	0.0583	0.2141	
halfpounder	0.0720	0.0762	0.7174	0.0402	0.0943	
halfpounder	0.1249	0.0898	0.1452	0.0516	0.5885	
halfpounder	0.1174	0.0930	0.1310	0.1548	0.5037	
halfpounder	0.0601	0.1475	0.3186	0.2157	0.2582	
halfpounder	0.1667	0.1294	0.2613	0.0396	0.4031	
halfpounder	0.0217	0.2639	0.0827	0.5780	0.0536	
halfpounder	0.0424	0.1072	0.0892	0.0149	0.7463	
halfpounder	0.0250	0.3384	0.3123	0.1090	0.2153	
halfpounder	0.1197	0.1052	0.5255	0.1349	0.1146	
halfpounder	0.0543	0.1335	0.1995	0.0392	0.5735	
halfpounder	0.0475	0.0493	0.0732	0.7766	0.0534	
halfpounder	0.5209	0.0834	0.2355	0.0580	0.1023	
halfpounder	0.0622	0.1556	0.3794	0.0927	0.3101	
halfpounder	0.1348	0.1764	0.1194	0.0658	0.5037	
halfpounder	0.1245	0.1538	0.2697	0.0343	0.4176	
halfpounder	0.2092	0.1985	0.3210	0.0349	0.2364	
halfpounder	0.7176	0.0317	0.0920	0.0692	0.0895	
halfpounder	0.0679	0.1237	0.2161	0.5082	0.0840	
halfpounder	0.6998	0.0412	0.0679	0.1330	0.0580	
halfpounder	0.0515	0.6292	0.1893	0.0246	0.1054	
halfpounder	0.1778	0.2033	0.4550	0.0872	0.0767	
halfpounder	0.0371	0.6668	0.1094	0.0270	0.1597	
halfpounder	0.3028	0.1000	0.1701	0.0449	0.3821	
halfpounder	0.1844	0.1555	0.3398	0.0669	0.2533	
halfpounder	0.3474	0.0735	0.1143	0.2759	0.1889	
halfpounder	0.1329	0.2611	0.3312	0.0875	0.1873	
halfpounder	0.0543	0.4219	0.3444	0.0615	0.1179	
halfpounder	0.0878	0.5752	0.1913	0.0277	0.1180	
halfpounder	0.2835	0.0575	0.1319	0.1083	0.4187	
halfpounder	0.1088	0.3440	0.3323	0.0469	0.1680	
halfpounder	0.0407	0.4338	0.2257	0.0726	0.2273	
halfpounder	0.0285	0.2977	0.1920	0.0205	0.4613	
halfpounder	0.4570	0.2644	0.1056	0.0502	0.1227	
halfpounder	0.1534	0.1796	0.1225	0.4428	0.1018	
halfpounder	0.1231	0.1004	0.1896	0.1891	0.3977	
halfpounder	0.3431	0.0851	0.2694	0.0280	0.2744	
halfpounder	0.1593	0.1484	0.1424	0.0595	0.4903	
halfpounder	0.0209	0.0387	0.0351	0.8566	0.0487	
halfpounder	0.0378	0.2528	0.2096	0.0332	0.4666	
halfpounder	0.0722	0.0614	0.0718	0.7492	0.0454	
halfpounder	0.2487	0.2733	0.2200	0.0174	0.2406	
halfpounder	0.0703	0.4296	0.2355	0.0591	0.2055	
halfpounder	0.2082	0.2114	0.2576	0.0290	0.2939	
halfpounder	0.3682	0.1039	0.0819	0.0320	0.4139	
halfpounder	0.2488	0.2503	0.1541	0.0738	0.2731	
halfpounder	0.0444	0.1147	0.6735	0.0565	0.1109	
halfpounder	0.0858	0.1585	0.1266	0.0170	0.6122	
halfpounder	0.0190	0.0212	0.0209	0.9075	0.0314	
halfpounder	0.5242	0.1106	0.0847	0.2100	0.0705	
halfpounder	0.1241	0.1049	0.3488	0.0623	0.3599	
halfpounder	0.0268	0.1062	0.0918	0.0097	0.7655	
halfpounder	0.1119	0.2362	0.2817	0.0522	0.3180	
halfpounder	0.0611	0.1623	0.1255	0.0537	0.5974	
halfpounder	0.2922	0.1525	0.3248	0.1085	0.1220	
halfpounder	0.0890	0.2216	0.3784	0.0383	0.2726	
halfpounder	0.3941	0.0802	0.3123	0.0728	0.1406	
halfpounder	0.1208	0.2805	0.1424	0.0906	0.3657	
halfpounder	0.1589	0.1251	0.4384	0.0648	0.2128	
halfpounder	0.0563	0.3550	0.2319	0.0648	0.2920	
halfpounder	0.0718	0.2525	0.2207	0.0615	0.3935	
halfpounder	0.3881	0.0934	0.2939	0.0364	0.1882	
halfpounder	0.2107	0.2826	0.2289	0.0344	0.2435	
halfpounder	0.0545	0.6395	0.1371	0.0802	0.0886	
halfpounder	0.3369	0.1798	0.3052	0.0306	0.1474	
halfpounder	0.1779	0.2203	0.1731	0.0462	0.3825	
halfpounder	0.6358	0.1052	0.1895	0.0250	0.0446	
halfpounder	0.2644	0.1001	0.2569	0.0596	0.3190	
halfpounder	0.0549	0.5116	0.2163	0.0521	0.1652	
halfpounder	0.0327	0.4293	0.1618	0.0248	0.3513	
halfpounder	0.6645	0.1193	0.0766	0.0513	0.0883	
halfpounder	0.0749	0.0281	0.0416	0.8201	0.0353	
halfpounder	0.1833	0.0997	0.4314	0.2135	0.0721	
halfpounder	0.1268	0.1384	0.1421	0.0454	0.5473	
halfpounder	0.1634	0.0933	0.3681	0.0786	0.2965	
halfpounder	0.0294	0.1321	0.1745	0.1141	0.5498	
halfpounder	0.1944	0.1297	0.2824	0.0180	0.3756	
halfpounder	0.2590	0.3073	0.2001	0.1230	0.1105	
halfpounder	0.1973	0.2550	0.2344	0.0415	0.2718	
halfpounder	0.0338	0.1964	0.1981	0.1098	0.4620	
halfpounder	0.2842	0.1005	0.2718	0.0296	0.3138	
halfpounder	0.4372	0.1187	0.2155	0.1380	0.0906	
halfpounder	0.2188	0.3350	0.1479	0.0822	0.2160	
halfpounder	0.4600	0.0928	0.3109	0.0522	0.0841	
halfpounder	0.0603	0.1883	0.0744	0.0615	0.6155	
halfpounder	0.0919	0.0979	0.1446	0.0503	0.6153	
halfpounder	0.0404	0.1364	0.2888	0.1105	0.4239	
halfpounder	0.1175	0.1268	0.3264	0.0371	0.3923	
halfpounder	0.2303	0.0998	0.3087	0.1381	0.2230	
halfpounder	0.0171	0.0187	0.0179	0.9319	0.0144	
halfpounder	0.5524	0.0793	0.0830	0.1317	0.1537	
halfpounder	0.5747	0.1146	0.1065	0.0268	0.1774	
halfpounder	0.0420	0.1168	0.6104	0.0284	0.2024	
halfpounder	0.8406	0.0496	0.0335	0.0272	0.0491	
halfpounder	0.0955	0.1787	0.5219	0.0359	0.1680	
halfpounder	0.3822	0.0591	0.0890	0.3552	0.1145	
halfpounder	0.3201	0.4289	0.1165	0.0182	0.1162	
halfpounder	0.1616	0.1080	0.1397	0.5106	0.0801	
halfpounder	0.2234	0.0839	0.1915	0.0867	0.4145	
halfpounder	0.1548	0.5799	0.1395	0.0373	0.0884	
halfpounder	0.0810	0.0902	0.5344	0.0761	0.2183	
halfpounder	0.0659	0.1050	0.1488	0.3384	0.3419	
halfpounder	0.3039	0.1208	0.2311	0.2634	0.0808	
halfpounder	0.0908	0.1560	0.2005	0.1034	0.4493	
halfpounder	0.1898	0.2863	0.4181	0.0384	0.0674	
halfpounder	0.0535	0.2602	0.3599	0.0176	0.3088	
halfpounder	0.0873	0.3112	0.1486	0.0944	0.3585	
halfpounder	0.2262	0.3180	0.1298	0.0269	0.2990	
halfpounder	0.0442	0.2158	0.1452	0.0286	0.5662	
halfpounder	0.3537	0.1065	0.3067	0.0692	0.1638	
halfpounder	0.1051	0.5582	0.1118	0.0400	0.1849	
halfpounder	0.1368	0.2465	0.2477	0.0176	0.3513	
halfpounder	0.0481	0.0371	0.0444	0.8476	0.0228	
halfpounder	0.1787	0.1673	0.1171	0.1204	0.4165	
halfpounder	0.3181	0.2336	0.2471	0.0622	0.1389	
halfpounder	0.0532	0.2953	0.2228	0.0914	0.3373	
halfpounder	0.0920	0.3319	0.1804	0.2328	0.1628	
halfpounder	0.0806	0.1365	0.3254	0.0253	0.4323	
halfpounder	0.2989	0.2087	0.1682	0.0464	0.2778	
halfpounder	0.1289	0.3847	0.2273	0.0492	0.2100	
halfpounder	0.2345	0.2483	0.1807	0.0139	0.3227	
halfpounder	0.0917	0.3142	0.3013	0.1100	0.1828	
halfpounder	0.3263	0.1652	0.1562	0.0210	0.3313	
halfpounder	0.2821	0.0576	0.4723	0.0625	0.1254	
halfpounder	0.1795	0.2155	0.2803	0.2295	0.0951	
halfpounder	0.3361	0.1940	0.2479	0.0384	0.1836	
halfpounder	0.3558	0.1150	0.2303	0.0851	0.2138	
halfpounder	0.0380	0.0612	0.0533	0.7826	0.0649	
halfpounder	0.1632	0.2557	0.1916	0.3109	0.0786	
halfpounder	0.0678	0.2538	0.1653	0.2222	0.2909	
halfpounder	0.0545	0.4342	0.1766	0.1083	0.2265	
halfpounder	0.0230	0.5890	0.1770	0.0338	0.1772	
halfpounder	0.8034	0.0312	0.0746	0.0286	0.0622	
halfpounder	0.5090	0.1060	0.2797	0.0223	0.0830	
halfpounder	0.3256	0.3679	0.1437	0.0251	0.1378	
halfpounder	0.1990	0.2739	0.2986	0.0874	0.1412	
halfpounder	0.1547	0.1354	0.4965	0.0343	0.1792	
halfpounder	0.1772	0.1225	0.4266	0.0430	0.2308	
halfpounder	0.0599	0.3740	0.2552	0.2089	0.1020	
halfpounder	0.4423	0.2322	0.1374	0.0342	0.1538	
halfpounder	0.0266	0.3570	0.3089	0.1681	0.1394	
halfpounder	0.4994	0.0858	0.1823	0.0452	0.1873	
halfpounder	0.1804	0.2003	0.2941	0.2668	0.0584	
halfpounder	0.1240	0.1061	0.1234	0.3511	0.2954	
halfpounder	0.0292	0.2154	0.4830	0.0609	0.2115	
halfpounder	0.0855	0.1574	0.3040	0.0314	0.4217	
halfpounder	0.0538	0.6935	0.0781	0.0371	0.1376	
halfpounder	0.0552	0.6644	0.1561	0.0230	0.1014	
halfpounder	0.1162	0.3519	0.1395	0.0352	0.3572	
halfpounder	0.1993	0.0970	0.2024	0.2609	0.2404	
halfpounder	0.1398	0.1055	0.1434	0.5332	0.0781	
halfpounder	0.5131	0.0568	0.2433	0.1021	0.0847	
halfpounder	0.1472	0.4940	0.1069	0.1889	0.0631	
halfpounder	0.0551	0.4575	0.1582	0.2124	0.1169	
halfpounder	0.3245	0.2400	0.2681	0.0278	0.1396	
halfpounder	0.6147	0.1786	0.1160	0.0196	0.0711	
halfpounder	0.0595	0.4285	0.1426	0.2811	0.0882	
halfpounder	0.0177	0.8259	0.0705	0.0177	0.0682	
halfpounder	0.2885	0.1042	0.4705	0.0548	0.0820	
halfpounder	0.3139	0.2086	0.3195	0.0150	0.1431	
halfpounder	0.5686	0.0628	0.1846	0.0880	0.0959	
halfpounder	0.0397	0.1777	0.2083	0.0930	0.4814	
halfpounder	0.2924	0.2763	0.2743	0.0572	0.0999	
halfpounder	0.2089	0.3380	0.0949	0.3044	0.0539	
halfpounder	0.0289	0.5554	0.0720	0.1595	0.1841	
halfpounder	0.0857	0.2240	0.0917	0.5212	0.0775	
halfpounder	0.1519	0.1024	0.2134	0.0278	0.5044	
halfpounder	0.1301	0.2602	0.2451	0.2878	0.0768	
halfpounder	0.7956	0.0477	0.0608	0.0340	0.0620	
halfpounder	0.1762	0.1032	0.3745	0.1386	0.2075	
halfpounder	0.1428	0.2327	0.1322	0.3878	0.1046	
halfpounder	0.1122	0.1732	0.4918	0.0522	0.1706	
halfpounder	0.0485	0.1845	0.1854	0.2249	0.3568	
halfpounder	0.0995	0.2889	0.3229	0.0482	0.2404	
halfpounder	0.0739	0.6807	0.0643	0.0770	0.1041	
halfpounder	0.0408	0.0986	0.2572	0.0599	0.5435	
halfpounder	0.0489	0.3086	0.1315	0.0944	0.4166	
halfpounder	0.0909	0.1656	0.1286	0.5122	0.1027	
halfpounder	0.4876	0.1893	0.1437	0.0773	0.1022	
halfpounder	0.4252	0.1115	0.3408	0.0386	0.0839	
halfpounder	0.6763	0.0961	0.1502	0.0153	0.0621	
halfpounder	0.0491	0.1349	0.1423	0.0552	0.6184	
halfpounder	0.3735	0.1961	0.1279	0.0439	0.2586	
halfpounder	0.1875	0.5148	0.1192	0.0431	0.1355	
halfpounder	0.5876	0.1048	0.0910	0.0397	0.1768	
halfpounder	0.0447	0.3150	0.1026	0.4234	0.1143	
halfpounder	0.1159	0.0839	0.1135	0.0454	0.6414	
halfpounder	0.1862	0.2020	0.1538	0.0392	0.4189	
halfpounder	0.7587	0.0542	0.0931	0.0511	0.0428	
halfpounder	0.2914	0.0961	0.1290	0.2245	0.2589	
halfpounder	0.1806	0.1346	0.3120	0.0473	0.3256	
halfpounder	0.1003	0.4744	0.1143	0.1220	0.1891	
halfpounder	0.0794	0.0837	0.0871	0.6729	0.0769	
halfpounder	0.5310	0.0548	0.1471	0.2109	0.0561	
halfpounder	0.0627	0.4069	0.2634	0.0282	0.2388	
halfpounder	0.0543	0.1392	0.2946	0.0329	0.4791	
halfpounder	0.2770	0.1315	0.1939	0.0275	0.3701	
halfpounder	0.0446	0.4573	0.1820	0.1098	0.2063	
halfpounder	0.0558	0.5760	0.1503	0.0744	0.1436	
halfpounder	0.1191	0.2323	0.1302	0.2455	0.2729	
halfpounder	0.2527	0.0983	0.1923	0.0953	0.3613	
halfpounder	0.2202	0.0738	0.4081	0.0123	0.2855	
halfpounder	0.0431	0.5082	0.1794	0.1941	0.0752	
halfpounder	0.1333	0.1774	0.5276	0.0695	0.0921	
halfpounder	0.0259	0.7610	0.0804	0.0384	0.0944	
halfpounder	0.0704	0.1035	0.1536	0.0201	0.6525	
halfpounder	0.0691	0.2506	0.3664	0.0349	0.2790	
halfpounder	0.0471	0.1352	0.1837	0.4660	0.1680	
halfpounder	0.0136	0.0339	0.0261	0.8894	0.0370	
halfpounder	0.0225	0.7607	0.0724	0.0776	0.0668	
halfpounder	0.4100	0.1294	0.1501	0.2319	0.0787	
halfpounder	0.0984	0.2337	0.2425	0.0683	0.3570	
halfpounder	0.0245	0.2481	0.1896	0.3220	0.2157	
halfpounder	0.1373	0.5497	0.1120	0.0194	0.1816	
halfpounder	0.0182	0.7542	0.1134	0.0170	0.0972	
halfpounder	0.1024	0.3520	0.2812	0.0369	0.2275	
halfpounder	0.8551	0.0351	0.0519	0.0268	0.0311	
halfpounder	0.0364	0.4173	0.2290	0.1441	0.1731	
halfpounder	0.2489	0.1700	0.4558	0.0503	0.0750	
halfpounder	0.0820	0.0985	0.1074	0.1169	0.5953	
halfpounder	0.1411	0.4103	0.1144	0.0854	0.2489	
halfpounder	0.1065	0.1920	0.1833	0.3231	0.1952	
halfpounder	0.0313	0.6546	0.1686	0.0129	0.1327	
halfpounder	0.0401	0.4356	0.1193	0.0251	0.3799	
halfpounder	0.0749	0.3878	0.1970	0.1911	0.1492	
winter	0.0987	0.1783	0.2337	0.0478	0.4415	
halfpounder	0.0776	0.6022	0.1442	0.0657	0.1102	
winter	0.0805	0.2813	0.2751	0.0221	0.3409	
winter	0.0299	0.6973	0.1184	0.0161	0.1383	
winter	0.0335	0.6551	0.1224	0.0614	0.1275	
halfpounder	0.2215	0.3387	0.2355	0.0358	0.1685	
winter	0.0606	0.4802	0.2778	0.0404	0.1411	
summer	0.4557	0.2291	0.1763	0.0359	0.1031	
halfpounder	0.0571	0.6568	0.1048	0.0348	0.1464	
summer	0.4248	0.0708	0.1156	0.1456	0.2432	
summer	0.7814	0.0452	0.0708	0.0336	0.0690	
summer	0.8973	0.0213	0.0333	0.0172	0.0309	
summer	0.8461	0.0298	0.0357	0.0576	0.0308	
summer	0.8803	0.0264	0.0362	0.0218	0.0353	
winter	0.0237	0.2143	0.2981	0.1111	0.3528	
halfpounder	0.1468	0.3513	0.2084	0.0786	0.2150	
winter	0.0777	0.2403	0.5109	0.0468	0.1243	
winter	0.0403	0.6229	0.2198	0.0282	0.0887	
winter	0.0925	0.1191	0.3784	0.0611	0.3489	
winter	0.0326	0.5125	0.1029	0.1211	0.2309	
halfpounder	0.1319	0.1226	0.1586	0.4930	0.0939	
winter	0.0297	0.7178	0.1364	0.0410	0.0752	
summer	0.2120	0.1067	0.1755	0.2964	0.2095	
summer	0.8924	0.0303	0.0271	0.0265	0.0237	
summer	0.7242	0.0370	0.1417	0.0151	0.0820	
summer	0.4749	0.2418	0.1677	0.0564	0.0593	
summer	0.7382	0.0670	0.0869	0.0367	0.0712	
summer	0.4102	0.0946	0.1836	0.0389	0.2727	
winter	0.1090	0.2922	0.4126	0.0257	0.1605	
winter	0.0722	0.2937	0.1784	0.0515	0.4042	
winter	0.1760	0.4996	0.1773	0.0168	0.1303	
winter	0.0547	0.2935	0.1611	0.1339	0.3568	
winter	0.1255	0.3309	0.2637	0.0558	0.2240	
halfpounder	0.1023	0.1479	0.1563	0.3121	0.2814	
winter	0.1161	0.1438	0.5372	0.1275	0.0754	
summer	0.5281	0.0968	0.2017	0.0922	0.0812	
halfpounder	0.4811	0.0920	0.0965	0.0804	0.2501	
summer	0.2745	0.1290	0.5022	0.0281	0.0662	
summer	0.8220	0.0248	0.0316	0.0999	0.0218	
summer	0.8205	0.0424	0.0797	0.0238	0.0336	
summer	0.8947	0.0281	0.0306	0.0173	0.0293	
winter	0.0699	0.0890	0.1499	0.0520	0.6392	
winter	0.0531	0.4811	0.2739	0.0201	0.1719	
winter	0.0928	0.0656	0.4369	0.0503	0.3543	
winter	0.0436	0.2043	0.2053	0.0555	0.4913	
halfpounder	0.5087	0.1399	0.1206	0.0681	0.1627	
winter	0.0676	0.3314	0.4238	0.0445	0.1327	
halfpounder	0.1011	0.0732	0.5019	0.0570	0.2667	
summer	0.1883	0.1217	0.5411	0.0313	0.1175	
summer	0.7860	0.0633	0.0711	0.0127	0.0669	
summer	0.5311	0.0396	0.1524	0.1376	0.1394	
summer	0.7961	0.0261	0.0817	0.0403	0.0558	
summer	0.7754	0.0437	0.0898	0.0397	0.0514	
winter	0.0802	0.2750	0.1888	0.0573	0.3987	
halfpounder	0.0738	0.2140	0.2178	0.3244	0.1701	
winter	0.1240	0.3424	0.2241	0.0350	0.2745	
winter	0.0765	0.4022	0.1451	0.0331	0.3431	
winter	0.0504	0.3898	0.1647	0.1122	0.2829	
winter	0.0471	0.4764	0.2141	0.0450	0.2174	
halfpounder	0.0410	0.5229	0.2026	0.0849	0.1486	
winter	0.0548	0.5166	0.2206	0.0466	0.1614	
halfpounder	0.0255	0.0768	0.0395	0.7865	0.0717	
summer	0.8815	0.0389	0.0401	0.0141	0.0254	
halfpounder	0.0579	0.0361	0.0602	0.8067	0.0391	
summer	0.4356	0.1438	0.2235	0.0361	0.1611	
summer	0.6891	0.0522	0.1480	0.0509	0.0598	
summer	0.7525	0.0527	0.0765	0.0682	0.0501	
summer	0.8834	0.0317	0.0379	0.0170	0.0300	
winter	0.2151	0.1656	0.1878	0.0620	0.3695	
halfpounder	0.1221	0.5528	0.1919	0.0219	0.1112	
winter	0.0351	0.1106	0.2184	0.0264	0.6095	
winter	0.1282	0.4101	0.2543	0.0632	0.1442	
winter	0.0405	0.1943	0.4446	0.0272	0.2934	
winter	0.1493	0.1560	0.3032	0.0863	0.3053	
halfpounder	0.0984	0.2156	0.2178	0.1567	0.3115	
halfpounder	0.1996	0.1525	0.1468	0.1111	0.3901	
summer	0.6269	0.0834	0.1439	0.0739	0.0719	
summer	0.8702	0.0314	0.0296	0.0424	0.0264	
summer	0.8887	0.0423	0.0267	0.0087	0.0336	
summer	0.8774	0.0353	0.0378	0.0172	0.0323	
summer	0.8930	0.0271	0.0247	0.0167	0.0385	
halfpounder	0.0442	0.5991	0.2631	0.0234	0.0703	
winter	0.0369	0.1798	0.1687	0.0343	0.5803	
winter	0.0890	0.3739	0.2798	0.0918	0.1654	
winter	0.3023	0.1078	0.3443	0.0676	0.1780	
winter	0.0434	0.7299	0.0735	0.0475	0.1056	
summer	0.5103	0.1049	0.1332	0.1222	0.1294	
summer	0.7862	0.1138	0.0447	0.0242	0.0311	
summer	0.8733	0.0385	0.0323	0.0173	0.0386	
summer	0.7931	0.0960	0.0496	0.0322	0.0291	
summer	0.8938	0.0269	0.0414	0.0112	0.0267	
halfpounder	0.2101	0.0653	0.1741	0.4405	0.1100	
winter	0.0503	0.2462	0.1464	0.0199	0.5372	
winter	0.1143	0.0999	0.4869	0.0327	0.2663	
winter	0.1034	0.1839	0.4530	0.0476	0.2121	
halfpounder	0.3246	0.2657	0.1379	0.1489	0.1230	
halfpounder	0.1170	0.1962	0.2672	0.0351	0.3844	
summer	0.4890	0.0790	0.1619	0.0344	0.2356	
summer	0.8719	0.0255	0.0366	0.0351	0.0309	
summer	0.8975	0.0249	0.0285	0.0093	0.0398	
summer	0.4652	0.2965	0.1643	0.0167	0.0573	
summer	0.7647	0.0947	0.0700	0.0239	0.0468	
halfpounder	0.0781	0.1464	0.0661	0.5954	0.1140	
halfpounder	0.0679	0.3264	0.1968	0.3140	0.0949	
halfpounder	0.6949	0.0939	0.1102	0.0484	0.0526	
halfpounder	0.0419	0.0240	0.0259	0.8644	0.0438	
halfpounder	0.5204	0.0598	0.2464	0.0319	0.1415	
halfpounder	0.0477	0.5364	0.1376	0.1093	0.1689	
halfpounder	0.4659	0.0707	0.2302	0.0559	0.1772	
halfpounder	0.0386	0.2772	0.1499	0.1124	0.4219	
halfpounder	0.0401	0.0296	0.0287	0.8737	0.0279	
halfpounder	0.1864	0.0426	0.0680	0.6436	0.0594	
halfpounder	0.0218	0.0802	0.0546	0.7768	0.0666	
halfpounder	0.0511	0.4829	0.1546	0.0469	0.2646	
halfpounder	0.1729	0.2512	0.2125	0.0533	0.3102	
halfpounder	0.1215	0.2560	0.2173	0.0302	0.3750	
halfpounder	0.0514	0.4391	0.1604	0.0819	0.2672	
halfpounder	0.1371	0.0795	0.2528	0.4128	0.1179	
