%!PS-Adobe-3.0 EPSF-3.0 
% Graphical display of results from structure
% distruct by Noah Rosenberg, version 1.0 Nov 2002 
%                             version 1.1 Jun 2007 
% Command line arguments: distruct/distruct1.1 -K 4 -M 4 -N 1000 -p 1620340426/pop -i 1620340426/ind -o 1620340426/out.ps -b 1620340426/labels -c 1620340426/perm -d 1620340426/drawparams 
gsave

% Population Q values from the file: 1620340426/pop
% 4 clusters, 4 populations, 0 individuals
% Pop. code, number of individuals, membership coefficients
% 1	275	0.271	0.236	0.269	0.225	
% 2	643	0.265	0.223	0.266	0.246	
% 3	42	0.108	0.066	0.089	0.737	
% 4	40	0.394	0.079	0.393	0.133	


% Individual Q values from the file: 1620340426/ind
% Population code, individual label, membership coefficients
% 1	1	0.262	0.0265	0.3655	0.346	
% 1	2	0.165	0.1235	0.426	0.2855	
% 1	3	0.2295	0.114	0.383	0.2735	
% 1	4	0.5445	0.0345	0.202	0.219	
% 1	5	0.02	0.9415	0.0165	0.022	
% 1	6	0.4029	0.2212	0.0916	0.2843	
% 1	7	0.2844	0.2339	0.1919	0.2898	
% 1	8	0.2331	0.026	0.2871	0.4537	
% 1	9	0.22	0.3085	0.274	0.1975	
% 1	10	0.0911	0.5065	0.2002	0.2022	
% 1	11	0.5253	0.0855	0.2019	0.1874	
% 1	12	0.371	0.1485	0.083	0.3975	
% 1	13	0.3145	0.044	0.2125	0.429	
% 1	14	0.2474	0.5003	0.0465	0.2059	
% 1	15	0.2565	0.4805	0.06	0.203	
% 1	16	0.346	0.1305	0.2135	0.31	
% 1	17	0.379	0.1185	0.036	0.4665	
% 1	18	0.168	0.039	0.3815	0.4115	
% 1	19	0.3147	0.0839	0.2253	0.3761	
% 1	20	0.342	0.2875	0.055	0.3155	
% 1	21	0.2458	0.2997	0.1778	0.2767	
% 1	22	0.1699	0.1094	0.4533	0.2674	
% 1	23	0.211	0.353	0.204	0.232	
% 1	24	0.0835	0.024	0.814	0.0785	
% 1	25	0.274	0.2945	0.1395	0.292	
% 1	26	0.1765	0.154	0.44	0.2295	
% 1	27	0.5483	0.0765	0.09	0.2851	
% 1	28	0.0505	0.041	0.8586	0.05	
% 1	29	0.3165	0.1005	0.1875	0.3955	
% 1	30	0.0721	0.7402	0.0711	0.1166	
% 1	31	0.3535	0.065	0.2145	0.367	
% 1	32	0.1985	0.18	0.3165	0.305	
% 1	33	0.2235	0.146	0.4075	0.223	
% 1	34	0.1491	0.5573	0.1021	0.1916	
% 1	35	0.1661	0.0965	0.4702	0.2671	
% 1	36	0.3631	0.2368	0.1573	0.2428	
% 1	37	0.1035	0.134	0.6685	0.094	
% 1	38	0.064	0.4565	0.386	0.0935	
% 1	39	0.2165	0.1225	0.0925	0.5685	
% 1	40	0.2925	0.3675	0.0775	0.2625	
% 1	41	0.432	0.0635	0.1185	0.386	
% 1	42	0.074	0.842	0.0295	0.0545	
% 1	43	0.2451	0.063	0.2281	0.4637	
% 1	44	0.367	0.0505	0.179	0.4035	
% 1	45	0.1321	0.3997	0.3117	0.1566	
% 1	46	0.1444	0.1029	0.549	0.2038	
% 1	47	0.0905	0.0805	0.7355	0.0935	
% 1	48	0.226	0.058	0.1835	0.5325	
% 1	49	0.3467	0.0465	0.4122	0.1946	
% 1	50	0.3397	0.0355	0.0509	0.5739	
% 1	51	0.1005	0.7525	0.0655	0.0815	
% 1	52	0.0511	0.8624	0.0445	0.042	
% 1	53	0.0765	0.052	0.7665	0.105	
% 1	54	0.1284	0.0949	0.5907	0.1859	
% 1	55	0.2775	0.117	0.0905	0.515	
% 1	56	0.1136	0.1081	0.6793	0.0991	
% 1	57	0.1166	0.0285	0.7277	0.1271	
% 1	58	0.112	0.7105	0.071	0.1065	
% 1	59	0.1445	0.028	0.583	0.2445	
% 1	60	0.4675	0.1465	0.1395	0.2465	
% 1	61	0.134	0.076	0.5295	0.2605	
% 1	62	0.3388	0.056	0.1429	0.4623	
% 1	63	0.126	0.2605	0.513	0.1005	
% 1	64	0.4355	0.1085	0.175	0.281	
% 1	65	0.3055	0.0655	0.1835	0.4455	
% 1	66	0.2701	0.3637	0.073	0.2931	
% 1	67	0.151	0.0495	0.682	0.1175	
% 1	68	0.141	0.0915	0.4655	0.302	
% 1	69	0.0805	0.25	0.5845	0.085	
% 1	70	0.2739	0.0535	0.3393	0.3333	
% 1	71	0.3398	0.059	0.2214	0.3798	
% 1	72	0.4558	0.039	0.1569	0.3483	
% 1	73	0.1204	0.2344	0.3483	0.2968	
% 1	74	0.6455	0.044	0.0555	0.255	
% 1	75	0.2584	0.1699	0.3143	0.2574	
% 1	76	0.0835	0.076	0.7505	0.09	
% 1	77	0.029	0.921	0.0225	0.0275	
% 1	78	0.2426	0.06	0.1256	0.5718	
% 1	79	0.2295	0.088	0.2435	0.439	
% 1	80	0.1025	0.7181	0.1079	0.0715	
% 1	81	0.191	0.483	0.122	0.204	
% 1	82	0.125	0.029	0.731	0.115	
% 1	83	0.1798	0.0714	0.5065	0.2423	
% 1	84	0.2819	0.2119	0.1059	0.4003	
% 1	85	0.3315	0.0525	0.2995	0.3165	
% 1	86	0.4392	0.1651	0.0415	0.3542	
% 1	87	0.2352	0.0616	0.5345	0.1687	
% 2	88	0.0485	0.8405	0.037	0.074	
% 2	89	0.2915	0.1185	0.1525	0.4375	
% 2	90	0.033	0.9046	0.025	0.0375	
% 2	91	0.2945	0.022	0.402	0.2815	
% 2	92	0.097	0.0825	0.7104	0.1101	
% 2	93	0.0846	0.0245	0.8278	0.0631	
% 2	94	0.3618	0.1869	0.064	0.3873	
% 2	95	0.2365	0.176	0.064	0.5235	
% 2	96	0.5045	0.1045	0.0925	0.2985	
% 2	97	0.0415	0.1923	0.7108	0.0554	
% 2	98	0.3966	0.049	0.1873	0.3671	
% 2	99	0.1419	0.1129	0.5827	0.1624	
% 2	100	0.382	0.0715	0.147	0.3995	
% 2	101	0.124	0.5445	0.2165	0.115	
% 2	102	0.4259	0.1201	0.1061	0.3478	
% 2	103	0.2276	0.2031	0.2766	0.2927	
% 2	104	0.1236	0.0505	0.5978	0.2281	
% 2	105	0.1645	0.19	0.5585	0.087	
% 2	106	0.0235	0.9165	0.038	0.022	
% 2	107	0.4467	0.1496	0.1901	0.2136	
% 2	108	0.3164	0.096	0.3558	0.2319	
% 2	109	0.491	0.2185	0.045	0.2455	
% 2	110	0.078	0.3207	0.4977	0.1036	
% 2	111	0.103	0.126	0.636	0.135	
% 2	112	0.3915	0.1555	0.0845	0.3685	
% 2	113	0.1225	0.663	0.0795	0.135	
% 2	114	0.226	0.065	0.157	0.552	
% 2	115	0.1841	0.0895	0.5343	0.1921	
% 2	116	0.3029	0.1414	0.1414	0.4143	
% 2	117	0.3565	0.208	0.1035	0.332	
% 2	118	0.2379	0.044	0.2389	0.4793	
% 2	119	0.4897	0.07	0.0945	0.3457	
% 2	120	0.069	0.025	0.8331	0.073	
% 2	121	0.3595	0.0645	0.07	0.506	
% 2	122	0.3098	0.0925	0.2509	0.3468	
% 2	123	0.4157	0.0335	0.2431	0.3077	
% 2	124	0.371	0.174	0.0895	0.3655	
% 2	125	0.0855	0.146	0.4735	0.295	
% 2	126	0.133	0.708	0.0645	0.0945	
% 2	127	0.5205	0.0605	0.0865	0.3325	
% 2	128	0.132	0.0675	0.705	0.0955	
% 2	129	0.1094	0.3643	0.2819	0.2444	
% 2	130	0.3762	0.079	0.0465	0.4983	
% 2	131	0.249	0.121	0.35	0.28	
% 2	132	0.2035	0.0625	0.601	0.133	
% 2	133	0.345	0.0395	0.1755	0.44	
% 2	134	0.2672	0.1201	0.1886	0.4242	
% 2	135	0.0465	0.035	0.8759	0.0425	
% 2	136	0.3495	0.0615	0.21	0.379	
% 2	137	0.4235	0.2395	0.0755	0.2615	
% 2	138	0.1241	0.7294	0.042	0.1046	
% 2	139	0.236	0.0385	0.1325	0.593	
% 2	140	0.3015	0.136	0.123	0.4395	
% 2	141	0.198	0.3535	0.2	0.2485	
% 2	142	0.2075	0.3445	0.2535	0.1945	
% 2	143	0.0865	0.072	0.7545	0.087	
% 2	144	0.2375	0.029	0.117	0.6165	
% 2	145	0.582	0.0495	0.062	0.3065	
% 2	146	0.083	0.1016	0.6728	0.1426	
% 2	147	0.4778	0.09	0.1904	0.2419	
% 2	148	0.4527	0.0305	0.2006	0.3162	
% 2	149	0.1435	0.0965	0.559	0.201	
% 2	150	0.181	0.0805	0.576	0.1625	
% 2	151	0.1625	0.146	0.216	0.4755	
% 2	152	0.5918	0.069	0.1631	0.1761	
% 2	153	0.045	0.0485	0.857	0.0495	
% 2	154	0.3615	0.089	0.0715	0.478	
% 2	155	0.2126	0.1241	0.3477	0.3156	
% 2	156	0.298	0.1505	0.265	0.2865	
% 2	157	0.3115	0.105	0.329	0.2545	
% 2	158	0.3645	0.029	0.299	0.3075	
% 2	159	0.553	0.0575	0.0555	0.334	
% 2	160	0.2853	0.0845	0.3653	0.2649	
% 2	161	0.2565	0.036	0.427	0.2805	
% 2	162	0.4802	0.081	0.1886	0.2501	
% 2	163	0.149	0.0555	0.6385	0.157	
% 2	164	0.4523	0.0445	0.1189	0.3843	
% 2	165	0.4415	0.033	0.2285	0.297	
% 2	166	0.3348	0.073	0.1099	0.4823	
% 2	167	0.17	0.1195	0.4925	0.218	
% 2	168	0.3353	0.0965	0.1589	0.4093	
% 2	169	0.032	0.921	0.0175	0.0295	
% 2	170	0.1095	0.0775	0.7301	0.083	
% 2	171	0.4905	0.0405	0.1165	0.3525	
% 2	172	0.1034	0.3498	0.4153	0.1314	
% 2	173	0.048	0.8735	0.041	0.0375	
% 2	174	0.3493	0.0515	0.2259	0.3733	
% 2	175	0.471	0.0495	0.12	0.3595	
% 2	176	0.1145	0.1145	0.6315	0.1395	
% 2	177	0.073	0.02	0.841	0.066	
% 2	178	0.6709	0.067	0.033	0.2291	
% 2	179	0.2074	0.0305	0.5387	0.2234	
% 2	180	0.0415	0.8535	0.057	0.048	
% 2	181	0.3767	0.0695	0.1091	0.4447	
% 2	182	0.2249	0.1849	0.1439	0.4463	
% 2	183	0.3861	0.0485	0.1184	0.4471	
% 2	184	0.0954	0.6382	0.1449	0.1214	
% 2	185	0.204	0.0185	0.224	0.5535	
% 2	186	0.106	0.12	0.642	0.132	
% 2	187	0.5589	0.0355	0.0879	0.3177	
% 2	188	0.4025	0.057	0.2215	0.319	
% 2	189	0.145	0.2275	0.392	0.2355	
% 2	190	0.0915	0.048	0.7515	0.109	
% 2	191	0.2295	0.048	0.585	0.1375	
% 2	192	0.5615	0.053	0.048	0.3375	
% 2	193	0.3973	0.1604	0.1734	0.2689	
% 2	194	0.5465	0.031	0.0835	0.339	
% 2	195	0.09	0.7999	0.0325	0.0775	
% 2	196	0.414	0.0525	0.051	0.4825	
% 2	197	0.1646	0.0825	0.4437	0.3092	
% 2	198	0.0905	0.7501	0.0775	0.082	
% 2	199	0.261	0.038	0.1445	0.5565	
% 2	200	0.0996	0.1076	0.6878	0.105	
% 2	201	0.4728	0.041	0.1159	0.3703	
% 2	202	0.0715	0.0195	0.8521	0.057	
% 2	203	0.375	0.0645	0.2055	0.355	
% 2	204	0.3209	0.0655	0.2359	0.3778	
% 2	205	0.399	0.166	0.1425	0.2925	
% 2	206	0.0545	0.8419	0.0525	0.051	
% 2	207	0.3045	0.3195	0.1385	0.2375	
% 2	208	0.5541	0.0495	0.0776	0.3188	
% 2	209	0.0785	0.5252	0.2559	0.1404	
% 2	210	0.0535	0.8709	0.026	0.0495	
% 2	211	0.2545	0.2165	0.2175	0.3115	
% 2	212	0.1371	0.2101	0.5138	0.1391	
% 2	213	0.295	0.0545	0.146	0.5045	
% 2	214	0.6568	0.0585	0.0745	0.2101	
% 2	215	0.3556	0.0435	0.1049	0.496	
% 2	216	0.0855	0.7876	0.042	0.085	
% 2	217	0.2339	0.4363	0.1149	0.2149	
% 2	218	0.2701	0.0495	0.5483	0.1321	
% 2	219	0.3683	0.1279	0.0575	0.4462	
% 2	220	0.473	0.019	0.251	0.257	
% 2	221	0.3685	0.284	0.1145	0.233	
% 2	222	0.1939	0.0565	0.4063	0.3433	
% 2	223	0.4895	0.0726	0.1607	0.2773	
% 2	224	0.5617	0.042	0.0845	0.3119	
% 2	225	0.032	0.9135	0.0245	0.03	
% 2	226	0.268	0.264	0.06	0.408	
% 2	227	0.034	0.8856	0.0455	0.035	
% 2	228	0.4047	0.0535	0.0555	0.4863	
% 2	229	0.3975	0.0475	0.2685	0.2865	
% 2	230	0.3338	0.2434	0.2319	0.1909	
% 2	231	0.4327	0.1266	0.081	0.3597	
% 2	232	0.2839	0.074	0.2404	0.4018	
% 2	233	0.3865	0.2055	0.163	0.245	
% 2	234	0.0365	0.8985	0.0405	0.0245	
% 2	235	0.106	0.658	0.142	0.094	
% 2	236	0.4753	0.042	0.2529	0.2299	
% 2	237	0.3812	0.0835	0.1971	0.3382	
% 2	238	0.5708	0.1191	0.0755	0.2346	
% 2	239	0.2314	0.1239	0.1229	0.5217	
% 2	240	0.374	0.0765	0.179	0.3705	
% 2	241	0.1195	0.1296	0.4998	0.2511	
% 2	242	0.3055	0.0345	0.213	0.447	
% 2	243	0.2144	0.0745	0.4433	0.2679	
% 2	244	0.2475	0.096	0.492	0.1645	
% 2	245	0.028	0.916	0.0265	0.0295	
% 2	246	0.1325	0.229	0.5215	0.117	
% 2	247	0.1259	0.6042	0.1659	0.1039	
% 2	248	0.1114	0.5822	0.1234	0.1829	
% 2	249	0.576	0.097	0.072	0.255	
% 2	250	0.357	0.126	0.172	0.345	
% 2	251	0.3815	0.068	0.124	0.4265	
% 2	252	0.0825	0.0455	0.81	0.062	
% 2	253	0.2559	0.1319	0.1289	0.4833	
% 2	254	0.1976	0.094	0.5343	0.1741	
% 2	255	0.164	0.0495	0.6305	0.156	
% 2	256	0.152	0.3545	0.377	0.1165	
% 2	257	0.4712	0.1161	0.1051	0.3077	
% 1	258	0.2191	0.2286	0.2131	0.3392	
% 1	259	0.2156	0.4447	0.1166	0.2231	
% 1	260	0.47	0.037	0.0895	0.4035	
% 1	261	0.3568	0.0785	0.082	0.4827	
% 1	262	0.2358	0.1469	0.1758	0.4416	
% 1	263	0.203	0.076	0.556	0.165	
% 1	264	0.3503	0.0845	0.1529	0.4123	
% 1	265	0.4083	0.064	0.2889	0.2389	
% 1	266	0.523	0.0345	0.0855	0.357	
% 1	267	0.283	0.188	0.136	0.393	
% 1	268	0.1466	0.2251	0.4818	0.1466	
% 1	269	0.293	0.199	0.0875	0.4205	
% 1	270	0.2861	0.049	0.5183	0.1466	
% 1	271	0.2728	0.3483	0.1046	0.2743	
% 1	272	0.29	0.2125	0.061	0.4365	
% 1	273	0.2571	0.062	0.2616	0.4192	
% 1	274	0.067	0.7879	0.0585	0.0865	
% 1	275	0.2054	0.1399	0.3853	0.2694	
% 1	276	0.2729	0.0984	0.1534	0.4753	
% 1	277	0.2998	0.1174	0.0635	0.5192	
% 1	278	0.382	0.3665	0.074	0.1775	
% 1	279	0.3205	0.26	0.0715	0.348	
% 1	280	0.2575	0.1645	0.366	0.212	
% 1	281	0.3698	0.073	0.1449	0.4123	
% 1	282	0.206	0.2345	0.2095	0.35	
% 1	283	0.3892	0.063	0.0985	0.4492	
% 1	284	0.3628	0.0395	0.2269	0.3708	
% 1	285	0.234	0.072	0.3745	0.3195	
% 1	286	0.309	0.0415	0.287	0.3625	
% 1	287	0.016	0.952	0.0145	0.0175	
% 1	288	0.0966	0.7738	0.0546	0.0751	
% 1	289	0.3652	0.1846	0.1035	0.3467	
% 1	290	0.022	0.9295	0.0235	0.025	
% 1	291	0.1804	0.4503	0.1904	0.1789	
% 1	292	0.275	0.2335	0.1005	0.391	
% 1	293	0.1185	0.041	0.715	0.1255	
% 1	294	0.3347	0.4056	0.0809	0.1788	
% 1	295	0.3262	0.045	0.2256	0.4032	
% 1	296	0.2825	0.0615	0.179	0.477	
% 1	297	0.0926	0.7724	0.0425	0.0925	
% 1	298	0.5972	0.0405	0.0815	0.2808	
% 1	299	0.2219	0.3023	0.3428	0.1329	
% 1	300	0.5065	0.048	0.163	0.2825	
% 1	301	0.0435	0.8905	0.0255	0.0405	
% 1	302	0.2211	0.5213	0.0805	0.1771	
% 1	303	0.2796	0.1531	0.0895	0.4778	
% 1	304	0.4137	0.1836	0.1196	0.2831	
% 1	305	0.536	0.052	0.1205	0.2915	
% 1	306	0.1341	0.6993	0.03	0.1366	
% 1	307	0.3985	0.0385	0.339	0.224	
% 1	308	0.4351	0.1344	0.0884	0.3422	
% 1	309	0.043	0.876	0.0375	0.0435	
% 1	310	0.1895	0.4235	0.118	0.269	
% 1	311	0.1341	0.4973	0.075	0.2936	
% 1	312	0.2159	0.0545	0.5692	0.1604	
% 1	313	0.4795	0.0325	0.1545	0.3335	
% 1	314	0.1245	0.0635	0.6565	0.1555	
% 1	315	0.3843	0.1005	0.1509	0.3643	
% 1	316	0.5077	0.0495	0.1206	0.3222	
% 1	317	0.1314	0.0635	0.5777	0.2274	
% 1	318	0.1569	0.0375	0.5267	0.2789	
% 1	319	0.3825	0.0275	0.1725	0.4175	
% 1	320	0.671	0.018	0.0955	0.2155	
% 1	321	0.5203	0.048	0.1081	0.3237	
% 1	322	0.12	0.512	0.108	0.26	
% 1	323	0.446	0.0435	0.0495	0.461	
% 1	324	0.3625	0.0455	0.1615	0.4305	
% 1	325	0.2126	0.4157	0.079	0.2927	
% 1	326	0.5525	0.0745	0.079	0.294	
% 1	327	0.4617	0.054	0.1916	0.2927	
% 1	328	0.4107	0.0455	0.2316	0.3121	
% 1	329	0.2581	0.1151	0.4517	0.1751	
% 1	330	0.3091	0.1045	0.2807	0.3057	
% 1	331	0.3055	0.348	0.1905	0.156	
% 1	332	0.1651	0.2721	0.2897	0.2731	
% 1	333	0.196	0.339	0.314	0.151	
% 1	334	0.1079	0.034	0.6647	0.1934	
% 1	335	0.2825	0.0655	0.285	0.367	
% 1	336	0.3136	0.1841	0.1661	0.3362	
% 1	337	0.2069	0.4992	0.1069	0.1869	
% 1	338	0.1735	0.1965	0.3595	0.2705	
% 1	339	0.3617	0.1391	0.1511	0.3482	
% 1	340	0.0805	0.0695	0.761	0.089	
% 1	341	0.089	0.1065	0.68	0.1245	
% 1	342	0.2329	0.2294	0.3218	0.2159	
% 1	343	0.2006	0.0865	0.4212	0.2916	
% 1	344	0.163	0.21	0.373	0.254	
% 1	345	0.368	0.1945	0.0645	0.373	
% 1	346	0.3398	0.2659	0.2029	0.1914	
% 1	347	0.242	0.3025	0.1305	0.325	
% 1	348	0.1254	0.2363	0.5405	0.0979	
% 1	349	0.182	0.081	0.445	0.292	
% 1	350	0.5073	0.1076	0.1011	0.2841	
% 1	351	0.2041	0.1686	0.3342	0.2931	
% 1	352	0.374	0.078	0.152	0.396	
% 1	353	0.423	0.048	0.2055	0.3235	
% 1	354	0.1145	0.317	0.414	0.1545	
% 1	355	0.1926	0.0961	0.4577	0.2537	
% 1	356	0.3375	0.0645	0.212	0.386	
% 1	357	0.5502	0.1339	0.082	0.2339	
% 1	358	0.4542	0.062	0.1291	0.3547	
% 1	359	0.4175	0.2555	0.032	0.295	
% 1	360	0.277	0.27	0.2055	0.2475	
% 1	361	0.6085	0.0585	0.069	0.264	
% 1	362	0.4545	0.064	0.075	0.4065	
% 1	363	0.1903	0.1818	0.3906	0.2373	
% 1	364	0.222	0.056	0.504	0.218	
% 1	365	0.4092	0.0295	0.1106	0.4507	
% 1	366	0.2855	0.0475	0.379	0.288	
% 1	367	0.295	0.148	0.128	0.429	
% 1	368	0.3063	0.1196	0.0661	0.508	
% 1	369	0.1578	0.3756	0.2792	0.1873	
% 1	370	0.072	0.7355	0.0945	0.098	
% 1	371	0.0745	0.8156	0.0495	0.0605	
% 1	372	0.0335	0.9019	0.028	0.0365	
% 1	373	0.2555	0.4765	0.061	0.207	
% 1	374	0.2916	0.038	0.2801	0.3902	
% 1	375	0.4765	0.1155	0.111	0.297	
% 1	376	0.1454	0.5622	0.1089	0.1834	
% 1	377	0.2561	0.037	0.4462	0.2606	
% 1	378	0.2761	0.0375	0.2831	0.4032	
% 1	379	0.1845	0.4875	0.17	0.158	
% 1	380	0.478	0.0325	0.111	0.3785	
% 1	381	0.336	0.147	0.07	0.447	
% 1	382	0.06	0.8631	0.028	0.049	
% 1	383	0.445	0.2115	0.048	0.2955	
% 1	384	0.154	0.3845	0.2095	0.252	
% 1	385	0.3608	0.3029	0.047	0.2893	
% 1	386	0.344	0.174	0.141	0.341	
% 1	387	0.3705	0.3815	0.0585	0.1895	
% 1	388	0.1305	0.3225	0.347	0.2	
% 1	389	0.6794	0.0455	0.065	0.2101	
% 1	390	0.3963	0.035	0.1804	0.3883	
% 1	391	0.157	0.459	0.2515	0.1325	
% 1	392	0.184	0.345	0.23	0.241	
% 1	393	0.4045	0.0945	0.292	0.209	
% 1	394	0.3973	0.1114	0.081	0.4103	
% 1	395	0.1984	0.0945	0.3143	0.3928	
% 1	396	0.5365	0.063	0.115	0.2855	
% 1	397	0.2726	0.3437	0.079	0.3047	
% 1	398	0.08	0.7156	0.1289	0.0755	
% 1	399	0.2231	0.2616	0.1616	0.3537	
% 1	400	0.2414	0.1624	0.1639	0.4323	
% 1	401	0.0325	0.8659	0.0525	0.049	
% 1	402	0.194	0.04	0.6045	0.1615	
% 1	403	0.2189	0.1954	0.3463	0.2394	
% 1	404	0.263	0.0425	0.4185	0.276	
% 1	405	0.3975	0.3605	0.0515	0.1905	
% 1	406	0.269	0.114	0.346	0.271	
% 1	407	0.454	0.0745	0.0555	0.416	
% 1	408	0.2491	0.1181	0.3402	0.2926	
% 1	409	0.539	0.0835	0.0505	0.327	
% 1	410	0.0455	0.888	0.0255	0.041	
% 1	411	0.1485	0.6155	0.083	0.153	
% 1	412	0.278	0.153	0.3915	0.1775	
% 1	413	0.5025	0.0665	0.044	0.387	
% 1	414	0.0935	0.4108	0.2949	0.2009	
% 1	415	0.3585	0.041	0.2405	0.36	
% 1	416	0.3278	0.1069	0.2594	0.3059	
% 1	417	0.5435	0.043	0.1698	0.2438	
% 1	418	0.274	0.2035	0.1155	0.407	
% 1	419	0.288	0.44	0.0655	0.2065	
% 1	420	0.2313	0.046	0.3297	0.3931	
% 1	421	0.3042	0.1576	0.3327	0.2056	
% 1	422	0.0315	0.884	0.04	0.0445	
% 1	423	0.6347	0.0535	0.041	0.2709	
% 1	424	0.3958	0.0385	0.0855	0.4803	
% 1	425	0.031	0.8431	0.095	0.031	
% 1	426	0.378	0.1235	0.1055	0.393	
% 1	427	0.2805	0.243	0.12	0.3565	
% 1	428	0.025	0.919	0.0275	0.0285	
% 1	429	0.6142	0.0405	0.1069	0.2384	
% 1	430	0.311	0.128	0.048	0.513	
% 1	431	0.1731	0.5313	0.1466	0.1491	
% 1	432	0.0435	0.8589	0.0465	0.051	
% 1	433	0.0365	0.8806	0.0445	0.0385	
% 1	434	0.4287	0.2651	0.042	0.2641	
% 1	435	0.256	0.028	0.188	0.528	
% 1	436	0.5717	0.0595	0.04	0.3288	
% 1	437	0.1781	0.6468	0.064	0.1111	
% 1	438	0.2016	0.4082	0.1076	0.2826	
% 1	439	0.2924	0.0935	0.087	0.5272	
% 1	440	0.0825	0.7735	0.07	0.074	
% 1	441	0.3073	0.035	0.1529	0.5048	
% 1	442	0.263	0.085	0.0995	0.5525	
% 1	443	0.1385	0.027	0.544	0.2905	
% 1	444	0.553	0.1405	0.0545	0.252	
% 1	445	0.3775	0.143	0.0695	0.41	
% 2	446	0.1922	0.0801	0.5686	0.1592	
% 2	447	0.3947	0.078	0.1171	0.4102	
% 2	448	0.4792	0.0865	0.053	0.3812	
% 2	449	0.1165	0.694	0.085	0.1045	
% 2	450	0.0849	0.7088	0.1034	0.1029	
% 2	451	0.0465	0.8696	0.0355	0.0485	
% 2	452	0.1444	0.3043	0.2689	0.2824	
% 2	453	0.1629	0.042	0.6517	0.1434	
% 2	454	0.0465	0.8609	0.038	0.0545	
% 2	455	0.4235	0.053	0.081	0.4425	
% 2	456	0.05	0.863	0.0265	0.0605	
% 2	457	0.2999	0.0715	0.0695	0.5592	
% 2	458	0.1604	0.1909	0.4868	0.1619	
% 2	459	0.227	0.0295	0.403	0.3405	
% 2	460	0.1565	0.4635	0.1205	0.2595	
% 2	461	0.1836	0.3567	0.2796	0.1801	
% 2	462	0.1491	0.4479	0.1587	0.2442	
% 2	463	0.1171	0.7038	0.0915	0.0875	
% 2	464	0.606	0.0395	0.0545	0.3	
% 2	465	0.439	0.076	0.0785	0.4065	
% 2	466	0.2451	0.2361	0.1201	0.3987	
% 2	467	0.4145	0.065	0.118	0.4025	
% 2	468	0.616	0.0695	0.057	0.2575	
% 2	469	0.083	0.7706	0.051	0.0955	
% 2	470	0.2081	0.5678	0.1136	0.1105	
% 2	471	0.2074	0.3458	0.1884	0.2584	
% 2	472	0.2071	0.1181	0.1001	0.5748	
% 2	473	0.3532	0.0445	0.1166	0.4857	
% 2	474	0.1905	0.0515	0.5945	0.1635	
% 2	475	0.0505	0.6925	0.204	0.053	
% 2	476	0.1926	0.031	0.4282	0.3482	
% 2	477	0.2284	0.1394	0.1134	0.5187	
% 2	478	0.1716	0.0715	0.4877	0.2691	
% 2	479	0.5005	0.035	0.095	0.3695	
% 2	480	0.296	0.1955	0.1085	0.4	
% 2	481	0.1515	0.294	0.279	0.2755	
% 2	482	0.5275	0.0295	0.117	0.326	
% 2	483	0.4453	0.0675	0.053	0.4343	
% 2	484	0.3437	0.0785	0.2626	0.3152	
% 2	485	0.147	0.6715	0.0625	0.119	
% 2	486	0.237	0.472	0.0805	0.2105	
% 2	487	0.1759	0.1514	0.4563	0.2164	
% 2	488	0.3828	0.093	0.1779	0.3463	
% 2	489	0.241	0.0505	0.231	0.4775	
% 2	490	0.2968	0.1211	0.1777	0.4044	
% 2	491	0.1139	0.1554	0.5932	0.1374	
% 2	492	0.0855	0.0315	0.7904	0.0925	
% 2	493	0.4532	0.1571	0.082	0.3076	
% 2	494	0.0485	0.8745	0.033	0.044	
% 2	495	0.1236	0.2001	0.5328	0.1436	
% 2	496	0.2399	0.1084	0.3568	0.2949	
% 2	497	0.2551	0.1356	0.2691	0.3402	
% 2	498	0.1674	0.2659	0.2264	0.3403	
% 2	499	0.259	0.0705	0.248	0.4225	
% 2	500	0.3447	0.039	0.1721	0.4442	
% 2	501	0.1465	0.5005	0.119	0.234	
% 2	502	0.451	0.2635	0.055	0.2305	
% 2	503	0.4552	0.0745	0.047	0.4232	
% 2	504	0.3035	0.3675	0.05	0.279	
% 2	505	0.19	0.2995	0.351	0.1595	
% 2	506	0.1951	0.0905	0.4077	0.3067	
% 2	507	0.2605	0.1955	0.1185	0.4255	
% 2	508	0.4645	0.1124	0.1054	0.3177	
% 2	509	0.04	0.8759	0.0501	0.034	
% 2	510	0.4187	0.0485	0.2101	0.3227	
% 2	511	0.0775	0.1785	0.6655	0.0785	
% 2	512	0.1251	0.7658	0.032	0.0771	
% 2	513	0.1189	0.2364	0.5217	0.1229	
% 2	514	0.107	0.5925	0.2165	0.084	
% 2	515	0.3642	0.0975	0.1681	0.3702	
% 2	516	0.3075	0.262	0.17	0.2605	
% 2	517	0.1309	0.2964	0.3159	0.2569	
% 2	518	0.5077	0.063	0.1274	0.3019	
% 2	519	0.0919	0.0764	0.7273	0.1044	
% 2	520	0.106	0.245	0.472	0.177	
% 2	521	0.171	0.2325	0.3695	0.227	
% 2	522	0.319	0.163	0.076	0.442	
% 2	523	0.5662	0.067	0.1359	0.2309	
% 2	524	0.524	0.054	0.0645	0.3575	
% 2	525	0.2269	0.2084	0.3803	0.1844	
% 2	526	0.2694	0.1194	0.3968	0.2144	
% 2	527	0.3099	0.059	0.3763	0.2549	
% 2	528	0.5743	0.0565	0.1081	0.2611	
% 2	529	0.3337	0.0465	0.1291	0.4908	
% 2	530	0.564	0.0395	0.045	0.3515	
% 2	531	0.5803	0.0575	0.047	0.3152	
% 2	532	0.3483	0.0345	0.0935	0.5238	
% 2	533	0.3567	0.029	0.3002	0.3142	
% 2	534	0.353	0.092	0.117	0.438	
% 2	535	0.17	0.074	0.419	0.337	
% 2	536	0.0956	0.0415	0.7704	0.0925	
% 2	537	0.208	0.0435	0.4955	0.253	
% 2	538	0.4785	0.0625	0.0565	0.4025	
% 2	539	0.5335	0.0805	0.1095	0.2765	
% 2	540	0.2512	0.0795	0.2076	0.4617	
% 2	541	0.4282	0.0755	0.1911	0.3052	
% 2	542	0.3337	0.2126	0.1826	0.2711	
% 2	543	0.365	0.275	0.1055	0.2545	
% 2	544	0.3483	0.066	0.2684	0.3173	
% 2	545	0.1925	0.6065	0.0365	0.1645	
% 2	546	0.4748	0.0235	0.0775	0.4242	
% 2	547	0.3715	0.1605	0.041	0.427	
% 2	548	0.208	0.206	0.259	0.327	
% 2	549	0.3993	0.057	0.079	0.4647	
% 2	550	0.0655	0.7804	0.0785	0.0755	
% 2	551	0.1246	0.0845	0.6223	0.1686	
% 2	552	0.2516	0.1341	0.094	0.5203	
% 2	553	0.4343	0.0989	0.1799	0.2869	
% 2	554	0.4295	0.054	0.174	0.3425	
% 2	555	0.2524	0.051	0.3143	0.3823	
% 2	556	0.0755	0.093	0.7521	0.0795	
% 2	557	0.1406	0.5698	0.1081	0.1816	
% 2	558	0.062	0.1789	0.6792	0.08	
% 2	559	0.2902	0.038	0.0754	0.5964	
% 2	560	0.2765	0.1475	0.308	0.268	
% 2	561	0.5695	0.0385	0.051	0.341	
% 2	562	0.289	0.0705	0.4355	0.205	
% 2	563	0.284	0.1015	0.2865	0.328	
% 2	564	0.1335	0.309	0.4245	0.133	
% 2	565	0.3375	0.137	0.207	0.3185	
% 2	566	0.3229	0.093	0.091	0.4932	
% 2	567	0.4255	0.0375	0.0955	0.4415	
% 2	568	0.2468	0.1494	0.3786	0.2253	
% 2	569	0.3193	0.0725	0.1584	0.4498	
% 2	570	0.343	0.096	0.061	0.5	
% 2	571	0.3965	0.032	0.0425	0.529	
% 2	572	0.2163	0.0744	0.5155	0.1938	
% 2	573	0.1201	0.4777	0.1851	0.2171	
% 2	574	0.2716	0.2571	0.1876	0.2837	
% 2	575	0.2141	0.0405	0.5133	0.2321	
% 2	576	0.3957	0.091	0.2601	0.2531	
% 2	577	0.058	0.8586	0.0295	0.054	
% 2	578	0.3918	0.05	0.061	0.4972	
% 2	579	0.053	0.7816	0.0944	0.071	
% 2	580	0.338	0.0235	0.342	0.2965	
% 2	581	0.4195	0.0865	0.121	0.373	
% 2	582	0.3802	0.0425	0.2967	0.2806	
% 2	583	0.246	0.051	0.497	0.206	
% 2	584	0.32	0.097	0.284	0.299	
% 2	585	0.1835	0.0935	0.1175	0.6055	
% 2	586	0.5445	0.0255	0.1385	0.2915	
% 2	587	0.0355	0.9115	0.023	0.03	
% 2	588	0.0825	0.2485	0.5045	0.1645	
% 2	589	0.288	0.1035	0.2565	0.352	
% 2	590	0.6745	0.016	0.042	0.2675	
% 2	591	0.3925	0.0775	0.1855	0.3445	
% 2	592	0.4982	0.0865	0.1064	0.3089	
% 2	593	0.1414	0.1564	0.3838	0.3183	
% 2	594	0.2902	0.058	0.1426	0.5093	
% 2	595	0.1525	0.115	0.538	0.1945	
% 2	596	0.386	0.1305	0.1735	0.31	
% 2	597	0.282	0.097	0.277	0.344	
% 2	598	0.361	0.0975	0.0915	0.45	
% 2	599	0.5158	0.086	0.102	0.2961	
% 2	600	0.1781	0.0595	0.5208	0.2416	
% 2	601	0.407	0.047	0.28	0.266	
% 2	602	0.4877	0.1136	0.078	0.3207	
% 2	603	0.1842	0.0465	0.4945	0.2748	
% 2	604	0.3665	0.0655	0.2595	0.3085	
% 2	605	0.0785	0.034	0.725	0.1625	
% 2	606	0.24	0.0915	0.3905	0.278	
% 2	607	0.3215	0.072	0.0855	0.521	
% 2	608	0.6558	0.0415	0.051	0.2516	
% 2	609	0.1461	0.0695	0.6894	0.095	
% 2	610	0.04	0.8076	0.101	0.0515	
% 2	611	0.1235	0.32	0.293	0.2635	
% 2	612	0.3475	0.0695	0.198	0.385	
% 2	613	0.2481	0.1086	0.2617	0.3817	
% 2	614	0.386	0.1725	0.05	0.3915	
% 2	615	0.2623	0.025	0.2873	0.4254	
% 2	616	0.288	0.1695	0.3065	0.236	
% 2	617	0.328	0.064	0.2745	0.3335	
% 2	618	0.4197	0.1436	0.057	0.3797	
% 2	619	0.262	0.046	0.444	0.248	
% 2	620	0.102	0.192	0.522	0.184	
% 2	621	0.3152	0.1201	0.3062	0.2586	
% 2	622	0.13	0.079	0.5765	0.2145	
% 2	623	0.462	0.0979	0.0954	0.3447	
% 2	624	0.3944	0.0786	0.1346	0.3924	
% 2	625	0.4558	0.1744	0.072	0.2979	
% 2	626	0.2974	0.0565	0.1959	0.4503	
% 2	627	0.205	0.2045	0.341	0.2495	
% 2	628	0.022	0.9354	0.0205	0.022	
% 2	629	0.1725	0.1785	0.544	0.105	
% 2	630	0.1466	0.04	0.6558	0.1576	
% 2	631	0.3077	0.0455	0.09	0.5568	
% 2	632	0.068	0.037	0.8426	0.0525	
% 2	633	0.3455	0.055	0.178	0.4215	
% 2	634	0.095	0.388	0.414	0.103	
% 2	635	0.2997	0.0275	0.4011	0.2717	
% 2	636	0.098	0.5278	0.1721	0.2021	
% 2	637	0.2415	0.136	0.3215	0.301	
% 2	638	0.3793	0.062	0.2054	0.3533	
% 2	639	0.2596	0.1316	0.1741	0.4347	
% 2	640	0.2405	0.402	0.103	0.2545	
% 2	641	0.0846	0.3458	0.3589	0.2107	
% 2	642	0.3835	0.1455	0.1415	0.3295	
% 2	643	0.171	0.065	0.3365	0.4275	
% 2	644	0.4602	0.028	0.097	0.4147	
% 2	645	0.3177	0.1269	0.1329	0.4226	
% 2	646	0.381	0.0405	0.2815	0.297	
% 2	647	0.6277	0.0445	0.0635	0.2644	
% 2	648	0.1824	0.1069	0.4992	0.2114	
% 2	649	0.4705	0.059	0.1615	0.309	
% 2	650	0.5578	0.024	0.1741	0.2441	
% 2	651	0.0355	0.8454	0.063	0.056	
% 2	652	0.3325	0.1625	0.278	0.227	
% 2	653	0.188	0.0965	0.416	0.2995	
% 2	654	0.5017	0.1306	0.086	0.2816	
% 2	655	0.192	0.3015	0.134	0.3725	
% 2	656	0.4072	0.04	0.1451	0.4077	
% 2	657	0.2618	0.0636	0.3639	0.3108	
% 2	658	0.3898	0.0725	0.1859	0.3518	
% 2	659	0.2285	0.019	0.3225	0.43	
% 2	660	0.2551	0.1636	0.1526	0.4287	
% 2	661	0.3183	0.0295	0.4538	0.1984	
% 2	662	0.127	0.1085	0.512	0.2525	
% 2	663	0.1896	0.3172	0.2436	0.2496	
% 2	664	0.2384	0.0565	0.4713	0.2339	
% 2	665	0.1666	0.1156	0.5163	0.2016	
% 2	666	0.076	0.7909	0.051	0.082	
% 2	667	0.1866	0.3707	0.2571	0.1856	
% 2	668	0.335	0.282	0.1025	0.2805	
% 2	669	0.4019	0.1507	0.0816	0.3659	
% 2	670	0.4188	0.053	0.0355	0.4928	
% 2	671	0.044	0.0345	0.846	0.0755	
% 2	672	0.1329	0.0335	0.6227	0.2109	
% 2	673	0.3478	0.037	0.3908	0.2244	
% 2	674	0.2655	0.132	0.3285	0.274	
% 2	675	0.2036	0.051	0.3197	0.4257	
% 2	676	0.3102	0.07	0.3272	0.2927	
% 2	677	0.2625	0.2905	0.102	0.345	
% 2	678	0.224	0.0455	0.554	0.1765	
% 2	679	0.4185	0.2365	0.045	0.3	
% 2	680	0.1799	0.0675	0.5867	0.1659	
% 2	681	0.1381	0.3372	0.2841	0.2406	
% 2	682	0.2586	0.4087	0.1836	0.1491	
% 2	683	0.295	0.095	0.0545	0.5555	
% 2	684	0.421	0.0475	0.1285	0.403	
% 2	685	0.5098	0.058	0.0685	0.3636	
% 2	686	0.472	0.0335	0.0935	0.401	
% 2	687	0.4753	0.051	0.1534	0.3203	
% 2	688	0.1436	0.3147	0.2816	0.2601	
% 2	689	0.1481	0.5563	0.1641	0.1316	
% 2	690	0.077	0.1335	0.6635	0.126	
% 2	691	0.2401	0.2736	0.2511	0.2351	
% 2	692	0.2785	0.2965	0.0865	0.3385	
% 2	693	0.2209	0.0435	0.3508	0.3848	
% 2	694	0.1421	0.0315	0.7199	0.1066	
% 2	695	0.258	0.362	0.107	0.273	
% 2	696	0.589	0.031	0.0325	0.3475	
% 2	697	0.1231	0.0986	0.533	0.2452	
% 2	698	0.228	0.0225	0.4705	0.279	
% 2	699	0.08	0.12	0.63	0.17	
% 2	700	0.5555	0.1235	0.0565	0.2645	
% 2	701	0.1971	0.0845	0.4042	0.3142	
% 2	702	0.201	0.3675	0.259	0.1725	
% 2	703	0.4543	0.2364	0.044	0.2654	
% 2	704	0.1826	0.5828	0.1221	0.1126	
% 2	705	0.308	0.045	0.242	0.405	
% 2	706	0.1766	0.3977	0.1986	0.2271	
% 2	707	0.069	0.043	0.813	0.075	
% 2	708	0.264	0.2045	0.3175	0.214	
% 2	709	0.2296	0.4297	0.1781	0.1626	
% 2	710	0.2775	0.087	0.232	0.4035	
% 2	711	0.3495	0.265	0.058	0.3275	
% 2	712	0.3615	0.0805	0.179	0.379	
% 2	713	0.4865	0.1225	0.112	0.279	
% 2	714	0.4555	0.089	0.065	0.3905	
% 2	715	0.468	0.1415	0.0715	0.319	
% 2	716	0.1465	0.5405	0.1175	0.1955	
% 2	717	0.132	0.0935	0.602	0.1725	
% 2	718	0.1401	0.0575	0.5833	0.2191	
% 2	719	0.102	0.0225	0.7075	0.168	
% 2	720	0.3996	0.0874	0.0739	0.4391	
% 2	721	0.2695	0.0665	0.4645	0.1995	
% 2	722	0.3898	0.065	0.2364	0.3089	
% 2	723	0.1535	0.0555	0.627	0.164	
% 2	724	0.2444	0.4893	0.0625	0.2039	
% 2	725	0.3854	0.0681	0.2292	0.3173	
% 2	726	0.3221	0.059	0.2711	0.3477	
% 2	727	0.0565	0.079	0.7965	0.068	
% 2	728	0.1395	0.2675	0.3335	0.2595	
% 2	729	0.3138	0.0725	0.3084	0.3053	
% 2	730	0.4002	0.1631	0.1416	0.2952	
% 2	731	0.0855	0.698	0.11	0.1065	
% 2	732	0.0675	0.2834	0.5652	0.084	
% 2	733	0.5547	0.0445	0.104	0.2969	
% 2	734	0.3467	0.0515	0.085	0.5168	
% 2	735	0.302	0.0425	0.355	0.3005	
% 2	736	0.3965	0.162	0.0665	0.375	
% 2	737	0.4742	0.1171	0.101	0.3077	
% 2	738	0.377	0.287	0.153	0.183	
% 2	739	0.264	0.135	0.3435	0.2575	
% 2	740	0.25	0.0195	0.3755	0.355	
% 2	741	0.327	0.266	0.0785	0.3285	
% 2	742	0.1729	0.1079	0.2674	0.4518	
% 2	743	0.6368	0.057	0.0445	0.2617	
% 2	744	0.4117	0.0315	0.1261	0.4307	
% 2	745	0.282	0.048	0.119	0.551	
% 2	746	0.1824	0.5097	0.0705	0.2374	
% 2	747	0.045	0.897	0.0215	0.0365	
% 2	748	0.5095	0.1205	0.0395	0.3305	
% 2	749	0.1	0.297	0.454	0.149	
% 2	750	0.4758	0.1059	0.1439	0.2743	
% 2	751	0.2983	0.3533	0.0385	0.3098	
% 2	752	0.4995	0.026	0.1755	0.299	
% 2	753	0.498	0.024	0.028	0.45	
% 2	754	0.2915	0.0595	0.139	0.51	
% 2	755	0.041	0.0365	0.8669	0.0555	
% 2	756	0.3283	0.1967	0.0646	0.4104	
% 2	757	0.1874	0.0765	0.4583	0.2779	
% 2	758	0.4602	0.1711	0.1406	0.2281	
% 2	759	0.4465	0.1225	0.1945	0.2365	
% 2	760	0.228	0.393	0.149	0.23	
% 2	761	0.5935	0.02	0.0495	0.337	
% 2	762	0.6682	0.0345	0.0621	0.2352	
% 2	763	0.3589	0.2603	0.1186	0.2623	
% 4	764	0.419	0.068	0.1805	0.3325	
% 2	765	0.4675	0.1024	0.1094	0.3207	
% 4	766	0.4096	0.029	0.1279	0.4336	
% 4	767	0.4602	0.0235	0.0425	0.4738	
% 4	768	0.505	0.0835	0.0485	0.363	
% 2	769	0.3495	0.052	0.2835	0.315	
% 4	770	0.4035	0.0605	0.109	0.427	
% 3	771	0.1841	0.0535	0.5583	0.2041	
% 2	772	0.5217	0.0505	0.0865	0.3413	
% 3	773	0.1666	0.1896	0.5248	0.1191	
% 3	774	0.072	0.05	0.8101	0.068	
% 3	775	0.035	0.0245	0.903	0.0375	
% 3	776	0.0435	0.0966	0.8188	0.041	
% 3	777	0.04	0.026	0.8891	0.045	
% 4	778	0.5398	0.1536	0.039	0.2676	
% 2	779	0.3317	0.1134	0.2058	0.3492	
% 4	780	0.2494	0.074	0.1459	0.5308	
% 4	781	0.3428	0.0425	0.0665	0.5482	
% 4	782	0.3855	0.103	0.158	0.3535	
% 4	783	0.4955	0.1565	0.049	0.299	
% 2	784	0.1485	0.535	0.184	0.1325	
% 4	785	0.3748	0.062	0.046	0.5172	
% 3	786	0.1585	0.3565	0.2725	0.2125	
% 3	787	0.0385	0.041	0.8784	0.042	
% 3	788	0.0605	0.0245	0.7679	0.1471	
% 3	789	0.1715	0.0845	0.5895	0.1545	
% 3	790	0.087	0.0605	0.7465	0.106	
% 3	791	0.236	0.0525	0.4725	0.239	
% 4	792	0.3793	0.0405	0.1964	0.3838	
% 4	793	0.5598	0.0665	0.1101	0.2636	
% 4	794	0.3303	0.026	0.2844	0.3593	
% 4	795	0.479	0.185	0.0745	0.2615	
% 4	796	0.4467	0.081	0.1761	0.2961	
% 2	797	0.2815	0.342	0.149	0.2275	
% 4	798	0.1864	0.1884	0.2449	0.3803	
% 3	799	0.0895	0.1265	0.5925	0.1915	
% 2	800	0.1816	0.1126	0.5488	0.1571	
% 3	801	0.1661	0.0435	0.4993	0.2911	
% 3	802	0.0325	0.1336	0.7999	0.034	
% 3	803	0.055	0.029	0.8484	0.0675	
% 3	804	0.0395	0.0245	0.8939	0.042	
% 4	805	0.4993	0.08	0.1259	0.2948	
% 4	806	0.284	0.027	0.0725	0.6165	
% 4	807	0.2634	0.08	0.1629	0.4937	
% 4	808	0.5157	0.087	0.071	0.3263	
% 2	809	0.2231	0.095	0.5323	0.1496	
% 4	810	0.2632	0.064	0.1191	0.5538	
% 2	811	0.3359	0.0885	0.1944	0.3813	
% 3	812	0.199	0.0545	0.3845	0.362	
% 3	813	0.09	0.017	0.803	0.09	
% 3	814	0.0775	0.174	0.6495	0.099	
% 3	815	0.065	0.0605	0.817	0.0575	
% 3	816	0.069	0.062	0.7975	0.0715	
% 4	817	0.531	0.0825	0.1175	0.269	
% 2	818	0.2105	0.418	0.1035	0.268	
% 4	819	0.3483	0.056	0.2179	0.3778	
% 4	820	0.6005	0.047	0.1355	0.217	
% 4	821	0.3825	0.147	0.069	0.4015	
% 4	822	0.3542	0.0665	0.069	0.5102	
% 2	823	0.4508	0.1169	0.0615	0.3708	
% 4	824	0.4198	0.0705	0.0865	0.4233	
% 2	825	0.117	0.773	0.034	0.076	
% 3	826	0.0455	0.0205	0.879	0.055	
% 2	827	0.0455	0.816	0.0795	0.059	
% 3	828	0.1511	0.059	0.5858	0.2041	
% 3	829	0.066	0.0745	0.736	0.1235	
% 3	830	0.0706	0.0981	0.7658	0.0656	
% 3	831	0.043	0.0255	0.883	0.0485	
% 4	832	0.2808	0.0995	0.3498	0.2699	
% 2	833	0.2641	0.031	0.1916	0.5133	
% 4	834	0.402	0.0415	0.0625	0.494	
% 4	835	0.4195	0.0935	0.21	0.277	
% 4	836	0.227	0.041	0.0625	0.6695	
% 4	837	0.3302	0.1231	0.2266	0.3202	
% 2	838	0.293	0.202	0.1535	0.3515	
% 2	839	0.3035	0.1575	0.241	0.298	
% 3	840	0.1169	0.1139	0.6662	0.103	
% 3	841	0.041	0.0725	0.8455	0.041	
% 3	842	0.052	0.013	0.895	0.04	
% 3	843	0.046	0.03	0.873	0.051	
% 3	844	0.0485	0.0265	0.8855	0.0395	
% 2	845	0.258	0.0395	0.0755	0.627	
% 4	846	0.6172	0.05	0.0575	0.2754	
% 4	847	0.3717	0.1351	0.1391	0.3542	
% 4	848	0.2648	0.1076	0.4029	0.2247	
% 4	849	0.562	0.082	0.08	0.276	
% 3	850	0.106	0.1631	0.5788	0.1521	
% 3	851	0.0705	0.037	0.8065	0.086	
% 3	852	0.0635	0.027	0.8595	0.05	
% 3	853	0.072	0.046	0.8055	0.0765	
% 3	854	0.0445	0.016	0.8915	0.048	
% 2	855	0.109	0.4855	0.2805	0.125	
% 4	856	0.3835	0.0295	0.074	0.513	
% 4	857	0.2436	0.052	0.2361	0.4682	
% 4	858	0.3513	0.0725	0.1634	0.4128	
% 2	859	0.255	0.197	0.358	0.19	
% 2	860	0.495	0.0505	0.161	0.2935	
% 3	861	0.173	0.0485	0.6155	0.163	
% 3	862	0.0395	0.0445	0.8754	0.0405	
% 3	863	0.049	0.016	0.902	0.033	
% 3	864	0.1525	0.0265	0.619	0.202	
% 3	865	0.0785	0.0335	0.7796	0.1084	
% 2	866	0.1499	0.6317	0.0975	0.1209	
% 2	867	0.2341	0.4092	0.1015	0.2551	
% 2	868	0.0775	0.0775	0.732	0.113	
% 2	869	0.0365	0.8736	0.0545	0.0355	
% 2	870	0.1155	0.0495	0.6895	0.1455	
% 2	871	0.4703	0.1444	0.0665	0.3188	
% 2	872	0.1261	0.08	0.5648	0.2291	
% 2	873	0.5315	0.1465	0.055	0.267	
% 2	874	0.032	0.882	0.049	0.037	
% 2	875	0.058	0.6552	0.2099	0.077	
% 2	876	0.0975	0.79	0.0305	0.082	
% 2	877	0.5095	0.072	0.0845	0.334	
% 2	878	0.2405	0.0745	0.2275	0.4575	
% 2	879	0.467	0.0465	0.16	0.3265	
% 2	880	0.4645	0.125	0.076	0.3345	
% 2	881	0.1365	0.4685	0.213	0.182	
% 2	882	0.1195	0.4545	0.185	0.241	
% 2	883	0.2665	0.162	0.247	0.3245	
% 2	884	0.0785	0.4792	0.3497	0.0925	
% 2	885	0.2925	0.0465	0.2225	0.4385	
% 2	886	0.0365	0.8851	0.037	0.0415	
% 2	887	0.4145	0.0395	0.0565	0.4895	
% 2	888	0.295	0.0505	0.0245	0.63	
% 2	889	0.3505	0.2425	0.1235	0.2835	
% 2	890	0.3985	0.1005	0.193	0.308	
% 2	891	0.1615	0.1125	0.56	0.166	
% 2	892	0.3355	0.15	0.21	0.3045	
% 2	893	0.5102	0.2089	0.08	0.2009	
% 2	894	0.6425	0.0215	0.105	0.231	
% 2	895	0.1196	0.0365	0.6658	0.1781	
% 2	896	0.32	0.05	0.325	0.305	
% 2	897	0.0615	0.8575	0.0285	0.0525	
% 2	898	0.4365	0.048	0.172	0.3435	
% 2	899	0.2216	0.1186	0.2621	0.3977	
% 2	900	0.1014	0.0295	0.7438	0.1254	
% 2	901	0.456	0.1887	0.0711	0.2843	
% 2	902	0.16	0.411	0.134	0.295	
% 2	903	0.088	0.5015	0.275	0.1355	
% 2	904	0.4755	0.0445	0.0635	0.4165	
% 2	905	0.5248	0.1181	0.043	0.3142	
% 2	906	0.2961	0.0395	0.1456	0.5188	
% 2	907	0.218	0.048	0.565	0.169	
% 2	908	0.2496	0.3717	0.0475	0.3312	
% 2	909	0.032	0.9145	0.025	0.0285	
% 2	910	0.3075	0.029	0.12	0.5435	
% 2	911	0.0605	0.04	0.8315	0.068	
% 2	912	0.0475	0.047	0.8381	0.0675	
% 2	913	0.0425	0.846	0.062	0.0495	
% 2	914	0.218	0.1015	0.2275	0.453	
% 2	915	0.4627	0.1386	0.1436	0.2552	
% 2	916	0.1231	0.1015	0.6783	0.0971	
% 2	917	0.1281	0.5698	0.2051	0.097	
% 2	918	0.3203	0.4618	0.0405	0.1774	
% 2	919	0.0475	0.8515	0.041	0.06	
% 2	920	0.1705	0.0775	0.576	0.176	
% 2	921	0.0705	0.034	0.8279	0.0675	
% 2	922	0.614	0.0365	0.095	0.2545	
% 2	923	0.4363	0.0835	0.051	0.4293	
% 2	924	0.536	0.055	0.0645	0.3445	
% 2	925	0.205	0.346	0.116	0.333	
% 2	926	0.065	0.8395	0.043	0.0525	
% 2	927	0.3587	0.3222	0.0365	0.2826	
% 2	928	0.0475	0.8415	0.0615	0.0495	
% 2	929	0.0385	0.8826	0.039	0.04	
% 2	930	0.307	0.1165	0.1915	0.385	
% 2	931	0.0615	0.79	0.084	0.0645	
% 2	932	0.0325	0.862	0.067	0.0385	
% 2	933	0.3765	0.067	0.212	0.3445	
% 2	934	0.065	0.1311	0.7144	0.0895	
% 2	935	0.3157	0.093	0.068	0.5233	
% 2	936	0.0405	0.8206	0.091	0.048	
% 2	937	0.0385	0.1921	0.7209	0.0485	
% 2	938	0.317	0.18	0.101	0.402	
% 2	939	0.0605	0.8565	0.0305	0.0525	
% 2	940	0.3747	0.2501	0.0955	0.2796	
% 2	941	0.1934	0.5482	0.0615	0.1969	
% 2	942	0.065	0.7889	0.065	0.081	
% 2	943	0.5303	0.0165	0.092	0.3612	
% 2	944	0.064	0.8301	0.0425	0.0635	
% 2	945	0.118	0.1845	0.4335	0.264	
% 2	946	0.3175	0.043	0.202	0.4375	
% 2	947	0.24	0.4745	0.138	0.1475	
% 2	948	0.575	0.0395	0.068	0.3175	
% 2	949	0.0435	0.8079	0.1081	0.0405	
% 2	950	0.3753	0.0575	0.2429	0.3243	
% 2	951	0.4992	0.0325	0.1424	0.3258	
% 2	952	0.5445	0.056	0.116	0.2835	
% 2	953	0.2332	0.2598	0.3093	0.1977	
% 2	954	0.086	0.6075	0.1705	0.136	
% 2	955	0.2356	0.3397	0.1336	0.2911	
% 2	956	0.05	0.059	0.8195	0.0715	
% 2	957	0.321	0.0365	0.2055	0.437	
% 2	958	0.2855	0.1195	0.083	0.512	
% 2	959	0.065	0.5172	0.1834	0.2344	
% 2	960	0.0515	0.8625	0.0375	0.0485	
% 2	961	0.031	0.909	0.03	0.03	
% 2	962	0.193	0.4345	0.127	0.2455	
% 2	963	0.2341	0.1301	0.2766	0.3592	
% 2	964	0.2701	0.1171	0.2616	0.3512	
% 2	965	0.5357	0.06	0.1139	0.2904	
% 2	966	0.037	0.8955	0.021	0.0465	
% 2	967	0.1781	0.0485	0.6098	0.1636	
% 2	968	0.532	0.0575	0.113	0.2975	
% 2	969	0.232	0.0905	0.1825	0.495	
% 2	970	0.1531	0.4217	0.2912	0.1341	
% 2	971	0.084	0.542	0.2	0.174	
% 2	972	0.1521	0.5003	0.2136	0.1341	
% 2	973	0.3633	0.071	0.1034	0.4623	
% 2	974	0.2889	0.1464	0.1529	0.4118	
% 2	975	0.487	0.0375	0.0595	0.416	
% 2	976	0.1229	0.0665	0.6042	0.2064	
% 2	977	0.108	0.759	0.0615	0.0715	
% 2	978	0.026	0.9295	0.0205	0.024	
% 2	979	0.04	0.863	0.0505	0.0465	
% 2	980	0.1673	0.2108	0.3911	0.2308	
% 2	981	0.04	0.8574	0.0605	0.042	
% 2	982	0.0655	0.7474	0.0845	0.1026	
% 2	983	0.0475	0.0605	0.8499	0.042	
% 2	984	0.3685	0.2665	0.0325	0.3325	
% 2	985	0.1449	0.05	0.5597	0.2454	
% 2	986	0.2846	0.0565	0.1661	0.4927	
% 2	987	0.203	0.056	0.6225	0.1185	
% 2	988	0.0525	0.8185	0.0735	0.0555	
% 2	989	0.0455	0.108	0.792	0.0545	
% 2	990	0.1786	0.0925	0.5158	0.2131	
% 2	991	0.0495	0.868	0.033	0.0495	
% 2	992	0.3527	0.0685	0.0705	0.5082	
% 2	993	0.1605	0.159	0.5215	0.159	
% 2	994	0.1446	0.1221	0.6418	0.0915	
% 2	995	0.24	0.4535	0.079	0.2275	
% 2	996	0.3072	0.2897	0.1444	0.2587	
% 2	997	0.0245	0.9305	0.021	0.024	
% 2	998	0.2109	0.3163	0.2789	0.1939	
% 2	999	0.0635	0.764	0.078	0.0945	
% 2	1000	0.3485	0.0955	0.188	0.368	


% PARAMETERS
72 500 translate 
1 1 scale
0 rotate
/setrim {3 setlinewidth} def 
/setsep {0.3 setlinewidth} def 
/setind {0.3 setlinewidth} def 
/fh {6} def    	% Font height 
/da {5} def    	% Distance above box at which to print names 
/db {-7} def    	% Distance below box at which to print names 
/bh {50} def    	% Height of the box 
/wi {0.468} def    	% Width of an individual 
/aato {60} def  	% Angle at which to print text atop box 
/abel {60} def  	% Angle at which to print text below box 
/tot {1000} def   	% Total number of individuals 
/Helvetica-Bold findfont fh scalefont setfont 

% ABBREVIATED COMMANDS
/M {moveto} def
/R {rmoveto} def
/L {lineto} def
/V {rlineto} def
/Cfs {closepath fill stroke} def
/rotshow {
  dup dup stringwidth pop abel cos mul neg exch 
  stringwidth pop abel sin mul neg R
  gsave abel rotate show grestore
} def
/bhm {bh mul} def 	% Multiply by height of the box 
/nwi {wi neg} def   	% Negative width of an individual 
/wm {wi mul} def 	% Multiply by width of an individual 
/ru {bhm M wi 0 V 0} def   	% Right-upwards box motion 
/ld {bhm V nwi 0 V Cfs} def	% Left-downwards box closure motion
/bbm {-.3 add 2 div add wm fh 2 div add db M} def       	% Below-box motion
/abm {-.3 add 2 div add wm fh 2 div add bh da add M} def	% Above-box motion
/sc {setrgbcolor} def

% COLORS
/c0 {0.0 0.0 0.0 sc} def    % black 
/c1 {2.1 0.6 0.3 sc} def    % orange 
/c2 {0 0.6 0.9 sc} def      % blue   
/c3 {.9 2.1 0 sc} def       % yellow 
/c4 {1.5 0.6 0.9 sc} def    % pink   
/c5 {.2 .6 .2 sc} def       % green  
/c6 {.5 0 .5 sc} def        % purple 
/c7 {1.2 0.0 0.3 sc} def    % red     
/c8 {0 1 0 sc} def          % light_green 
/c9 {0 0 1 sc} def          % dark_blue 
/c10 {1.2 0 1.8 sc} def     % light_purple 
/c11 {1.5 0.9 0.6 sc} def   % light_yellow 
/c12 {0.7 0.3 0.0 sc} def   % brown 
/c13 {0 1.2 1.8 sc} def     % light_blue 
/c14 {0.5 0.5 0.0 sc} def   % olive_green 
/c15 {1.8 0.6 0.6 sc} def   % peach 
/c16 {0 0.5 0.5 sc} def     % sea_green 
/c17 {.6 .75 .15 sc} def    % yellow_green 
/c18 {0.45 .15 .9 sc} def   % blue_purple  
/c19 {0.15 0.75 0.6 sc} def % blue_green 
/c20 {0.5 setgray} def      % gray 
/c21 {0.05 0.4 0.05 sc} def % dark_green 
/c22 {0.75 setgray} def     % light_gray 
/c23 {1 0 0 sc} def         % red2 
/c24 {0.6 0.9 1.5 sc} def   % light_blue2 
/c25 {1 0.6 0.4 sc} def     % light_orange 
/c26 {0.25 setgray} def     % dark_gray 
/c27 {1.2 0.9 0.9 sc} def   % light_pink 
/c28 {.6 .2 .2 sc} def      % dark_brown 
/c29 {1.6 0.4 0 sc} def     % dark_orange 
/c30 {0.2 0 0.3 sc} def     % dark_purple 
/c31 {1 setgray} def        % white 
/c32 {2.7 .3 0 sc} def      % color32 
/c33 {2.4 .6 0 sc} def      % color33 
/c34 {2.1 .3 .6 sc} def     % color34 
/c35 {1.5 .6 .9 sc} def     % color35 
/c36 {1.2 1.2 .6 sc} def    % color36 
/c37 {1.2 1.2 .9 sc} def    % color37 
/c38 {1.2 .9 .9 sc} def     % color38 
/c39 {.9 1.8 .3 sc} def     % color39 
/c40 {.9 .9 1.2 sc} def     % color40 
/c41 {.9 .6 1.5 sc} def     % color41 
/c42 {.6 2.1 .3 sc} def     % color42 
/c43 {.6 1.8 .6 sc} def     % color43 
/c44 {.6 1.5 .9 sc} def     % color44 
/c45 {.6 1.2 1.2 sc} def    % color45 
/c46 {.6 .9 1.5 sc} def     % color46 
/c47 {.6 .6 1.8 sc} def     % color47 
/c48 {.6 .3 2.1 sc} def     % color48 
/c49 {.3 .6 2.1 sc} def     % color49 
/c50 {0 2.4 .6 sc} def      % color50 
/c51 {0 2.1 .9 sc} def      % color51 
/c52 {0 .9 2.1 sc} def      % color52 
/c53 {.8 .1 .1 sc} def      % color53 
/c54 {.7 .3 0 sc} def       % color54 
/c55 {.7 .2 .1 sc} def      % color55 
/c56 {.7 .1 .2 sc} def      % color56 
/c57 {.6 .4 0 sc} def       % color57 
/c58 {.6 .3 .1 sc} def      % color58 
/c59 {.3 .4 .3 sc} def      % color59 
