%!PS-Adobe-3.0 EPSF-3.0 
% Graphical display of results from structure
% distruct by Noah Rosenberg, version 1.0 Nov 2002 
%                             version 1.1 Jun 2007 
% Command line arguments: distruct/distruct1.1 -K 5 -M 4 -N 1000 -p 1620340426/pop -i 1620340426/ind -o 1620340426/out.ps -b 1620340426/labels -c 1620340426/perm -d 1620340426/drawparams 
gsave

% Population Q values from the file: 1620340426/pop
% 5 clusters, 4 populations, 0 individuals
% Pop. code, number of individuals, membership coefficients
% 1	275	0.17	0.202	0.213	0.205	0.211	
% 2	643	0.19	0.207	0.202	0.194	0.207	
% 3	42	0.686	0.078	0.109	0.051	0.076	
% 4	40	0.089	0.326	0.236	0.059	0.29	


% Individual Q values from the file: 1620340426/ind
% Population code, individual label, membership coefficients
% 1	1	0.1198	0.0172	0.2493	0.348	0.2657	
% 1	2	0.0622	0.0758	0.1842	0.1812	0.4967	
% 1	3	0.0792	0.0657	0.2042	0.2751	0.3758	
% 1	4	0.3444	0.0224	0.1296	0.3272	0.1763	
% 1	5	0.0141	0.9418	0.0117	0.0157	0.0167	
% 1	6	0.0805	0.157	0.0515	0.5516	0.1594	
% 1	7	0.3746	0.1837	0.1412	0.1652	0.1352	
% 1	8	0.3065	0.0171	0.1699	0.1205	0.386	
% 1	9	0.0727	0.2503	0.1696	0.2867	0.2207	
% 1	10	0.0983	0.4614	0.1529	0.0768	0.2107	
% 1	11	0.3181	0.0602	0.1578	0.3945	0.0694	
% 1	12	0.1369	0.102	0.0557	0.5222	0.1831	
% 1	13	0.5443	0.0268	0.1186	0.0729	0.2374	
% 1	14	0.3144	0.4504	0.0319	0.1159	0.0875	
% 1	15	0.3777	0.4218	0.0389	0.0893	0.0722	
% 1	16	0.3497	0.0922	0.151	0.2403	0.1669	
% 1	17	0.2529	0.0786	0.0209	0.2377	0.4099	
% 1	18	0.2023	0.0257	0.2322	0.1014	0.4385	
% 1	19	0.4056	0.0489	0.134	0.084	0.3275	
% 1	20	0.2045	0.2484	0.0355	0.3679	0.1436	
% 1	21	0.215	0.2296	0.1142	0.1306	0.3106	
% 1	22	0.1836	0.0763	0.3345	0.1872	0.2185	
% 1	23	0.0891	0.2623	0.1096	0.1752	0.3638	
% 1	24	0.0429	0.0174	0.7943	0.084	0.0614	
% 1	25	0.3328	0.2331	0.0845	0.121	0.2285	
% 1	26	0.075	0.0966	0.2383	0.1191	0.471	
% 1	27	0.5279	0.0518	0.0555	0.2551	0.1098	
% 1	28	0.0297	0.0249	0.8556	0.0462	0.0436	
% 1	29	0.2087	0.0613	0.1106	0.2504	0.369	
% 1	30	0.0451	0.7043	0.0512	0.0674	0.132	
% 1	31	0.2052	0.0424	0.1193	0.3721	0.261	
% 1	32	0.2143	0.132	0.2206	0.1392	0.294	
% 1	33	0.1095	0.0993	0.3205	0.2698	0.2008	
% 1	34	0.2401	0.5125	0.0744	0.0681	0.105	
% 1	35	0.1221	0.0671	0.3044	0.1489	0.3574	
% 1	36	0.2069	0.1602	0.1053	0.2173	0.3102	
% 1	37	0.0846	0.1045	0.6617	0.0677	0.0815	
% 1	38	0.0695	0.4224	0.361	0.0551	0.0919	
% 1	39	0.1507	0.0597	0.0425	0.0927	0.6543	
% 1	40	0.2064	0.3357	0.046	0.2487	0.1631	
% 1	41	0.4604	0.04	0.0895	0.2623	0.1477	
% 1	42	0.0467	0.8292	0.0216	0.0567	0.0458	
% 1	43	0.0982	0.0412	0.1471	0.3708	0.3428	
% 1	44	0.0699	0.0342	0.0973	0.4689	0.3297	
% 1	45	0.0794	0.3508	0.2845	0.1804	0.1048	
% 1	46	0.1216	0.0783	0.4114	0.1116	0.2772	
% 1	47	0.0698	0.0598	0.7087	0.0891	0.0726	
% 1	48	0.1341	0.0416	0.1363	0.3681	0.3199	
% 1	49	0.1781	0.0336	0.317	0.282	0.1893	
% 1	50	0.4645	0.0222	0.0274	0.2152	0.2706	
% 1	51	0.0764	0.7444	0.0529	0.0766	0.0497	
% 1	52	0.0339	0.8533	0.0363	0.0362	0.0403	
% 1	53	0.0476	0.035	0.7264	0.1043	0.0867	
% 1	54	0.1108	0.0704	0.526	0.1223	0.1705	
% 1	55	0.2814	0.0818	0.0605	0.2121	0.3641	
% 1	56	0.1355	0.0787	0.6404	0.0663	0.0791	
% 1	57	0.0973	0.0203	0.6569	0.0868	0.1387	
% 1	58	0.0666	0.6894	0.0556	0.0904	0.0981	
% 1	59	0.1306	0.0196	0.5242	0.1832	0.1423	
% 1	60	0.4301	0.1097	0.0995	0.2001	0.1606	
% 1	61	0.1378	0.0507	0.4337	0.1528	0.2249	
% 1	62	0.1123	0.0346	0.0784	0.3617	0.4129	
% 1	63	0.0699	0.2447	0.446	0.1561	0.0832	
% 1	64	0.2138	0.0839	0.1231	0.4028	0.1764	
% 1	65	0.3603	0.0484	0.1196	0.1835	0.2882	
% 1	66	0.4212	0.2786	0.0423	0.0998	0.1581	
% 1	67	0.1703	0.0337	0.5527	0.1164	0.1269	
% 1	68	0.0837	0.0563	0.3253	0.1464	0.3883	
% 1	69	0.0717	0.2069	0.5503	0.0593	0.1119	
% 1	70	0.1531	0.0332	0.2241	0.27	0.3196	
% 1	71	0.278	0.0401	0.1466	0.2438	0.2915	
% 1	72	0.1713	0.0269	0.1143	0.4896	0.1979	
% 1	73	0.0669	0.1863	0.225	0.1779	0.3438	
% 1	74	0.1776	0.03	0.0386	0.6247	0.1291	
% 1	75	0.264	0.123	0.2543	0.1258	0.2329	
% 1	76	0.0476	0.0534	0.6945	0.0904	0.1141	
% 1	77	0.0204	0.9183	0.0168	0.0266	0.0179	
% 1	78	0.1616	0.0412	0.0815	0.2166	0.4992	
% 1	79	0.1446	0.0559	0.1418	0.2026	0.455	
% 1	80	0.0855	0.7057	0.0805	0.0758	0.0525	
% 1	81	0.1126	0.4205	0.0913	0.2202	0.1555	
% 1	82	0.0678	0.0189	0.6711	0.1316	0.1105	
% 1	83	0.2293	0.048	0.3791	0.1332	0.2103	
% 1	84	0.1748	0.1415	0.0603	0.1793	0.4441	
% 1	85	0.2517	0.0353	0.1831	0.1508	0.3791	
% 1	86	0.4913	0.12	0.028	0.2073	0.1534	
% 1	87	0.1212	0.0437	0.3544	0.1681	0.3125	
% 2	88	0.0447	0.8332	0.0287	0.0365	0.0569	
% 2	89	0.2037	0.0642	0.0724	0.1325	0.5273	
% 2	90	0.0253	0.9043	0.0182	0.0262	0.026	
% 2	91	0.2695	0.0164	0.3535	0.1676	0.1931	
% 2	92	0.0883	0.0559	0.6628	0.0819	0.1112	
% 2	93	0.0524	0.0187	0.7838	0.0626	0.0825	
% 2	94	0.1556	0.1417	0.0375	0.3823	0.2829	
% 2	95	0.1007	0.1108	0.0337	0.2721	0.4827	
% 2	96	0.5378	0.0752	0.0599	0.1704	0.1567	
% 2	97	0.0268	0.1537	0.7156	0.039	0.0649	
% 2	98	0.2366	0.0342	0.1361	0.354	0.239	
% 2	99	0.1593	0.0829	0.5352	0.1214	0.1011	
% 2	100	0.1813	0.0426	0.0709	0.1699	0.5353	
% 2	101	0.0841	0.4986	0.1566	0.0904	0.1704	
% 2	102	0.4067	0.084	0.0547	0.1624	0.2923	
% 2	103	0.149	0.139	0.1437	0.1742	0.3943	
% 2	104	0.0929	0.0325	0.4367	0.1401	0.2977	
% 2	105	0.0642	0.1396	0.5542	0.2042	0.0377	
% 2	106	0.0148	0.916	0.0348	0.0172	0.0172	
% 2	107	0.4662	0.1057	0.1495	0.1741	0.1044	
% 2	108	0.2487	0.065	0.2608	0.2333	0.1921	
% 2	109	0.4695	0.1664	0.0283	0.1847	0.1512	
% 2	110	0.0535	0.285	0.4844	0.0824	0.0947	
% 2	111	0.1451	0.0854	0.5385	0.0911	0.1399	
% 2	112	0.2409	0.1219	0.0659	0.364	0.2072	
% 2	113	0.134	0.6184	0.0574	0.0845	0.1056	
% 2	114	0.1859	0.0413	0.076	0.1382	0.5587	
% 2	115	0.042	0.0539	0.3494	0.4343	0.1204	
% 2	116	0.1395	0.0823	0.0645	0.1622	0.5514	
% 2	117	0.1701	0.1553	0.0541	0.3062	0.3142	
% 2	118	0.1629	0.0264	0.127	0.1797	0.504	
% 2	119	0.4479	0.0454	0.0567	0.2208	0.2292	
% 2	120	0.0466	0.0175	0.8342	0.0427	0.0591	
% 2	121	0.3049	0.0441	0.0452	0.2934	0.3124	
% 2	122	0.225	0.0594	0.1506	0.1982	0.3669	
% 2	123	0.4174	0.0217	0.1698	0.1816	0.2095	
% 2	124	0.1054	0.1251	0.0551	0.5652	0.1493	
% 2	125	0.0641	0.1072	0.3895	0.1999	0.2394	
% 2	126	0.0645	0.7019	0.0438	0.1185	0.0713	
% 2	127	0.7707	0.0345	0.0499	0.0829	0.062	
% 2	128	0.1264	0.0454	0.5899	0.0769	0.1615	
% 2	129	0.0853	0.2809	0.1453	0.1066	0.3819	
% 2	130	0.0886	0.0505	0.0291	0.5551	0.2767	
% 2	131	0.1033	0.0729	0.1686	0.2946	0.3605	
% 2	132	0.1439	0.0454	0.4938	0.1648	0.152	
% 2	133	0.1408	0.026	0.0906	0.255	0.4876	
% 2	134	0.4218	0.0726	0.1081	0.129	0.2685	
% 2	135	0.0295	0.0275	0.8697	0.0394	0.0339	
% 2	136	0.1997	0.0396	0.1265	0.1942	0.44	
% 2	137	0.455	0.1827	0.0486	0.2345	0.0793	
% 2	138	0.0621	0.7165	0.0285	0.1019	0.091	
% 2	139	0.1672	0.0229	0.0646	0.2629	0.4825	
% 2	140	0.3686	0.0948	0.0738	0.1495	0.3134	
% 2	141	0.2241	0.2877	0.1419	0.1252	0.2212	
% 2	142	0.1826	0.2997	0.2006	0.1455	0.1717	
% 2	143	0.0416	0.0497	0.706	0.115	0.0876	
% 2	144	0.2301	0.0163	0.0606	0.1719	0.521	
% 2	145	0.229	0.0331	0.0397	0.4828	0.2154	
% 2	146	0.075	0.0728	0.5915	0.0788	0.182	
% 2	147	0.4936	0.0601	0.1487	0.1659	0.1317	
% 2	148	0.3853	0.0219	0.1691	0.3083	0.1155	
% 2	149	0.1487	0.0727	0.4393	0.1098	0.2296	
% 2	150	0.1925	0.0567	0.4669	0.1044	0.1794	
% 2	151	0.2384	0.1045	0.1336	0.0964	0.4271	
% 2	152	0.2634	0.0446	0.1207	0.4794	0.092	
% 2	153	0.0418	0.0323	0.8567	0.0314	0.0378	
% 2	154	0.2939	0.0579	0.0517	0.2895	0.3069	
% 2	155	0.1754	0.0893	0.2467	0.2214	0.2671	
% 2	156	0.3105	0.1105	0.2189	0.2055	0.1547	
% 2	157	0.1158	0.0696	0.2125	0.3771	0.225	
% 2	158	0.2167	0.0191	0.1739	0.2032	0.3872	
% 2	159	0.3315	0.0412	0.038	0.3866	0.2027	
% 2	160	0.3294	0.0585	0.2752	0.239	0.098	
% 2	161	0.1781	0.0262	0.2993	0.3391	0.1573	
% 2	162	0.4129	0.0518	0.1554	0.2388	0.1411	
% 2	163	0.1272	0.0401	0.5907	0.141	0.101	
% 2	164	0.3568	0.0286	0.0794	0.2474	0.2879	
% 2	165	0.211	0.0235	0.1725	0.3788	0.2142	
% 2	166	0.1926	0.0477	0.0687	0.4373	0.2537	
% 2	167	0.1642	0.0863	0.3782	0.148	0.2234	
% 2	168	0.1405	0.0573	0.074	0.1093	0.619	
% 2	169	0.0294	0.9169	0.0134	0.0219	0.0184	
% 2	170	0.0697	0.0565	0.6691	0.122	0.0827	
% 2	171	0.2672	0.0279	0.0933	0.3587	0.2529	
% 2	172	0.1113	0.3041	0.3651	0.0745	0.1451	
% 2	173	0.0361	0.8761	0.0276	0.035	0.0251	
% 2	174	0.0938	0.0307	0.1348	0.4911	0.2497	
% 2	175	0.14	0.0286	0.0611	0.3269	0.4434	
% 2	176	0.1337	0.082	0.5306	0.063	0.1907	
% 2	177	0.0323	0.0141	0.8069	0.104	0.0427	
% 2	178	0.5284	0.0409	0.023	0.3231	0.0846	
% 2	179	0.1796	0.0204	0.4251	0.1788	0.1962	
% 2	180	0.0315	0.8455	0.0441	0.0305	0.0484	
% 2	181	0.212	0.0473	0.0817	0.4419	0.2171	
% 2	182	0.243	0.1391	0.0897	0.1377	0.3904	
% 2	183	0.3035	0.0328	0.0796	0.373	0.2111	
% 2	184	0.0965	0.6029	0.1139	0.0545	0.1322	
% 2	185	0.0617	0.0111	0.047	0.0428	0.8374	
% 2	186	0.0587	0.0867	0.5302	0.113	0.2115	
% 2	187	0.0667	0.0242	0.0461	0.7967	0.0663	
% 2	188	0.1395	0.0368	0.1322	0.4379	0.2535	
% 2	189	0.1338	0.1639	0.3008	0.1287	0.2727	
% 2	190	0.0832	0.0382	0.7155	0.0681	0.095	
% 2	191	0.0669	0.0369	0.4069	0.39	0.0993	
% 2	192	0.7445	0.0355	0.0315	0.0864	0.1021	
% 2	193	0.2596	0.1135	0.1334	0.3084	0.1852	
% 2	194	0.7735	0.0185	0.0492	0.0758	0.0831	
% 2	195	0.0644	0.7856	0.0238	0.0654	0.0608	
% 2	196	0.0607	0.0305	0.0262	0.7145	0.168	
% 2	197	0.2015	0.0557	0.3989	0.1684	0.1754	
% 2	198	0.0922	0.7276	0.0632	0.0534	0.0637	
% 2	199	0.2026	0.0241	0.0861	0.1698	0.5173	
% 2	200	0.0652	0.0753	0.6287	0.0768	0.154	
% 2	201	0.3203	0.0234	0.0804	0.4115	0.1644	
% 2	202	0.0661	0.0153	0.8283	0.0432	0.0471	
% 2	203	0.2043	0.0437	0.129	0.467	0.156	
% 2	204	0.3086	0.0463	0.1807	0.3098	0.1546	
% 2	205	0.1249	0.1195	0.0914	0.5127	0.1515	
% 2	206	0.0386	0.8364	0.035	0.0347	0.0553	
% 2	207	0.1602	0.2564	0.1051	0.312	0.1664	
% 2	208	0.4656	0.0342	0.054	0.2739	0.1723	
% 2	209	0.0668	0.4741	0.1892	0.0661	0.2037	
% 2	210	0.027	0.8826	0.018	0.0392	0.0332	
% 2	211	0.1928	0.1408	0.0936	0.1063	0.4664	
% 2	212	0.131	0.166	0.4667	0.1413	0.0949	
% 2	213	0.1363	0.0355	0.0882	0.4159	0.324	
% 2	214	0.2005	0.038	0.0459	0.6468	0.0688	
% 2	215	0.6915	0.0249	0.069	0.0714	0.1432	
% 2	216	0.0547	0.7729	0.031	0.0835	0.0579	
% 2	217	0.2127	0.3819	0.0811	0.1823	0.1419	
% 2	218	0.0989	0.0318	0.4523	0.3144	0.1026	
% 2	219	0.5124	0.0931	0.0379	0.1745	0.1821	
% 2	220	0.3302	0.0136	0.1598	0.2184	0.2781	
% 2	221	0.0961	0.21	0.0606	0.4117	0.2217	
% 2	222	0.1847	0.0382	0.3485	0.2456	0.1831	
% 2	223	0.2776	0.0512	0.1001	0.4366	0.1346	
% 2	224	0.563	0.0296	0.0656	0.1752	0.1665	
% 2	225	0.023	0.9167	0.0171	0.0211	0.0221	
% 2	226	0.1497	0.1746	0.0371	0.1589	0.4798	
% 2	227	0.0233	0.8782	0.0378	0.0351	0.0256	
% 2	228	0.378	0.0375	0.04	0.3737	0.1707	
% 2	229	0.0953	0.0294	0.1498	0.4499	0.2755	
% 2	230	0.0992	0.1818	0.1516	0.4255	0.1419	
% 2	231	0.2303	0.0772	0.0545	0.402	0.236	
% 2	232	0.1761	0.0449	0.122	0.1338	0.5231	
% 2	233	0.253	0.1511	0.1105	0.328	0.1573	
% 2	234	0.0249	0.8962	0.0264	0.0231	0.0294	
% 2	235	0.1284	0.6285	0.1115	0.0475	0.0841	
% 2	236	0.5268	0.0274	0.1721	0.1805	0.0931	
% 2	237	0.3853	0.0587	0.1574	0.2006	0.198	
% 2	238	0.3616	0.0856	0.0521	0.3874	0.1133	
% 2	239	0.3586	0.0759	0.0772	0.0792	0.4091	
% 2	240	0.1527	0.048	0.106	0.2962	0.3972	
% 2	241	0.1233	0.0883	0.4441	0.1623	0.1819	
% 2	242	0.6575	0.0193	0.142	0.0575	0.1236	
% 2	243	0.1868	0.05	0.3273	0.2358	0.2002	
% 2	244	0.1158	0.0679	0.3748	0.3286	0.113	
% 2	245	0.0208	0.9036	0.0191	0.0225	0.034	
% 2	246	0.0861	0.175	0.5127	0.1358	0.0903	
% 2	247	0.0807	0.5894	0.143	0.1145	0.0724	
% 2	248	0.0771	0.5162	0.0622	0.0821	0.2624	
% 2	249	0.1774	0.0646	0.049	0.5162	0.1929	
% 2	250	0.3036	0.0849	0.1135	0.2267	0.2712	
% 2	251	0.1379	0.0449	0.077	0.5037	0.2364	
% 2	252	0.0391	0.0352	0.7704	0.0758	0.0796	
% 2	253	0.2695	0.0806	0.0686	0.1151	0.4662	
% 2	254	0.1098	0.0595	0.4144	0.2574	0.1588	
% 2	255	0.0619	0.0327	0.4684	0.2307	0.2063	
% 2	256	0.0856	0.3035	0.3157	0.2083	0.087	
% 2	257	0.0896	0.0731	0.0561	0.5829	0.1983	
% 1	258	0.2942	0.1684	0.1445	0.1383	0.2546	
% 1	259	0.2207	0.3795	0.0759	0.1146	0.2094	
% 1	260	0.6097	0.0247	0.0627	0.1249	0.178	
% 1	261	0.1453	0.0464	0.0429	0.258	0.5074	
% 1	262	0.1553	0.0988	0.1203	0.1817	0.4438	
% 1	263	0.1413	0.0562	0.4923	0.2154	0.0947	
% 1	264	0.1753	0.0544	0.0917	0.4514	0.2271	
% 1	265	0.1704	0.0466	0.2057	0.3532	0.224	
% 1	266	0.0797	0.0216	0.0465	0.6682	0.184	
% 1	267	0.1658	0.1293	0.0925	0.2037	0.4086	
% 1	268	0.1189	0.1674	0.4079	0.1307	0.175	
% 1	269	0.2736	0.148	0.0535	0.1574	0.3675	
% 1	270	0.059	0.0337	0.3584	0.3592	0.1896	
% 1	271	0.2717	0.264	0.0726	0.1307	0.2611	
% 1	272	0.1882	0.1607	0.0386	0.4513	0.1612	
% 1	273	0.3378	0.0382	0.1422	0.1598	0.3221	
% 1	274	0.043	0.7525	0.0411	0.0685	0.0948	
% 1	275	0.298	0.0979	0.295	0.1211	0.188	
% 1	276	0.4108	0.0622	0.0901	0.1948	0.2421	
% 1	277	0.3575	0.0738	0.0393	0.2018	0.3277	
% 1	278	0.1986	0.3228	0.0547	0.2917	0.1322	
% 1	279	0.5887	0.1768	0.0465	0.0765	0.1115	
% 1	280	0.0812	0.1106	0.2782	0.1981	0.332	
% 1	281	0.3106	0.0486	0.0791	0.1242	0.4375	
% 1	282	0.1331	0.1576	0.1148	0.1638	0.4308	
% 1	283	0.3263	0.0453	0.0798	0.3071	0.2415	
% 1	284	0.1507	0.0273	0.1476	0.5329	0.1416	
% 1	285	0.2557	0.0484	0.3055	0.2144	0.176	
% 1	286	0.2779	0.0247	0.2482	0.2485	0.2007	
% 1	287	0.012	0.9488	0.0121	0.013	0.0141	
% 1	288	0.0768	0.7732	0.0419	0.0491	0.0589	
% 1	289	0.4444	0.1386	0.0779	0.1519	0.1873	
% 1	290	0.019	0.9288	0.0176	0.0165	0.0181	
% 1	291	0.1184	0.4196	0.1588	0.1616	0.1415	
% 1	292	0.229	0.1854	0.0652	0.2029	0.3175	
% 1	293	0.1142	0.0272	0.6505	0.101	0.1071	
% 1	294	0.2786	0.3513	0.0527	0.1889	0.1285	
% 1	295	0.3048	0.0265	0.142	0.2894	0.2373	
% 1	296	0.4366	0.0408	0.1417	0.1573	0.2237	
% 1	297	0.066	0.7412	0.0305	0.0782	0.0842	
% 1	298	0.6276	0.0283	0.0542	0.1997	0.0902	
% 1	299	0.2176	0.2509	0.2584	0.1355	0.1377	
% 1	300	0.3013	0.0334	0.1022	0.1995	0.3635	
% 1	301	0.0287	0.8838	0.0188	0.0337	0.035	
% 1	302	0.2345	0.475	0.0575	0.1323	0.1006	
% 1	303	0.3689	0.1058	0.0549	0.1483	0.3221	
% 1	304	0.5793	0.1255	0.0813	0.0955	0.1184	
% 1	305	0.5077	0.0318	0.0783	0.1889	0.1933	
% 1	306	0.0653	0.6603	0.0216	0.1599	0.0929	
% 1	307	0.1808	0.026	0.2103	0.2379	0.3449	
% 1	308	0.1924	0.0904	0.0498	0.3585	0.309	
% 1	309	0.0307	0.8651	0.0296	0.039	0.0356	
% 1	310	0.1152	0.3598	0.0691	0.1727	0.2832	
% 1	311	0.2727	0.4751	0.0477	0.0902	0.1143	
% 1	312	0.1573	0.0384	0.5044	0.1455	0.1545	
% 1	313	0.2875	0.0196	0.1024	0.3697	0.2208	
% 1	314	0.1076	0.0432	0.6181	0.1044	0.1266	
% 1	315	0.2284	0.0687	0.1039	0.3659	0.2332	
% 1	316	0.1546	0.0346	0.0763	0.4298	0.3047	
% 1	317	0.1514	0.0393	0.4062	0.0593	0.3438	
% 1	318	0.1126	0.0276	0.4198	0.2004	0.2397	
% 1	319	0.4322	0.0198	0.1138	0.2361	0.198	
% 1	320	0.292	0.0124	0.0551	0.5818	0.0587	
% 1	321	0.3293	0.0312	0.0696	0.335	0.2349	
% 1	322	0.1074	0.4577	0.0701	0.1042	0.2605	
% 1	323	0.3665	0.0288	0.0327	0.4209	0.1511	
% 1	324	0.11	0.028	0.1032	0.6391	0.1196	
% 1	325	0.0783	0.3007	0.0406	0.1763	0.404	
% 1	326	0.1474	0.049	0.0515	0.5605	0.1915	
% 1	327	0.2057	0.0363	0.1315	0.5622	0.0643	
% 1	328	0.4226	0.0334	0.178	0.1756	0.1903	
% 1	329	0.2936	0.0799	0.2999	0.1427	0.1839	
% 1	330	0.1595	0.0727	0.1941	0.3378	0.2359	
% 1	331	0.1095	0.2859	0.1283	0.3658	0.1106	
% 1	332	0.1206	0.222	0.2102	0.2109	0.2362	
% 1	333	0.0765	0.3044	0.3026	0.2193	0.0972	
% 1	334	0.1359	0.0229	0.4743	0.0838	0.2831	
% 1	335	0.2119	0.0432	0.1985	0.2889	0.2574	
% 1	336	0.2378	0.122	0.0876	0.149	0.4036	
% 1	337	0.2052	0.4428	0.0705	0.1362	0.1454	
% 1	338	0.1108	0.1438	0.2483	0.1787	0.3185	
% 1	339	0.2921	0.1038	0.1001	0.2755	0.2285	
% 1	340	0.0469	0.0482	0.7474	0.078	0.0794	
% 1	341	0.0676	0.0785	0.6519	0.0915	0.1105	
% 1	342	0.1835	0.1733	0.2984	0.2022	0.1425	
% 1	343	0.0934	0.0541	0.2595	0.2618	0.3312	
% 1	344	0.0952	0.1666	0.3231	0.2691	0.1461	
% 1	345	0.1219	0.1352	0.0372	0.2339	0.4718	
% 1	346	0.0906	0.1951	0.122	0.38	0.2122	
% 1	347	0.1391	0.2405	0.0855	0.2584	0.2766	
% 1	348	0.0668	0.1944	0.559	0.1146	0.0653	
% 1	349	0.0944	0.0585	0.3249	0.2439	0.2782	
% 1	350	0.4894	0.0758	0.0604	0.199	0.1755	
% 1	351	0.1236	0.113	0.2394	0.289	0.235	
% 1	352	0.47	0.0512	0.1048	0.1941	0.1799	
% 1	353	0.1126	0.0295	0.1036	0.4789	0.2754	
% 1	354	0.0894	0.2531	0.307	0.0794	0.2711	
% 1	355	0.1234	0.0638	0.3025	0.0842	0.4262	
% 1	356	0.39	0.0408	0.1593	0.172	0.238	
% 1	357	0.3257	0.0941	0.0531	0.3733	0.1539	
% 1	358	0.3602	0.0428	0.0949	0.3616	0.1405	
% 1	359	0.6277	0.1918	0.0214	0.0663	0.0927	
% 1	360	0.1624	0.2075	0.1166	0.2584	0.2552	
% 1	361	0.3807	0.0409	0.049	0.447	0.0824	
% 1	362	0.3345	0.0396	0.0427	0.257	0.3262	
% 1	363	0.1119	0.1364	0.3187	0.2412	0.1918	
% 1	364	0.3024	0.0333	0.4244	0.0947	0.1453	
% 1	365	0.2213	0.0205	0.072	0.4569	0.2293	
% 1	366	0.0751	0.0309	0.2405	0.4308	0.2228	
% 1	367	0.1202	0.0993	0.0772	0.4673	0.236	
% 1	368	0.4983	0.0873	0.0477	0.1103	0.2564	
% 1	369	0.1248	0.3189	0.2185	0.1026	0.2353	
% 1	370	0.0608	0.7146	0.0595	0.0784	0.0867	
% 1	371	0.0534	0.8152	0.0323	0.0399	0.0592	
% 1	372	0.0217	0.907	0.0174	0.0284	0.0255	
% 1	373	0.1057	0.4416	0.042	0.288	0.1228	
% 1	374	0.3156	0.0272	0.1762	0.2699	0.2111	
% 1	375	0.1756	0.0797	0.068	0.521	0.1557	
% 1	376	0.1151	0.5034	0.0676	0.0889	0.2249	
% 1	377	0.1166	0.0228	0.3334	0.359	0.1681	
% 1	378	0.2642	0.0235	0.1765	0.1134	0.4225	
% 1	379	0.1225	0.4411	0.1313	0.1441	0.1611	
% 1	380	0.0955	0.0229	0.049	0.5587	0.2739	
% 1	381	0.2845	0.097	0.0451	0.3639	0.2095	
% 1	382	0.0366	0.8573	0.0192	0.0487	0.0382	
% 1	383	0.1019	0.1224	0.0266	0.3147	0.4345	
% 1	384	0.1395	0.3237	0.1497	0.1241	0.2629	
% 1	385	0.3645	0.2341	0.0291	0.2055	0.1667	
% 1	386	0.1048	0.1285	0.0804	0.4049	0.2814	
% 1	387	0.187	0.3462	0.0389	0.3561	0.0719	
% 1	388	0.123	0.2845	0.2819	0.1622	0.1485	
% 1	389	0.5486	0.0289	0.0493	0.2847	0.0884	
% 1	390	0.3548	0.0239	0.1143	0.277	0.23	
% 1	391	0.1261	0.4361	0.2079	0.1207	0.1093	
% 1	392	0.1388	0.2865	0.1608	0.1747	0.2391	
% 1	393	0.1204	0.0633	0.1724	0.4586	0.1853	
% 1	394	0.5568	0.0733	0.0442	0.1344	0.1912	
% 1	395	0.1211	0.0636	0.2064	0.1804	0.4285	
% 1	396	0.4871	0.04	0.0673	0.282	0.1236	
% 1	397	0.2146	0.272	0.0484	0.2719	0.1931	
% 1	398	0.0565	0.7021	0.104	0.0668	0.0706	
% 1	399	0.1604	0.2067	0.1095	0.2339	0.2895	
% 1	400	0.2128	0.1223	0.1055	0.2594	0.3	
% 1	401	0.033	0.8547	0.0491	0.0239	0.0393	
% 1	402	0.1286	0.0264	0.5223	0.1327	0.19	
% 1	403	0.1623	0.1441	0.2469	0.1045	0.3422	
% 1	404	0.1732	0.0243	0.2353	0.225	0.3421	
% 1	405	0.1197	0.3169	0.0353	0.3628	0.1653	
% 1	406	0.2123	0.0758	0.22	0.1625	0.3294	
% 1	407	0.2685	0.0511	0.0314	0.4333	0.2158	
% 1	408	0.1522	0.0807	0.2337	0.1987	0.3346	
% 1	409	0.3489	0.0616	0.0311	0.4114	0.1471	
% 1	410	0.0381	0.8905	0.0156	0.0286	0.0272	
% 1	411	0.1807	0.5722	0.0537	0.0823	0.1112	
% 1	412	0.1343	0.1175	0.3887	0.2594	0.1002	
% 1	413	0.4707	0.0456	0.0301	0.3456	0.108	
% 1	414	0.1508	0.3461	0.2261	0.0858	0.1913	
% 1	415	0.2095	0.0265	0.1433	0.1587	0.4621	
% 1	416	0.1656	0.077	0.1913	0.276	0.2901	
% 1	417	0.3768	0.0257	0.1362	0.3644	0.0969	
% 1	418	0.2414	0.1529	0.0805	0.2722	0.253	
% 1	419	0.2265	0.4165	0.0433	0.2195	0.0942	
% 1	420	0.2868	0.0317	0.2469	0.2285	0.206	
% 1	421	0.1775	0.1078	0.2096	0.2812	0.2239	
% 1	422	0.0273	0.8847	0.0244	0.0302	0.0334	
% 1	423	0.1378	0.0314	0.0254	0.6988	0.1066	
% 1	424	0.3124	0.0231	0.0449	0.1428	0.4768	
% 1	425	0.0241	0.8427	0.0811	0.0224	0.0297	
% 1	426	0.1657	0.0831	0.0528	0.2986	0.3998	
% 1	427	0.2107	0.1895	0.0744	0.3093	0.2162	
% 1	428	0.0187	0.9105	0.022	0.0243	0.0245	
% 1	429	0.5729	0.0266	0.0703	0.2249	0.1053	
% 1	430	0.3381	0.093	0.0323	0.1945	0.3421	
% 1	431	0.0787	0.4671	0.0983	0.1185	0.2374	
% 1	432	0.0358	0.845	0.0357	0.0381	0.0454	
% 1	433	0.0341	0.8818	0.0348	0.0227	0.0265	
% 1	434	0.3083	0.1866	0.0253	0.1105	0.3693	
% 1	435	0.0603	0.0175	0.0909	0.2983	0.533	
% 1	436	0.1266	0.0405	0.0258	0.6433	0.1638	
% 1	437	0.1554	0.6291	0.0457	0.104	0.0658	
% 1	438	0.1931	0.2985	0.0598	0.0678	0.3808	
% 1	439	0.3048	0.0556	0.0594	0.2373	0.3428	
% 1	440	0.0522	0.756	0.0532	0.0755	0.0631	
% 1	441	0.4	0.0232	0.1103	0.2515	0.215	
% 1	442	0.2918	0.0525	0.0634	0.1932	0.399	
% 1	443	0.1295	0.0189	0.4986	0.0539	0.2992	
% 1	444	0.2666	0.1037	0.0427	0.4142	0.1727	
% 1	445	0.4419	0.0964	0.0414	0.1672	0.2531	
% 2	446	0.1292	0.0495	0.5458	0.1824	0.0931	
% 2	447	0.2053	0.048	0.0777	0.3753	0.2936	
% 2	448	0.1275	0.0634	0.0334	0.5469	0.2288	
% 2	449	0.1109	0.6739	0.0743	0.0686	0.0722	
% 2	450	0.0921	0.6687	0.0748	0.066	0.0985	
% 2	451	0.0391	0.8487	0.0246	0.029	0.0586	
% 2	452	0.097	0.2628	0.2165	0.236	0.1878	
% 2	453	0.1459	0.0306	0.5544	0.083	0.1861	
% 2	454	0.0357	0.85	0.0264	0.0348	0.0532	
% 2	455	0.5031	0.0337	0.0488	0.2251	0.1893	
% 2	456	0.0449	0.8575	0.0197	0.0389	0.039	
% 2	457	0.1641	0.0483	0.0415	0.329	0.4172	
% 2	458	0.1445	0.1554	0.4487	0.1272	0.1242	
% 2	459	0.3324	0.0192	0.2748	0.1918	0.1818	
% 2	460	0.1962	0.3965	0.0789	0.1018	0.2265	
% 2	461	0.1205	0.3046	0.1887	0.1487	0.2375	
% 2	462	0.1804	0.3693	0.11	0.0915	0.2489	
% 2	463	0.0789	0.6815	0.0724	0.0892	0.078	
% 2	464	0.1062	0.0247	0.0299	0.6565	0.1827	
% 2	465	0.5431	0.0514	0.0542	0.1849	0.1664	
% 2	466	0.125	0.1388	0.061	0.1383	0.5368	
% 2	467	0.428	0.0393	0.0665	0.1736	0.2926	
% 2	468	0.6039	0.0448	0.0391	0.1826	0.1296	
% 2	469	0.1039	0.7455	0.0367	0.0396	0.0743	
% 2	470	0.1908	0.5076	0.0673	0.1314	0.1029	
% 2	471	0.1339	0.2769	0.1336	0.2074	0.2482	
% 2	472	0.1475	0.076	0.0528	0.3088	0.4149	
% 2	473	0.0976	0.0301	0.0651	0.5148	0.2924	
% 2	474	0.1032	0.0421	0.5393	0.1876	0.1278	
% 2	475	0.0406	0.6553	0.2152	0.0388	0.0501	
% 2	476	0.2065	0.0203	0.3412	0.2023	0.2298	
% 2	477	0.3952	0.09	0.078	0.0946	0.3422	
% 2	478	0.1077	0.05	0.3604	0.1604	0.3215	
% 2	479	0.1694	0.021	0.0561	0.645	0.1085	
% 2	480	0.1861	0.1566	0.0694	0.3648	0.223	
% 2	481	0.1073	0.2204	0.2002	0.2148	0.2572	
% 2	482	0.5184	0.0201	0.0727	0.1623	0.2265	
% 2	483	0.4399	0.0439	0.0314	0.2027	0.2821	
% 2	484	0.2735	0.0429	0.157	0.1639	0.3626	
% 2	485	0.0786	0.6248	0.0431	0.1677	0.0858	
% 2	486	0.2426	0.4172	0.0574	0.1196	0.1633	
% 2	487	0.0834	0.0927	0.2345	0.1075	0.4819	
% 2	488	0.1273	0.0534	0.0731	0.2232	0.5231	
% 2	489	0.2039	0.0312	0.1099	0.1529	0.5021	
% 2	490	0.281	0.0777	0.1039	0.2354	0.302	
% 2	491	0.1005	0.1214	0.5632	0.1217	0.0933	
% 2	492	0.1014	0.0216	0.7476	0.0547	0.0747	
% 2	493	0.1792	0.1102	0.0479	0.229	0.4337	
% 2	494	0.0363	0.8734	0.0239	0.0325	0.0339	
% 2	495	0.0968	0.1665	0.4364	0.1674	0.1329	
% 2	496	0.2736	0.0736	0.2637	0.1337	0.2554	
% 2	497	0.2805	0.0912	0.1878	0.2365	0.204	
% 2	498	0.109	0.1826	0.1195	0.1695	0.4194	
% 2	499	0.2835	0.0464	0.1465	0.1462	0.3775	
% 2	500	0.3838	0.0252	0.1167	0.2151	0.2593	
% 2	501	0.0974	0.4345	0.0802	0.1814	0.2065	
% 2	502	0.5441	0.1898	0.0372	0.1675	0.0614	
% 2	503	0.3172	0.0515	0.033	0.4254	0.173	
% 2	504	0.4765	0.3002	0.0326	0.0923	0.0985	
% 2	505	0.1827	0.2521	0.2914	0.1235	0.1503	
% 2	506	0.1567	0.0555	0.2691	0.1143	0.4044	
% 2	507	0.2442	0.144	0.0731	0.2333	0.3055	
% 2	508	0.5153	0.0829	0.0674	0.1843	0.1501	
% 2	509	0.0288	0.8789	0.0359	0.0264	0.0301	
% 2	510	0.2039	0.0273	0.1422	0.2574	0.3693	
% 2	511	0.0559	0.1303	0.6666	0.0691	0.078	
% 2	512	0.074	0.758	0.0231	0.0791	0.0658	
% 2	513	0.1019	0.1779	0.4341	0.0893	0.1968	
% 2	514	0.0932	0.5791	0.1964	0.0806	0.0507	
% 2	515	0.2001	0.0647	0.1101	0.3106	0.3144	
% 2	516	0.1189	0.2029	0.1049	0.3998	0.1736	
% 2	517	0.0896	0.2407	0.2647	0.1159	0.2892	
% 2	518	0.3045	0.046	0.0845	0.3519	0.2131	
% 2	519	0.0454	0.0554	0.7011	0.1115	0.0866	
% 2	520	0.0629	0.1975	0.3341	0.1425	0.263	
% 2	521	0.1203	0.1744	0.2451	0.1558	0.3043	
% 2	522	0.3533	0.0996	0.0401	0.1333	0.3737	
% 2	523	0.4668	0.0427	0.0902	0.211	0.1894	
% 2	524	0.4424	0.0386	0.0433	0.2409	0.2347	
% 2	525	0.356	0.1414	0.313	0.0948	0.0948	
% 2	526	0.281	0.0785	0.323	0.1844	0.1331	
% 2	527	0.1356	0.0329	0.2679	0.2748	0.2888	
% 2	528	0.2486	0.0334	0.0667	0.489	0.1623	
% 2	529	0.0909	0.0311	0.0783	0.5109	0.2889	
% 2	530	0.6689	0.0276	0.035	0.1661	0.1024	
% 2	531	0.1128	0.0367	0.0303	0.7244	0.0959	
% 2	532	0.4257	0.0253	0.0685	0.1807	0.2998	
% 2	533	0.0791	0.0186	0.1514	0.3944	0.3565	
% 2	534	0.2436	0.0592	0.0622	0.2701	0.365	
% 2	535	0.1775	0.0484	0.3601	0.2272	0.1868	
% 2	536	0.0418	0.0307	0.7213	0.1349	0.0712	
% 2	537	0.1488	0.03	0.3297	0.2382	0.2532	
% 2	538	0.1207	0.0421	0.0363	0.5933	0.2076	
% 2	539	0.5032	0.0583	0.0869	0.2141	0.1375	
% 2	540	0.0762	0.0402	0.072	0.0943	0.7174	
% 2	541	0.0898	0.0516	0.1249	0.5885	0.1452	
% 2	542	0.093	0.1548	0.1174	0.5037	0.131	
% 2	543	0.1475	0.2157	0.0601	0.2582	0.3186	
% 2	544	0.1294	0.0396	0.1667	0.4031	0.2613	
% 2	545	0.2639	0.578	0.0217	0.0536	0.0827	
% 2	546	0.1072	0.0149	0.0424	0.7463	0.0892	
% 2	547	0.3384	0.109	0.025	0.2153	0.3123	
% 2	548	0.1052	0.1349	0.1197	0.1146	0.5255	
% 2	549	0.1335	0.0392	0.0543	0.5735	0.1995	
% 2	550	0.0493	0.7766	0.0475	0.0534	0.0732	
% 2	551	0.0834	0.058	0.5209	0.1023	0.2355	
% 2	552	0.1556	0.0927	0.0622	0.3101	0.3794	
% 2	553	0.1764	0.0658	0.1348	0.5037	0.1194	
% 2	554	0.1538	0.0343	0.1245	0.4176	0.2697	
% 2	555	0.1985	0.0349	0.2092	0.2364	0.321	
% 2	556	0.0317	0.0692	0.7176	0.0895	0.092	
% 2	557	0.1237	0.5082	0.0679	0.084	0.2161	
% 2	558	0.0412	0.133	0.6998	0.058	0.0679	
% 2	559	0.6292	0.0246	0.0515	0.1054	0.1893	
% 2	560	0.2033	0.0872	0.1778	0.0767	0.455	
% 2	561	0.6668	0.027	0.0371	0.1597	0.1094	
% 2	562	0.1	0.0449	0.3028	0.3821	0.1701	
% 2	563	0.1555	0.0669	0.1844	0.2533	0.3398	
% 2	564	0.0735	0.2759	0.3474	0.1889	0.1143	
% 2	565	0.2611	0.0875	0.1329	0.1873	0.3312	
% 2	566	0.4219	0.0615	0.0543	0.1179	0.3444	
% 2	567	0.5752	0.0277	0.0878	0.118	0.1913	
% 2	568	0.0575	0.1083	0.2835	0.4187	0.1319	
% 2	569	0.344	0.0469	0.1088	0.168	0.3323	
% 2	570	0.4338	0.0726	0.0407	0.2273	0.2257	
% 2	571	0.2977	0.0205	0.0285	0.4613	0.192	
% 2	572	0.2644	0.0502	0.457	0.1227	0.1056	
% 2	573	0.1796	0.4428	0.1534	0.1018	0.1225	
% 2	574	0.1004	0.1891	0.1231	0.3977	0.1896	
% 2	575	0.0851	0.028	0.3431	0.2744	0.2694	
% 2	576	0.1484	0.0595	0.1593	0.4903	0.1424	
% 2	577	0.0387	0.8566	0.0209	0.0487	0.0351	
% 2	578	0.2528	0.0332	0.0378	0.4666	0.2096	
% 2	579	0.0614	0.7492	0.0722	0.0454	0.0718	
% 2	580	0.2733	0.0174	0.2487	0.2406	0.22	
% 2	581	0.4296	0.0591	0.0703	0.2055	0.2355	
% 2	582	0.2114	0.029	0.2082	0.2939	0.2576	
% 2	583	0.1039	0.032	0.3682	0.4139	0.0819	
% 2	584	0.2503	0.0738	0.2488	0.2731	0.1541	
% 2	585	0.1147	0.0565	0.0444	0.1109	0.6735	
% 2	586	0.1585	0.017	0.0858	0.6122	0.1266	
% 2	587	0.0212	0.9075	0.019	0.0314	0.0209	
% 2	588	0.1106	0.21	0.5242	0.0705	0.0847	
% 2	589	0.1049	0.0623	0.1241	0.3599	0.3488	
% 2	590	0.1062	0.0097	0.0268	0.7655	0.0918	
% 2	591	0.2362	0.0522	0.1119	0.318	0.2817	
% 2	592	0.1623	0.0537	0.0611	0.5974	0.1255	
% 2	593	0.1525	0.1085	0.2922	0.122	0.3248	
% 2	594	0.2216	0.0383	0.089	0.2726	0.3784	
% 2	595	0.0802	0.0728	0.3941	0.1406	0.3123	
% 2	596	0.2805	0.0906	0.1208	0.3657	0.1424	
% 2	597	0.1251	0.0648	0.1589	0.2128	0.4384	
% 2	598	0.355	0.0648	0.0563	0.292	0.2319	
% 2	599	0.2525	0.0615	0.0718	0.3935	0.2207	
% 2	600	0.0934	0.0364	0.3881	0.1882	0.2939	
% 2	601	0.2826	0.0344	0.2107	0.2435	0.2289	
% 2	602	0.6395	0.0802	0.0545	0.0886	0.1371	
% 2	603	0.1798	0.0306	0.3369	0.1474	0.3052	
% 2	604	0.2203	0.0462	0.1779	0.3825	0.1731	
% 2	605	0.1052	0.025	0.6358	0.0446	0.1895	
% 2	606	0.1001	0.0596	0.2644	0.319	0.2569	
% 2	607	0.5116	0.0521	0.0549	0.1652	0.2163	
% 2	608	0.4293	0.0248	0.0327	0.3513	0.1618	
% 2	609	0.1193	0.0513	0.6645	0.0883	0.0766	
% 2	610	0.0281	0.8201	0.0749	0.0353	0.0416	
% 2	611	0.0997	0.2135	0.1833	0.0721	0.4314	
% 2	612	0.1384	0.0454	0.1268	0.5473	0.1421	
% 2	613	0.0933	0.0786	0.1634	0.2965	0.3681	
% 2	614	0.1321	0.1141	0.0294	0.5498	0.1745	
% 2	615	0.1297	0.018	0.1944	0.3756	0.2824	
% 2	616	0.3073	0.123	0.259	0.1105	0.2001	
% 2	617	0.255	0.0415	0.1973	0.2718	0.2344	
% 2	618	0.1964	0.1098	0.0338	0.462	0.1981	
% 2	619	0.1005	0.0296	0.2842	0.3138	0.2718	
% 2	620	0.1187	0.138	0.4372	0.0906	0.2155	
% 2	621	0.335	0.0822	0.2188	0.216	0.1479	
% 2	622	0.0928	0.0522	0.46	0.0841	0.3109	
% 2	623	0.1883	0.0615	0.0603	0.6155	0.0744	
% 2	624	0.0979	0.0503	0.0919	0.6153	0.1446	
% 2	625	0.1364	0.1105	0.0404	0.4239	0.2888	
% 2	626	0.1268	0.0371	0.1175	0.3923	0.3264	
% 2	627	0.0998	0.1381	0.2303	0.223	0.3087	
% 2	628	0.0187	0.9319	0.0171	0.0144	0.0179	
% 2	629	0.0793	0.1317	0.5524	0.1537	0.083	
% 2	630	0.1146	0.0268	0.5747	0.1774	0.1065	
% 2	631	0.1168	0.0284	0.042	0.2024	0.6104	
% 2	632	0.0496	0.0272	0.8406	0.0491	0.0335	
% 2	633	0.1787	0.0359	0.0955	0.168	0.5219	
% 2	634	0.0591	0.3552	0.3822	0.1145	0.089	
% 2	635	0.4289	0.0182	0.3201	0.1162	0.1165	
% 2	636	0.108	0.5106	0.1616	0.0801	0.1397	
% 2	637	0.0839	0.0867	0.2234	0.4145	0.1915	
% 2	638	0.5799	0.0373	0.1548	0.0884	0.1395	
% 2	639	0.0902	0.0761	0.081	0.2183	0.5344	
% 2	640	0.105	0.3384	0.0659	0.3419	0.1488	
% 2	641	0.1208	0.2634	0.3039	0.0808	0.2311	
% 2	642	0.156	0.1034	0.0908	0.4493	0.2005	
% 2	643	0.2863	0.0384	0.1898	0.0674	0.4181	
% 2	644	0.2602	0.0176	0.0535	0.3088	0.3599	
% 2	645	0.3112	0.0944	0.0873	0.3585	0.1486	
% 2	646	0.318	0.0269	0.2262	0.299	0.1298	
% 2	647	0.2158	0.0286	0.0442	0.5662	0.1452	
% 2	648	0.1065	0.0692	0.3537	0.1638	0.3067	
% 2	649	0.5582	0.04	0.1051	0.1849	0.1118	
% 2	650	0.2465	0.0176	0.1368	0.3513	0.2477	
% 2	651	0.0371	0.8476	0.0481	0.0228	0.0444	
% 2	652	0.1673	0.1204	0.1787	0.4165	0.1171	
% 2	653	0.2336	0.0622	0.3181	0.1389	0.2471	
% 2	654	0.2953	0.0914	0.0532	0.3373	0.2228	
% 2	655	0.3319	0.2328	0.092	0.1628	0.1804	
% 2	656	0.1365	0.0253	0.0806	0.4323	0.3254	
% 2	657	0.2087	0.0464	0.2989	0.2778	0.1682	
% 2	658	0.3847	0.0492	0.1289	0.21	0.2273	
% 2	659	0.2483	0.0139	0.2345	0.3227	0.1807	
% 2	660	0.3142	0.11	0.0917	0.1828	0.3013	
% 2	661	0.1652	0.021	0.3263	0.3313	0.1562	
% 2	662	0.0576	0.0625	0.2821	0.1254	0.4723	
% 2	663	0.2155	0.2295	0.1795	0.0951	0.2803	
% 2	664	0.194	0.0384	0.3361	0.1836	0.2479	
% 2	665	0.115	0.0851	0.3558	0.2138	0.2303	
% 2	666	0.0612	0.7826	0.038	0.0649	0.0533	
% 2	667	0.2557	0.3109	0.1632	0.0786	0.1916	
% 2	668	0.2538	0.2222	0.0678	0.2909	0.1653	
% 2	669	0.4342	0.1083	0.0545	0.2265	0.1766	
% 2	670	0.589	0.0338	0.023	0.1772	0.177	
% 2	671	0.0312	0.0286	0.8034	0.0622	0.0746	
% 2	672	0.106	0.0223	0.509	0.083	0.2797	
% 2	673	0.3679	0.0251	0.3256	0.1378	0.1437	
% 2	674	0.2739	0.0874	0.199	0.1412	0.2986	
% 2	675	0.1354	0.0343	0.1547	0.1792	0.4965	
% 2	676	0.1225	0.043	0.1772	0.2308	0.4266	
% 2	677	0.374	0.2089	0.0599	0.102	0.2552	
% 2	678	0.2322	0.0342	0.4423	0.1538	0.1374	
% 2	679	0.357	0.1681	0.0266	0.1394	0.3089	
% 2	680	0.0858	0.0452	0.4994	0.1873	0.1823	
% 2	681	0.2003	0.2668	0.1804	0.0584	0.2941	
% 2	682	0.1061	0.3511	0.124	0.2954	0.1234	
% 2	683	0.2154	0.0609	0.0292	0.2115	0.483	
% 2	684	0.1574	0.0314	0.0855	0.4217	0.304	
% 2	685	0.6935	0.0371	0.0538	0.1376	0.0781	
% 2	686	0.6644	0.023	0.0552	0.1014	0.1561	
% 2	687	0.3519	0.0352	0.1162	0.3572	0.1395	
% 2	688	0.097	0.2609	0.1993	0.2404	0.2024	
% 2	689	0.1055	0.5332	0.1398	0.0781	0.1434	
% 2	690	0.0568	0.1021	0.5131	0.0847	0.2433	
% 2	691	0.494	0.1889	0.1472	0.0631	0.1069	
% 2	692	0.4575	0.2124	0.0551	0.1169	0.1582	
% 2	693	0.24	0.0278	0.3245	0.1396	0.2681	
% 2	694	0.1786	0.0196	0.6147	0.0711	0.116	
% 2	695	0.4285	0.2811	0.0595	0.0882	0.1426	
% 2	696	0.8259	0.0177	0.0177	0.0682	0.0705	
% 2	697	0.1042	0.0548	0.2885	0.082	0.4705	
% 2	698	0.2086	0.015	0.3139	0.1431	0.3195	
% 2	699	0.0628	0.088	0.5686	0.0959	0.1846	
% 2	700	0.1777	0.093	0.0397	0.4814	0.2083	
% 2	701	0.2763	0.0572	0.2924	0.0999	0.2743	
% 2	702	0.338	0.3044	0.2089	0.0539	0.0949	
% 2	703	0.5554	0.1595	0.0289	0.1841	0.072	
% 2	704	0.224	0.5212	0.0857	0.0775	0.0917	
% 2	705	0.1024	0.0278	0.1519	0.5044	0.2134	
% 2	706	0.2602	0.2878	0.1301	0.0768	0.2451	
% 2	707	0.0477	0.034	0.7956	0.062	0.0608	
% 2	708	0.1032	0.1386	0.1762	0.2075	0.3745	
% 2	709	0.2327	0.3878	0.1428	0.1046	0.1322	
% 2	710	0.1732	0.0522	0.1122	0.1706	0.4918	
% 2	711	0.1845	0.2249	0.0485	0.3568	0.1854	
% 2	712	0.2889	0.0482	0.0995	0.2404	0.3229	
% 2	713	0.6807	0.077	0.0739	0.1041	0.0643	
% 2	714	0.0986	0.0599	0.0408	0.5435	0.2572	
% 2	715	0.3086	0.0944	0.0489	0.4166	0.1315	
% 2	716	0.1656	0.5122	0.0909	0.1027	0.1286	
% 2	717	0.1893	0.0773	0.4876	0.1022	0.1437	
% 2	718	0.1115	0.0386	0.4252	0.0839	0.3408	
% 2	719	0.0961	0.0153	0.6763	0.0621	0.1502	
% 2	720	0.1349	0.0552	0.0491	0.6184	0.1423	
% 2	721	0.1961	0.0439	0.3735	0.2586	0.1279	
% 2	722	0.5148	0.0431	0.1875	0.1355	0.1192	
% 2	723	0.1048	0.0397	0.5876	0.1768	0.091	
% 2	724	0.315	0.4234	0.0447	0.1143	0.1026	
% 2	725	0.0839	0.0454	0.1159	0.6414	0.1135	
% 2	726	0.202	0.0392	0.1862	0.4189	0.1538	
% 2	727	0.0542	0.0511	0.7587	0.0428	0.0931	
% 2	728	0.0961	0.2245	0.2914	0.2589	0.129	
% 2	729	0.1346	0.0473	0.1806	0.3256	0.312	
% 2	730	0.4744	0.122	0.1003	0.1891	0.1143	
% 2	731	0.0837	0.6729	0.0794	0.0769	0.0871	
% 2	732	0.0548	0.2109	0.531	0.0561	0.1471	
% 2	733	0.4069	0.0282	0.0627	0.2388	0.2634	
% 2	734	0.1392	0.0329	0.0543	0.4791	0.2946	
% 2	735	0.1315	0.0275	0.277	0.3701	0.1939	
% 2	736	0.4573	0.1098	0.0446	0.2063	0.182	
% 2	737	0.576	0.0744	0.0558	0.1436	0.1503	
% 2	738	0.2323	0.2455	0.1191	0.2729	0.1302	
% 2	739	0.0983	0.0953	0.2527	0.3613	0.1923	
% 2	740	0.0738	0.0123	0.2202	0.2855	0.4081	
% 2	741	0.5082	0.1941	0.0431	0.0752	0.1794	
% 2	742	0.1774	0.0695	0.1333	0.0921	0.5276	
% 2	743	0.761	0.0384	0.0259	0.0944	0.0804	
% 2	744	0.1035	0.0201	0.0704	0.6525	0.1536	
% 2	745	0.2506	0.0349	0.0691	0.279	0.3664	
% 2	746	0.1352	0.466	0.0471	0.168	0.1837	
% 2	747	0.0339	0.8894	0.0136	0.037	0.0261	
% 2	748	0.7607	0.0776	0.0225	0.0668	0.0724	
% 2	749	0.1294	0.2319	0.41	0.0787	0.1501	
% 2	750	0.2337	0.0683	0.0984	0.357	0.2425	
% 2	751	0.2481	0.322	0.0245	0.2157	0.1896	
% 2	752	0.5497	0.0194	0.1373	0.1816	0.112	
% 2	753	0.7542	0.017	0.0182	0.0972	0.1134	
% 2	754	0.352	0.0369	0.1024	0.2275	0.2812	
% 2	755	0.0351	0.0268	0.8551	0.0311	0.0519	
% 2	756	0.4173	0.1441	0.0364	0.1731	0.229	
% 2	757	0.17	0.0503	0.2489	0.075	0.4558	
% 2	758	0.0985	0.1169	0.082	0.5953	0.1074	
% 2	759	0.4103	0.0854	0.1411	0.2489	0.1144	
% 2	760	0.192	0.3231	0.1065	0.1952	0.1833	
% 2	761	0.6546	0.0129	0.0313	0.1327	0.1686	
% 2	762	0.4356	0.0251	0.0401	0.3799	0.1193	
% 2	763	0.3878	0.1911	0.0749	0.1492	0.197	
% 4	764	0.1783	0.0478	0.0987	0.4415	0.2337	
% 2	765	0.6022	0.0657	0.0776	0.1102	0.1442	
% 4	766	0.2813	0.0221	0.0805	0.3409	0.2751	
% 4	767	0.6973	0.0161	0.0299	0.1383	0.1184	
% 4	768	0.6551	0.0614	0.0335	0.1275	0.1224	
% 2	769	0.3387	0.0358	0.2215	0.1685	0.2355	
% 4	770	0.4802	0.0404	0.0606	0.1411	0.2778	
% 3	771	0.2291	0.0359	0.4557	0.1031	0.1763	
% 2	772	0.6568	0.0348	0.0571	0.1464	0.1048	
% 3	773	0.0708	0.1456	0.4248	0.2432	0.1156	
% 3	774	0.0452	0.0336	0.7814	0.069	0.0708	
% 3	775	0.0213	0.0172	0.8973	0.0309	0.0333	
% 3	776	0.0298	0.0576	0.8461	0.0308	0.0357	
% 3	777	0.0264	0.0218	0.8803	0.0353	0.0362	
% 4	778	0.2143	0.1111	0.0237	0.3528	0.2981	
% 2	779	0.3513	0.0786	0.1468	0.215	0.2084	
% 4	780	0.2403	0.0468	0.0777	0.1243	0.5109	
% 4	781	0.6229	0.0282	0.0403	0.0887	0.2198	
% 4	782	0.1191	0.0611	0.0925	0.3489	0.3784	
% 4	783	0.5125	0.1211	0.0326	0.2309	0.1029	
% 2	784	0.1226	0.493	0.1319	0.0939	0.1586	
% 4	785	0.7178	0.041	0.0297	0.0752	0.1364	
% 3	786	0.1067	0.2964	0.212	0.2095	0.1755	
% 3	787	0.0303	0.0265	0.8924	0.0237	0.0271	
% 3	788	0.037	0.0151	0.7242	0.082	0.1417	
% 3	789	0.2418	0.0564	0.4749	0.0593	0.1677	
% 3	790	0.067	0.0367	0.7382	0.0712	0.0869	
% 3	791	0.0946	0.0389	0.4102	0.2727	0.1836	
% 4	792	0.2922	0.0257	0.109	0.1605	0.4126	
% 4	793	0.2937	0.0515	0.0722	0.4042	0.1784	
% 4	794	0.4996	0.0168	0.176	0.1303	0.1773	
% 4	795	0.2935	0.1339	0.0547	0.3568	0.1611	
% 4	796	0.3309	0.0558	0.1255	0.224	0.2637	
% 2	797	0.1479	0.3121	0.1023	0.2814	0.1563	
% 4	798	0.1438	0.1275	0.1161	0.0754	0.5372	
% 3	799	0.0968	0.0922	0.5281	0.0812	0.2017	
% 2	800	0.092	0.0804	0.4811	0.2501	0.0965	
% 3	801	0.129	0.0281	0.2745	0.0662	0.5022	
% 3	802	0.0248	0.0999	0.822	0.0218	0.0316	
% 3	803	0.0424	0.0238	0.8205	0.0336	0.0797	
% 3	804	0.0281	0.0173	0.8947	0.0293	0.0306	
% 4	805	0.089	0.052	0.0699	0.6392	0.1499	
% 4	806	0.4811	0.0201	0.0531	0.1719	0.2739	
% 4	807	0.0656	0.0503	0.0928	0.3543	0.4369	
% 4	808	0.2043	0.0555	0.0436	0.4913	0.2053	
% 2	809	0.1399	0.0681	0.5087	0.1627	0.1206	
% 4	810	0.3314	0.0445	0.0676	0.1327	0.4238	
% 2	811	0.0732	0.057	0.1011	0.2667	0.5019	
% 3	812	0.1217	0.0313	0.1883	0.1175	0.5411	
% 3	813	0.0633	0.0127	0.786	0.0669	0.0711	
% 3	814	0.0396	0.1376	0.5311	0.1394	0.1524	
% 3	815	0.0261	0.0403	0.7961	0.0558	0.0817	
% 3	816	0.0437	0.0397	0.7754	0.0514	0.0898	
% 4	817	0.275	0.0573	0.0802	0.3987	0.1888	
% 2	818	0.214	0.3244	0.0738	0.1701	0.2178	
% 4	819	0.3424	0.035	0.124	0.2745	0.2241	
% 4	820	0.4022	0.0331	0.0765	0.3431	0.1451	
% 4	821	0.3898	0.1122	0.0504	0.2829	0.1647	
% 4	822	0.4764	0.045	0.0471	0.2174	0.2141	
% 2	823	0.5229	0.0849	0.041	0.1486	0.2026	
% 4	824	0.5166	0.0466	0.0548	0.1614	0.2206	
% 2	825	0.0768	0.7865	0.0255	0.0717	0.0395	
% 3	826	0.0389	0.0141	0.8815	0.0254	0.0401	
% 2	827	0.0361	0.8067	0.0579	0.0391	0.0602	
% 3	828	0.1438	0.0361	0.4356	0.1611	0.2235	
% 3	829	0.0522	0.0509	0.6891	0.0598	0.148	
% 3	830	0.0527	0.0682	0.7525	0.0501	0.0765	
% 3	831	0.0317	0.017	0.8834	0.03	0.0379	
% 4	832	0.1656	0.062	0.2151	0.3695	0.1878	
% 2	833	0.5528	0.0219	0.1221	0.1112	0.1919	
% 4	834	0.1106	0.0264	0.0351	0.6095	0.2184	
% 4	835	0.4101	0.0632	0.1282	0.1442	0.2543	
% 4	836	0.1943	0.0272	0.0405	0.2934	0.4446	
% 4	837	0.156	0.0863	0.1493	0.3053	0.3032	
% 2	838	0.2156	0.1567	0.0984	0.3115	0.2178	
% 2	839	0.1525	0.1111	0.1996	0.3901	0.1468	
% 3	840	0.0834	0.0739	0.6269	0.0719	0.1439	
% 3	841	0.0314	0.0424	0.8702	0.0264	0.0296	
% 3	842	0.0423	0.0087	0.8887	0.0336	0.0267	
% 3	843	0.0353	0.0172	0.8774	0.0323	0.0378	
% 3	844	0.0271	0.0167	0.893	0.0385	0.0247	
% 2	845	0.5991	0.0234	0.0442	0.0703	0.2631	
% 4	846	0.1798	0.0343	0.0369	0.5803	0.1687	
% 4	847	0.3739	0.0918	0.089	0.1654	0.2798	
% 4	848	0.1078	0.0676	0.3023	0.178	0.3443	
% 4	849	0.7299	0.0475	0.0434	0.1056	0.0735	
% 3	850	0.1049	0.1222	0.5103	0.1294	0.1332	
% 3	851	0.1138	0.0242	0.7862	0.0311	0.0447	
% 3	852	0.0385	0.0173	0.8733	0.0386	0.0323	
% 3	853	0.096	0.0322	0.7931	0.0291	0.0496	
% 3	854	0.0269	0.0112	0.8938	0.0267	0.0414	
% 2	855	0.0653	0.4405	0.2101	0.11	0.1741	
% 4	856	0.2462	0.0199	0.0503	0.5372	0.1464	
% 4	857	0.0999	0.0327	0.1143	0.2663	0.4869	
% 4	858	0.1839	0.0476	0.1034	0.2121	0.453	
% 2	859	0.2657	0.1489	0.3246	0.123	0.1379	
% 2	860	0.1962	0.0351	0.117	0.3844	0.2672	
% 3	861	0.079	0.0344	0.489	0.2356	0.1619	
% 3	862	0.0255	0.0351	0.8719	0.0309	0.0366	
% 3	863	0.0249	0.0093	0.8975	0.0398	0.0285	
% 3	864	0.2965	0.0167	0.4652	0.0573	0.1643	
% 3	865	0.0947	0.0239	0.7647	0.0468	0.07	
% 2	866	0.1464	0.5954	0.0781	0.114	0.0661	
% 2	867	0.3264	0.314	0.0679	0.0949	0.1968	
% 2	868	0.0939	0.0484	0.6949	0.0526	0.1102	
% 2	869	0.024	0.8644	0.0419	0.0438	0.0259	
% 2	870	0.0598	0.0319	0.5204	0.1415	0.2464	
% 2	871	0.5364	0.1093	0.0477	0.1689	0.1376	
% 2	872	0.0707	0.0559	0.4659	0.1772	0.2302	
% 2	873	0.2772	0.1124	0.0386	0.4219	0.1499	
% 2	874	0.0296	0.8737	0.0401	0.0279	0.0287	
% 2	875	0.0426	0.6436	0.1864	0.0594	0.068	
% 2	876	0.0802	0.7768	0.0218	0.0666	0.0546	
% 2	877	0.4829	0.0469	0.0511	0.2646	0.1546	
% 2	878	0.2512	0.0533	0.1729	0.3102	0.2125	
% 2	879	0.256	0.0302	0.1215	0.375	0.2173	
% 2	880	0.4391	0.0819	0.0514	0.2672	0.1604	
% 2	881	0.0795	0.4128	0.1371	0.1179	0.2528	
% 2	882	0.0921	0.4006	0.1457	0.1224	0.2393	
% 2	883	0.1549	0.1123	0.1342	0.1957	0.4029	
% 2	884	0.0972	0.4482	0.2825	0.0445	0.1276	
% 2	885	0.4383	0.0311	0.1605	0.097	0.2731	
% 2	886	0.035	0.8684	0.0283	0.0255	0.0428	
% 2	887	0.35	0.0288	0.0323	0.1203	0.4685	
% 2	888	0.6007	0.0272	0.014	0.0374	0.3207	
% 2	889	0.1969	0.1828	0.0676	0.2944	0.2583	
% 2	890	0.3429	0.0586	0.1124	0.2643	0.2218	
% 2	891	0.2166	0.0823	0.5098	0.1141	0.0772	
% 2	892	0.4014	0.1098	0.1368	0.1358	0.2162	
% 2	893	0.1313	0.1616	0.0472	0.3945	0.2654	
% 2	894	0.355	0.0162	0.0687	0.4081	0.152	
% 2	895	0.1479	0.0266	0.5034	0.1095	0.2125	
% 2	896	0.2828	0.0345	0.2351	0.2334	0.2143	
% 2	897	0.0342	0.8589	0.0233	0.0528	0.0308	
% 2	898	0.0634	0.0292	0.0914	0.7121	0.1039	
% 2	899	0.175	0.0675	0.1109	0.0871	0.5595	
% 2	900	0.1164	0.0211	0.683	0.0846	0.095	
% 2	901	0.6306	0.124	0.0481	0.1193	0.0779	
% 2	902	0.1515	0.3495	0.1098	0.1589	0.2303	
% 2	903	0.0723	0.4516	0.2201	0.0859	0.1701	
% 2	904	0.5801	0.0306	0.0399	0.1072	0.2422	
