1.0000	0.8656	0.8344	0.8620	0.8698	0.8423	0.8593	0.8277	0.8428	0.8560
0.8656	1.0000	0.8345	0.8638	0.8531	0.8575	0.8431	0.8399	0.8455	0.8509
0.8344	0.8345	1.0000	0.8892	0.8770	0.9236	0.8449	0.8865	0.8952	0.8780
0.8620	0.8638	0.8892	1.0000	0.9251	0.9095	0.8852	0.8874	0.9028	0.8966
0.8698	0.8531	0.8770	0.9251	1.0000	0.8852	0.9044	0.8581	0.8843	0.9004
0.8423	0.8575	0.9236	0.9095	0.8852	1.0000	0.8481	0.9045	0.9057	0.8790
0.8593	0.8431	0.8449	0.8852	0.9044	0.8481	1.0000	0.8089	0.8388	0.8950
0.8277	0.8399	0.8865	0.8874	0.8581	0.9045	0.8089	1.0000	0.9163	0.8367
0.8428	0.8455	0.8952	0.9028	0.8843	0.9057	0.8388	0.9163	1.0000	0.8578
0.8560	0.8509	0.8780	0.8966	0.9004	0.8790	0.8950	0.8367	0.8578	1.0000
