%!PS-Adobe-3.0 EPSF-3.0 
% Graphical display of results from structure
% distruct by Noah Rosenberg, version 1.0 Nov 2002 
%                             version 1.1 Jun 2007 
% Command line arguments: distruct/distruct1.1 -K 4 -M 4 -N 1000 -p 1620340426/pop -i 1620340426/ind -o 1620340426/out.ps -b 1620340426/labels -c 1620340426/perm -d 1620340426/drawparams 
gsave

% Population Q values from the file: 1620340426/pop
% 4 clusters, 4 populations, 0 individuals
% Pop. code, number of individuals, membership coefficients
% 1	275	0.235	0.278	0.225	0.263	
% 2	643	0.223	0.267	0.246	0.265	
% 3	42	0.064	0.098	0.743	0.094	
% 4	40	0.078	0.38	0.127	0.415	


% Individual Q values from the file: 1620340426/ind
% Population code, individual label, membership coefficients
% 1	1	0.195	0.0229	0.3479	0.4343	
% 1	2	0.133	0.1188	0.407	0.3412	
% 1	3	0.1357	0.1005	0.3646	0.3992	
% 1	4	0.398	0.0343	0.2164	0.3513	
% 1	5	0.0199	0.9441	0.0155	0.0205	
% 1	6	0.1723	0.2114	0.0841	0.5323	
% 1	7	0.3865	0.2448	0.1786	0.1901	
% 1	8	0.4564	0.0255	0.2785	0.2396	
% 1	9	0.1037	0.3011	0.2512	0.344	
% 1	10	0.1256	0.514	0.2136	0.1467	
% 1	11	0.3671	0.0848	0.2186	0.3295	
% 1	12	0.2297	0.1429	0.0772	0.5502	
% 1	13	0.6105	0.0387	0.1867	0.164	
% 1	14	0.3064	0.4974	0.0448	0.1514	
% 1	15	0.3747	0.4644	0.054	0.1069	
% 1	16	0.433	0.125	0.2007	0.2414	
% 1	17	0.3965	0.11	0.0365	0.457	
% 1	18	0.3094	0.04	0.4284	0.2222	
% 1	19	0.4971	0.0784	0.2206	0.2039	
% 1	20	0.313	0.2878	0.0587	0.3405	
% 1	21	0.2781	0.3128	0.1895	0.2196	
% 1	22	0.2087	0.1099	0.4769	0.2045	
% 1	23	0.1504	0.3334	0.1781	0.3381	
% 1	24	0.0622	0.0258	0.8219	0.0902	
% 1	25	0.3947	0.2871	0.1264	0.1919	
% 1	26	0.1605	0.1439	0.3981	0.2975	
% 1	27	0.5345	0.0755	0.0798	0.3103	
% 1	28	0.0412	0.0426	0.8626	0.0535	
% 1	29	0.3492	0.0937	0.2037	0.3534	
% 1	30	0.077	0.7454	0.0777	0.0999	
% 1	31	0.3585	0.0616	0.2177	0.3622	
% 1	32	0.2477	0.1845	0.3277	0.2401	
% 1	33	0.1521	0.1356	0.3986	0.3138	
% 1	34	0.2651	0.5413	0.0952	0.0984	
% 1	35	0.1733	0.0944	0.4938	0.2385	
% 1	36	0.2853	0.2161	0.1519	0.3467	
% 1	37	0.0987	0.1434	0.6615	0.0964	
% 1	38	0.079	0.4656	0.3862	0.0692	
% 1	39	0.3626	0.1274	0.0991	0.4109	
% 1	40	0.279	0.3744	0.0705	0.276	
% 1	41	0.4888	0.06	0.115	0.3362	
% 1	42	0.0623	0.8441	0.0302	0.0634	
% 1	43	0.1827	0.0621	0.2214	0.5338	
% 1	44	0.1429	0.052	0.155	0.6501	
% 1	45	0.1098	0.3988	0.3253	0.1661	
% 1	46	0.156	0.1081	0.5536	0.1823	
% 1	47	0.0915	0.0876	0.7239	0.097	
% 1	48	0.2731	0.0624	0.1779	0.4867	
% 1	49	0.24	0.0498	0.4198	0.2904	
% 1	50	0.592	0.0347	0.0456	0.3277	
% 1	51	0.0878	0.7687	0.0631	0.0804	
% 1	52	0.0409	0.8677	0.0445	0.0469	
% 1	53	0.0749	0.05	0.7661	0.1091	
% 1	54	0.1573	0.095	0.5763	0.1714	
% 1	55	0.4744	0.112	0.102	0.3115	
% 1	56	0.131	0.1079	0.6804	0.0806	
% 1	57	0.1254	0.0284	0.7353	0.111	
% 1	58	0.0962	0.7196	0.0731	0.1111	
% 1	59	0.1858	0.0286	0.6038	0.1817	
% 1	60	0.4141	0.1568	0.1393	0.2899	
% 1	61	0.1771	0.0704	0.569	0.1835	
% 1	62	0.224	0.0524	0.143	0.5806	
% 1	63	0.1004	0.2704	0.4936	0.1356	
% 1	64	0.2993	0.1075	0.1636	0.4296	
% 1	65	0.4797	0.0655	0.184	0.2707	
% 1	66	0.4142	0.3498	0.0706	0.1654	
% 1	67	0.1837	0.0456	0.652	0.1186	
% 1	68	0.1456	0.0897	0.4571	0.3075	
% 1	69	0.081	0.2512	0.5975	0.0704	
% 1	70	0.231	0.0485	0.337	0.3836	
% 1	71	0.3866	0.057	0.2154	0.341	
% 1	72	0.2991	0.0391	0.1657	0.4961	
% 1	73	0.1335	0.2448	0.3765	0.2452	
% 1	74	0.2747	0.0424	0.049	0.634	
% 1	75	0.3282	0.165	0.3308	0.176	
% 1	76	0.0683	0.0667	0.7492	0.1157	
% 1	77	0.0272	0.9233	0.0214	0.0281	
% 1	78	0.3205	0.0591	0.1261	0.4942	
% 1	79	0.2619	0.0894	0.2607	0.388	
% 1	80	0.0969	0.7187	0.0956	0.0889	
% 1	81	0.1606	0.478	0.1179	0.2435	
% 1	82	0.0975	0.0275	0.7236	0.1514	
% 1	83	0.254	0.07	0.5171	0.1589	
% 1	84	0.2687	0.2123	0.0987	0.4202	
% 1	85	0.3505	0.0516	0.3137	0.2842	
% 1	86	0.4804	0.1608	0.0431	0.3157	
% 1	87	0.1357	0.064	0.5053	0.295	
% 2	88	0.0616	0.8554	0.037	0.046	
% 2	89	0.3866	0.1148	0.1431	0.3555	
% 2	90	0.0345	0.9056	0.0264	0.0335	
% 2	91	0.3276	0.0219	0.3774	0.2731	
% 2	92	0.1064	0.0781	0.7233	0.0921	
% 2	93	0.0697	0.0242	0.8148	0.0912	
% 2	94	0.2831	0.1971	0.067	0.4528	
% 2	95	0.2292	0.1727	0.0642	0.5338	
% 2	96	0.5839	0.103	0.0883	0.2247	
% 2	97	0.0444	0.1773	0.7207	0.0576	
% 2	98	0.3402	0.0505	0.1843	0.4251	
% 2	99	0.1879	0.1131	0.5774	0.1216	
% 2	100	0.3355	0.0716	0.132	0.4608	
% 2	101	0.1058	0.5376	0.2244	0.1321	
% 2	102	0.5064	0.1211	0.0895	0.283	
% 2	103	0.2363	0.2036	0.2793	0.2808	
% 2	104	0.1588	0.0467	0.5961	0.1983	
% 2	105	0.0866	0.181	0.6086	0.1237	
% 2	106	0.0209	0.9184	0.0376	0.0231	
% 2	107	0.455	0.1432	0.1917	0.21	
% 2	108	0.2984	0.0893	0.3653	0.247	
% 2	109	0.4516	0.2247	0.0475	0.2762	
% 2	110	0.0754	0.3161	0.5086	0.0999	
% 2	111	0.1548	0.1176	0.6245	0.1031	
% 2	112	0.3404	0.1583	0.0871	0.4142	
% 2	113	0.1527	0.6659	0.0806	0.1008	
% 2	114	0.3307	0.066	0.1637	0.4397	
% 2	115	0.0807	0.0836	0.4742	0.3615	
% 2	116	0.287	0.1316	0.1277	0.4537	
% 2	117	0.3215	0.2208	0.0922	0.3655	
% 2	118	0.2765	0.0378	0.2395	0.4462	
% 2	119	0.501	0.0676	0.0906	0.3408	
% 2	120	0.0631	0.0232	0.8414	0.0722	
% 2	121	0.3973	0.0636	0.0742	0.4649	
% 2	122	0.2862	0.093	0.2294	0.3914	
% 2	123	0.4327	0.0339	0.2417	0.2918	
% 2	124	0.1719	0.1675	0.0935	0.567	
% 2	125	0.1016	0.1419	0.5179	0.2385	
% 2	126	0.0864	0.7238	0.063	0.1268	
% 2	127	0.721	0.0562	0.0777	0.1451	
% 2	128	0.1233	0.0634	0.7092	0.1042	
% 2	129	0.1759	0.3737	0.2575	0.1929	
% 2	130	0.1807	0.0725	0.046	0.7009	
% 2	131	0.1684	0.1185	0.3291	0.384	
% 2	132	0.1731	0.0655	0.5829	0.1785	
% 2	133	0.252	0.0385	0.1655	0.544	
% 2	134	0.4625	0.108	0.1859	0.2436	
% 2	135	0.044	0.0363	0.8742	0.0455	
% 2	136	0.3163	0.0581	0.1986	0.427	
% 2	137	0.4634	0.2251	0.0692	0.2423	
% 2	138	0.0899	0.7334	0.0437	0.133	
% 2	139	0.3627	0.0375	0.117	0.4828	
% 2	140	0.5104	0.1325	0.1239	0.2332	
% 2	141	0.2507	0.3551	0.2078	0.1863	
% 2	142	0.2098	0.3478	0.2577	0.1846	
% 2	143	0.0534	0.0678	0.7501	0.1287	
% 2	144	0.4292	0.0261	0.1095	0.4352	
% 2	145	0.2888	0.0455	0.0605	0.6052	
% 2	146	0.0961	0.094	0.6983	0.1115	
% 2	147	0.4664	0.0928	0.2057	0.2351	
% 2	148	0.478	0.0321	0.2066	0.2832	
% 2	149	0.1757	0.1091	0.5563	0.1589	
% 2	150	0.195	0.0781	0.5923	0.1345	
% 2	151	0.3578	0.1641	0.2223	0.2559	
% 2	152	0.3232	0.0664	0.1789	0.4315	
% 2	153	0.0527	0.0498	0.8572	0.0403	
% 2	154	0.3668	0.0837	0.0825	0.467	
% 2	155	0.2245	0.1249	0.3525	0.2981	
% 2	156	0.3638	0.145	0.2695	0.2217	
% 2	157	0.2015	0.1043	0.3259	0.3683	
% 2	158	0.3018	0.0269	0.281	0.3903	
% 2	159	0.4388	0.0615	0.0616	0.4381	
% 2	160	0.3763	0.0863	0.3709	0.1665	
% 2	161	0.2927	0.0374	0.4112	0.2588	
% 2	162	0.4573	0.0755	0.2006	0.2667	
% 2	163	0.1449	0.058	0.6379	0.1592	
% 2	164	0.4343	0.0427	0.1153	0.4076	
% 2	165	0.3137	0.0325	0.2307	0.423	
% 2	166	0.3158	0.0722	0.1015	0.5104	
% 2	167	0.1935	0.1219	0.4754	0.2091	
% 2	168	0.3122	0.0962	0.1467	0.4449	
% 2	169	0.0346	0.9209	0.0176	0.0269	
% 2	170	0.087	0.0797	0.7331	0.1002	
% 2	171	0.4055	0.0405	0.1189	0.4351	
% 2	172	0.139	0.36	0.4006	0.1004	
% 2	173	0.0411	0.8861	0.0341	0.0386	
% 2	174	0.1788	0.044	0.2099	0.5672	
% 2	175	0.2742	0.0445	0.1027	0.5785	
% 2	176	0.1515	0.1141	0.6345	0.0999	
% 2	177	0.0565	0.0209	0.8396	0.083	
% 2	178	0.526	0.0602	0.0333	0.3805	
% 2	179	0.208	0.0305	0.5296	0.2319	
% 2	180	0.0407	0.8528	0.0626	0.0439	
% 2	181	0.3188	0.0742	0.1202	0.4867	
% 2	182	0.3915	0.1976	0.1356	0.2753	
% 2	183	0.4302	0.0469	0.1162	0.4067	
% 2	184	0.1154	0.6467	0.1475	0.0904	
% 2	185	0.307	0.0196	0.1986	0.4747	
% 2	186	0.0955	0.1118	0.6375	0.1553	
% 2	187	0.1624	0.0346	0.0791	0.7239	
% 2	188	0.3003	0.0524	0.2135	0.4338	
% 2	189	0.1624	0.2171	0.4103	0.2102	
% 2	190	0.0959	0.0513	0.7618	0.091	
% 2	191	0.109	0.05	0.6045	0.2365	
% 2	192	0.709	0.054	0.0448	0.1923	
% 2	193	0.3244	0.1603	0.1916	0.3237	
% 2	194	0.7582	0.0267	0.07	0.145	
% 2	195	0.0855	0.7966	0.0341	0.0837	
% 2	196	0.1407	0.0482	0.0445	0.7665	
% 2	197	0.2448	0.085	0.4716	0.1986	
% 2	198	0.101	0.7449	0.0789	0.0752	
% 2	199	0.3977	0.0379	0.1494	0.4151	
% 2	200	0.091	0.1013	0.6723	0.1354	
% 2	201	0.4454	0.036	0.1144	0.4043	
% 2	202	0.0783	0.0176	0.8485	0.0556	
% 2	203	0.3031	0.0639	0.2082	0.4248	
% 2	204	0.4023	0.0661	0.2313	0.3002	
% 2	205	0.2094	0.1648	0.143	0.4828	
% 2	206	0.0486	0.8569	0.0454	0.0491	
% 2	207	0.219	0.3195	0.1376	0.324	
% 2	208	0.5801	0.0484	0.0728	0.2988	
% 2	209	0.0946	0.5286	0.2629	0.114	
% 2	210	0.0364	0.8881	0.0238	0.0518	
% 2	211	0.299	0.2313	0.2007	0.269	
% 2	212	0.1475	0.1979	0.532	0.1226	
% 2	213	0.2346	0.0511	0.1376	0.5767	
% 2	214	0.3353	0.0595	0.0747	0.5304	
% 2	215	0.6925	0.042	0.1081	0.1574	
% 2	216	0.0721	0.7989	0.0419	0.0871	
% 2	217	0.2368	0.4357	0.1089	0.2186	
% 2	218	0.1456	0.0475	0.5494	0.2574	
% 2	219	0.5569	0.1288	0.0544	0.2599	
% 2	220	0.404	0.0198	0.2343	0.3419	
% 2	221	0.1453	0.27	0.1051	0.4796	
% 2	222	0.2658	0.0523	0.454	0.2279	
% 2	223	0.3577	0.076	0.1614	0.4049	
% 2	224	0.5807	0.0417	0.0835	0.294	
% 2	225	0.0301	0.9209	0.0222	0.0267	
% 2	226	0.2752	0.2557	0.0646	0.4046	
% 2	227	0.0301	0.8832	0.0509	0.0358	
% 2	228	0.5042	0.0519	0.0556	0.3883	
% 2	229	0.2084	0.0448	0.2361	0.5107	
% 2	230	0.1498	0.2446	0.2313	0.3744	
% 2	231	0.3487	0.1167	0.0834	0.4512	
% 2	232	0.2933	0.0704	0.2139	0.4225	
% 2	233	0.3325	0.2017	0.158	0.3078	
% 2	234	0.0321	0.8995	0.0341	0.0342	
% 2	235	0.1283	0.6599	0.1355	0.0763	
% 2	236	0.5279	0.0445	0.2227	0.2049	
% 2	237	0.427	0.0826	0.1916	0.2988	
% 2	238	0.423	0.1231	0.0713	0.3827	
% 2	239	0.5318	0.124	0.1296	0.2145	
% 2	240	0.231	0.0695	0.165	0.5345	
% 2	241	0.1697	0.1257	0.5413	0.1634	
% 2	242	0.6349	0.0305	0.2008	0.1339	
% 2	243	0.258	0.073	0.4399	0.229	
% 2	244	0.1536	0.0982	0.5094	0.2388	
% 2	245	0.0279	0.9169	0.0246	0.0306	
% 2	246	0.104	0.2215	0.5513	0.1232	
% 2	247	0.1019	0.6176	0.1559	0.1246	
% 2	248	0.1278	0.5776	0.1168	0.1779	
% 2	249	0.2695	0.0931	0.074	0.5634	
% 2	250	0.4168	0.1248	0.1634	0.295	
% 2	251	0.2213	0.0636	0.1224	0.5926	
% 2	252	0.0585	0.0467	0.8087	0.0861	
% 2	253	0.4518	0.1281	0.1229	0.2972	
% 2	254	0.1536	0.0885	0.5513	0.2065	
% 2	255	0.0968	0.0475	0.5877	0.268	
% 2	256	0.1031	0.3502	0.3884	0.1582	
% 2	257	0.169	0.108	0.0924	0.6307	
% 1	258	0.3299	0.22	0.2017	0.2485	
% 1	259	0.2554	0.4605	0.105	0.1791	
% 1	260	0.6727	0.0385	0.0899	0.1989	
% 1	261	0.3138	0.0769	0.0752	0.5341	
% 1	262	0.2659	0.1474	0.1748	0.4119	
% 1	263	0.1769	0.0754	0.5615	0.1863	
% 1	264	0.2959	0.0876	0.1655	0.4509	
% 1	265	0.2344	0.0685	0.3115	0.3856	
% 1	266	0.1762	0.0325	0.0737	0.7176	
% 1	267	0.2407	0.1804	0.1531	0.4258	
% 1	268	0.1452	0.2118	0.5024	0.1405	
% 1	269	0.3831	0.2071	0.0825	0.3272	
% 1	270	0.0919	0.0458	0.4804	0.382	
% 1	271	0.3327	0.34	0.1106	0.2166	
% 1	272	0.2942	0.2172	0.0649	0.4237	
% 1	273	0.4049	0.0596	0.2625	0.2729	
% 1	274	0.0604	0.7855	0.0566	0.0975	
% 1	275	0.3208	0.1395	0.3799	0.1598	
% 1	276	0.5164	0.097	0.1567	0.2298	
% 1	277	0.4478	0.1142	0.058	0.38	
% 1	278	0.2635	0.3762	0.0831	0.2771	
% 1	279	0.5519	0.2403	0.0679	0.1399	
% 1	280	0.1273	0.1545	0.3557	0.3625	
% 1	281	0.4688	0.0714	0.1364	0.3235	
% 1	282	0.211	0.223	0.1968	0.3693	
% 1	283	0.4507	0.0658	0.1105	0.373	
% 1	284	0.3247	0.0384	0.2287	0.4082	
% 1	285	0.2916	0.0724	0.3892	0.2468	
% 1	286	0.3854	0.0341	0.3094	0.2711	
% 1	287	0.0173	0.9499	0.015	0.0179	
% 1	288	0.0902	0.7881	0.0532	0.0685	
% 1	289	0.4877	0.1856	0.1141	0.2126	
% 1	290	0.0235	0.931	0.0246	0.0209	
% 1	291	0.1443	0.459	0.2162	0.1805	
% 1	292	0.3335	0.2431	0.0944	0.3291	
% 1	293	0.1346	0.0372	0.7105	0.1176	
% 1	294	0.299	0.4021	0.0769	0.222	
% 1	295	0.3747	0.0425	0.2186	0.3642	
% 1	296	0.5467	0.055	0.1686	0.2297	
% 1	297	0.0851	0.7709	0.0416	0.1023	
% 1	298	0.6107	0.0406	0.0743	0.2744	
% 1	299	0.2017	0.308	0.3412	0.1491	
% 1	300	0.4279	0.0507	0.1596	0.3617	
% 1	301	0.0395	0.8935	0.0252	0.0417	
% 1	302	0.2407	0.5108	0.0797	0.1687	
% 1	303	0.4653	0.1514	0.0842	0.2991	
% 1	304	0.5599	0.173	0.1184	0.1487	
% 1	305	0.5699	0.0478	0.119	0.2634	
% 1	306	0.0906	0.7051	0.031	0.1733	
% 1	307	0.2368	0.0357	0.3358	0.3917	
% 1	308	0.3048	0.1314	0.0849	0.479	
% 1	309	0.0416	0.8799	0.0367	0.0417	
% 1	310	0.179	0.4237	0.114	0.2833	
% 1	311	0.2818	0.5083	0.071	0.1389	
% 1	312	0.174	0.0534	0.5681	0.2044	
% 1	313	0.3576	0.0285	0.1432	0.4708	
% 1	314	0.1286	0.0599	0.6904	0.1211	
% 1	315	0.3201	0.096	0.1521	0.4318	
% 1	316	0.2388	0.0496	0.118	0.5936	
% 1	317	0.228	0.0628	0.5686	0.1406	
% 1	318	0.1732	0.0402	0.5282	0.2583	
% 1	319	0.5168	0.0299	0.1719	0.2815	
% 1	320	0.4868	0.0195	0.0985	0.3951	
% 1	321	0.4523	0.0436	0.1025	0.4015	
% 1	322	0.1814	0.5267	0.1048	0.1871	
% 1	323	0.5456	0.0404	0.0464	0.3677	
% 1	324	0.1936	0.0439	0.1993	0.5632	
% 1	325	0.164	0.3949	0.075	0.3661	
% 1	326	0.2669	0.0695	0.0699	0.5937	
% 1	327	0.3401	0.0561	0.2259	0.3779	
% 1	328	0.4969	0.0456	0.2214	0.2361	
% 1	329	0.2884	0.1106	0.4333	0.1676	
% 1	330	0.2756	0.1044	0.2799	0.3401	
% 1	331	0.1689	0.3681	0.2074	0.2555	
% 1	332	0.183	0.2748	0.3175	0.2248	
% 1	333	0.1021	0.3577	0.3308	0.2093	
% 1	334	0.1616	0.0343	0.687	0.1171	
% 1	335	0.2838	0.0666	0.2859	0.3637	
% 1	336	0.2842	0.1934	0.168	0.3544	
% 1	337	0.2248	0.4999	0.098	0.1773	
% 1	338	0.1782	0.1968	0.3644	0.2605	
% 1	339	0.3525	0.151	0.1461	0.3503	
% 1	340	0.0652	0.0706	0.776	0.0882	
% 1	341	0.0985	0.1083	0.6807	0.1125	
% 1	342	0.2299	0.2229	0.3153	0.2318	
% 1	343	0.1527	0.0874	0.4129	0.347	
% 1	344	0.1238	0.217	0.4157	0.2434	
% 1	345	0.2123	0.1845	0.0644	0.5388	
% 1	346	0.1569	0.2598	0.1842	0.3991	
% 1	347	0.2072	0.2968	0.1419	0.3542	
% 1	348	0.0926	0.243	0.5446	0.1198	
% 1	349	0.1365	0.0845	0.4786	0.3005	
% 1	350	0.545	0.1083	0.1022	0.2444	
% 1	351	0.1747	0.1693	0.3401	0.3159	
% 1	352	0.5119	0.0732	0.1325	0.2824	
% 1	353	0.1931	0.0449	0.1717	0.5904	
% 1	354	0.1296	0.3237	0.417	0.1296	
% 1	355	0.2256	0.1001	0.4727	0.2016	
% 1	356	0.4738	0.0626	0.2062	0.2573	
% 1	357	0.3915	0.1421	0.0872	0.3792	
% 1	358	0.4646	0.0613	0.1298	0.3444	
% 1	359	0.6	0.2461	0.0309	0.123	
% 1	360	0.2163	0.2749	0.1919	0.3168	
% 1	361	0.4995	0.0585	0.0702	0.3718	
% 1	362	0.4538	0.0635	0.067	0.4157	
% 1	363	0.1579	0.1788	0.3779	0.2855	
% 1	364	0.3084	0.0515	0.5125	0.1277	
% 1	365	0.3158	0.031	0.1214	0.5318	
% 1	366	0.1454	0.0461	0.3543	0.4541	
% 1	367	0.2042	0.1452	0.1302	0.5204	
% 1	368	0.613	0.117	0.062	0.2079	
% 1	369	0.1723	0.3775	0.2646	0.1856	
% 1	370	0.0837	0.749	0.0849	0.0824	
% 1	371	0.0628	0.8316	0.0428	0.0629	
% 1	372	0.0311	0.9052	0.027	0.0366	
% 1	373	0.1733	0.4778	0.0603	0.2886	
% 1	374	0.3604	0.0406	0.2821	0.3169	
% 1	375	0.2801	0.1114	0.111	0.4975	
% 1	376	0.1707	0.5672	0.1132	0.1489	
% 1	377	0.1786	0.0334	0.4591	0.329	
% 1	378	0.3898	0.0353	0.3014	0.2735	
% 1	379	0.146	0.4821	0.1808	0.1911	
% 1	380	0.1909	0.0323	0.0923	0.6846	
% 1	381	0.3805	0.1462	0.0682	0.4051	
% 1	382	0.0486	0.8676	0.0274	0.0564	
% 1	383	0.2074	0.1911	0.0407	0.5608	
% 1	384	0.2066	0.3873	0.2131	0.1929	
% 1	385	0.4072	0.2935	0.0423	0.257	
% 1	386	0.1757	0.1745	0.1383	0.5115	
% 1	387	0.2777	0.3869	0.0586	0.2768	
% 1	388	0.1428	0.3327	0.3492	0.1752	
% 1	389	0.5268	0.0436	0.072	0.3576	
% 1	390	0.4527	0.0341	0.1647	0.3485	
% 1	391	0.1526	0.4576	0.2474	0.1424	
% 1	392	0.1976	0.3426	0.2217	0.2381	
% 1	393	0.1775	0.0969	0.2928	0.4329	
% 1	394	0.596	0.1191	0.0739	0.211	
% 1	395	0.2508	0.0955	0.2879	0.3658	
% 1	396	0.546	0.0589	0.1102	0.2849	
% 1	397	0.3221	0.3316	0.075	0.2713	
% 1	398	0.0682	0.7191	0.1334	0.0793	
% 1	399	0.2176	0.2605	0.1577	0.3643	
% 1	400	0.303	0.1709	0.1667	0.3594	
% 1	401	0.041	0.8689	0.0573	0.0329	
% 1	402	0.1555	0.0365	0.6085	0.1995	
% 1	403	0.2259	0.1999	0.3714	0.2028	
% 1	404	0.259	0.0375	0.4112	0.2922	
% 1	405	0.1928	0.3606	0.0556	0.391	
% 1	406	0.2837	0.1134	0.3383	0.2646	
% 1	407	0.3251	0.0733	0.0471	0.5545	
% 1	408	0.2542	0.1128	0.3202	0.3127	
% 1	409	0.462	0.0845	0.0473	0.4062	
% 1	410	0.0451	0.8967	0.023	0.0351	
% 1	411	0.181	0.609	0.0836	0.1264	
% 1	412	0.1905	0.1553	0.4244	0.2298	
% 1	413	0.5573	0.0626	0.0445	0.3356	
% 1	414	0.1662	0.3998	0.3082	0.1257	
% 1	415	0.3205	0.0421	0.238	0.3994	
% 1	416	0.2505	0.1038	0.2679	0.3778	
% 1	417	0.4352	0.04	0.186	0.3388	
% 1	418	0.317	0.2099	0.1235	0.3495	
% 1	419	0.3116	0.439	0.0631	0.1863	
% 1	420	0.3887	0.0466	0.3238	0.2408	
% 1	421	0.2615	0.1449	0.3278	0.2658	
% 1	422	0.0341	0.8961	0.0349	0.0349	
% 1	423	0.2841	0.0481	0.0401	0.6276	
% 1	424	0.5045	0.0374	0.0774	0.3808	
% 1	425	0.0316	0.8475	0.0923	0.0286	
% 1	426	0.3139	0.1225	0.0995	0.4641	
% 1	427	0.2738	0.2481	0.1206	0.3574	
% 1	428	0.0252	0.9196	0.0275	0.0276	
% 1	429	0.5754	0.0371	0.1059	0.2816	
% 1	430	0.4549	0.1312	0.0484	0.3655	
% 1	431	0.1081	0.5246	0.145	0.2224	
% 1	432	0.0434	0.8596	0.0495	0.0475	
% 1	433	0.0411	0.886	0.0423	0.0306	
% 1	434	0.3931	0.2643	0.041	0.3016	
% 1	435	0.1452	0.028	0.1839	0.6429	
% 1	436	0.2511	0.0583	0.0399	0.6508	
% 1	437	0.173	0.6572	0.065	0.1048	
% 1	438	0.2916	0.4231	0.0955	0.1899	
% 1	439	0.3771	0.0862	0.0901	0.4466	
% 1	440	0.0641	0.7801	0.0684	0.0874	
% 1	441	0.5149	0.0325	0.1361	0.3165	
% 1	442	0.4468	0.0833	0.0947	0.3752	
% 1	443	0.2375	0.031	0.5976	0.1339	
% 1	444	0.3127	0.1356	0.0552	0.4965	
% 1	445	0.4786	0.1357	0.0659	0.3198	
% 2	446	0.1554	0.0713	0.5734	0.1999	
% 2	447	0.303	0.0741	0.1136	0.5093	
% 2	448	0.2331	0.0858	0.0518	0.6294	
% 2	449	0.1148	0.701	0.0934	0.0908	
% 2	450	0.1104	0.6984	0.1058	0.0854	
% 2	451	0.0476	0.8726	0.0355	0.0443	
% 2	452	0.165	0.3123	0.2805	0.2422	
% 2	453	0.1768	0.0445	0.637	0.1418	
% 2	454	0.0502	0.8653	0.034	0.0505	
% 2	455	0.6038	0.0484	0.0792	0.2686	
% 2	456	0.0521	0.8668	0.0271	0.0539	
% 2	457	0.351	0.0707	0.0821	0.4962	
% 2	458	0.159	0.1892	0.4944	0.1574	
% 2	459	0.3478	0.0296	0.4076	0.215	
% 2	460	0.2399	0.4734	0.1166	0.1701	
% 2	461	0.1493	0.3598	0.2891	0.2018	
% 2	462	0.2106	0.4509	0.1834	0.1552	
% 2	463	0.0831	0.7229	0.0872	0.1068	
% 2	464	0.2372	0.0354	0.0504	0.677	
% 2	465	0.5659	0.0772	0.0773	0.2796	
% 2	466	0.2312	0.2209	0.1229	0.425	
% 2	467	0.4913	0.0576	0.1056	0.3454	
% 2	468	0.612	0.0742	0.0591	0.2546	
% 2	469	0.1046	0.7723	0.0509	0.0721	
% 2	470	0.1728	0.5728	0.1059	0.1485	
% 2	471	0.1741	0.3496	0.2007	0.2757	
% 2	472	0.2933	0.119	0.0966	0.4911	
% 2	473	0.2152	0.0452	0.1166	0.623	
% 2	474	0.1433	0.0546	0.5936	0.2085	
% 2	475	0.0557	0.6917	0.1995	0.0532	
% 2	476	0.2697	0.029	0.4546	0.2466	
% 2	477	0.4966	0.1434	0.1251	0.235	
% 2	478	0.1714	0.0725	0.4794	0.2767	
% 2	479	0.33	0.0324	0.0967	0.541	
% 2	480	0.3035	0.1973	0.1079	0.3913	
% 2	481	0.1797	0.2907	0.2862	0.2435	
% 2	482	0.6227	0.0293	0.1068	0.2412	
% 2	483	0.5317	0.0642	0.0487	0.3553	
% 2	484	0.3527	0.07	0.2616	0.3157	
% 2	485	0.1068	0.6733	0.0665	0.1534	
% 2	486	0.274	0.4703	0.0882	0.1676	
% 2	487	0.1331	0.1419	0.435	0.2901	
% 2	488	0.2431	0.0882	0.1611	0.5075	
% 2	489	0.3257	0.0494	0.2322	0.3927	
% 2	490	0.3867	0.1186	0.1798	0.3149	
% 2	491	0.1215	0.1608	0.608	0.1098	
% 2	492	0.1365	0.0306	0.7542	0.0787	
% 2	493	0.3197	0.1629	0.0792	0.4382	
% 2	494	0.0426	0.886	0.0302	0.0411	
% 2	495	0.1149	0.1948	0.5607	0.1296	
% 2	496	0.326	0.1111	0.3417	0.2211	
% 2	497	0.342	0.134	0.2573	0.2667	
% 2	498	0.1663	0.2726	0.2189	0.3421	
% 2	499	0.4046	0.0715	0.2546	0.2693	
% 2	500	0.4703	0.0374	0.1825	0.3099	
% 2	501	0.154	0.5034	0.1255	0.2171	
% 2	502	0.4984	0.2564	0.0539	0.1913	
% 2	503	0.3644	0.0729	0.043	0.5197	
% 2	504	0.4307	0.3626	0.0492	0.1575	
% 2	505	0.1986	0.2948	0.3568	0.1498	
% 2	506	0.2549	0.09	0.415	0.24	
% 2	507	0.3734	0.1934	0.1069	0.3263	
% 2	508	0.5729	0.1078	0.0988	0.2206	
% 2	509	0.0385	0.8798	0.0449	0.0369	
% 2	510	0.3368	0.0433	0.2048	0.4151	
% 2	511	0.0681	0.1696	0.6811	0.0811	
% 2	512	0.0875	0.7762	0.0338	0.1025	
% 2	513	0.1221	0.2345	0.5174	0.126	
% 2	514	0.1054	0.5941	0.2173	0.0832	
% 2	515	0.3198	0.0963	0.1723	0.4116	
% 2	516	0.2019	0.2533	0.1698	0.375	
% 2	517	0.1408	0.3098	0.3384	0.211	
% 2	518	0.4192	0.0666	0.1135	0.4007	
% 2	519	0.0656	0.0841	0.75	0.1003	
% 2	520	0.0896	0.2543	0.4759	0.1801	
% 2	521	0.1701	0.2307	0.3709	0.2283	
% 2	522	0.4519	0.1578	0.0619	0.3285	
% 2	523	0.5118	0.0645	0.1333	0.2904	
% 2	524	0.5454	0.054	0.0583	0.3423	
% 2	525	0.3055	0.1985	0.3634	0.1325	
% 2	526	0.3165	0.1149	0.3837	0.1849	
% 2	527	0.1969	0.0501	0.3864	0.3666	
% 2	528	0.3474	0.0548	0.1103	0.4876	
% 2	529	0.2158	0.0459	0.136	0.6023	
% 2	530	0.699	0.041	0.0512	0.2087	
% 2	531	0.2342	0.0574	0.0469	0.6616	
% 2	532	0.5768	0.0356	0.0828	0.3047	
% 2	533	0.1444	0.0265	0.2439	0.5852	
% 2	534	0.3791	0.0869	0.1011	0.4329	
% 2	535	0.2106	0.0756	0.4673	0.2465	
% 2	536	0.0615	0.0452	0.7803	0.113	
% 2	537	0.2217	0.044	0.4818	0.2526	
% 2	538	0.2263	0.0581	0.0499	0.6658	
% 2	539	0.4985	0.0805	0.1121	0.3089	
% 2	540	0.2449	0.0727	0.1905	0.4919	
% 2	541	0.1772	0.0756	0.1902	0.5569	
% 2	542	0.1681	0.2116	0.1797	0.4405	
% 2	543	0.2229	0.2718	0.1014	0.4039	
% 2	544	0.2022	0.0594	0.2607	0.4777	
% 2	545	0.2582	0.6198	0.03	0.092	
% 2	546	0.2815	0.0246	0.0771	0.6168	
% 2	547	0.4335	0.1535	0.0395	0.3734	
% 2	548	0.2076	0.2142	0.2423	0.3359	
% 2	549	0.2799	0.0619	0.0825	0.5757	
% 2	550	0.0654	0.7956	0.0659	0.0731	
% 2	551	0.1179	0.0798	0.6505	0.1518	
% 2	552	0.3226	0.1321	0.1086	0.4367	
% 2	553	0.2868	0.0998	0.186	0.4274	
% 2	554	0.229	0.047	0.1545	0.5696	
% 2	555	0.2632	0.0516	0.2826	0.4025	
% 2	556	0.0438	0.0904	0.7643	0.1015	
% 2	557	0.1574	0.5685	0.108	0.1661	
% 2	558	0.0566	0.1759	0.6964	0.0711	
% 2	559	0.6979	0.0356	0.0777	0.1887	
% 2	560	0.3141	0.1445	0.3071	0.2344	
% 2	561	0.6809	0.0372	0.0547	0.2271	
% 2	562	0.1359	0.0651	0.4176	0.3814	
% 2	563	0.2196	0.0955	0.2528	0.4321	
% 2	564	0.0901	0.3226	0.428	0.1593	
% 2	565	0.3712	0.1321	0.2025	0.2942	
% 2	566	0.5872	0.0901	0.0846	0.238	
% 2	567	0.6478	0.0384	0.1007	0.2132	
% 2	568	0.0974	0.1562	0.3738	0.3726	
% 2	569	0.4404	0.0693	0.1514	0.339	
% 2	570	0.5102	0.0941	0.0566	0.339	
% 2	571	0.4033	0.0314	0.044	0.5213	
% 2	572	0.2637	0.0699	0.5261	0.1404	
% 2	573	0.1978	0.4904	0.1885	0.1233	
% 2	574	0.1709	0.2433	0.1734	0.4124	
% 2	575	0.1455	0.0405	0.4979	0.3161	
% 2	576	0.2475	0.0889	0.2444	0.4192	
% 2	577	0.0488	0.8624	0.03	0.0589	
% 2	578	0.4366	0.0489	0.0643	0.4502	
% 2	579	0.0674	0.7791	0.0983	0.0553	
% 2	580	0.3471	0.0253	0.3347	0.293	
% 2	581	0.5259	0.0843	0.1045	0.2853	
% 2	582	0.2791	0.0417	0.286	0.3932	
% 2	583	0.1694	0.0471	0.4965	0.2869	
% 2	584	0.313	0.1014	0.291	0.2947	
% 2	585	0.3329	0.1089	0.1236	0.4346	
% 2	586	0.2889	0.0253	0.123	0.5629	
% 2	587	0.0278	0.916	0.0238	0.0325	
% 2	588	0.1368	0.2547	0.5225	0.086	
% 2	589	0.2293	0.0965	0.2038	0.4705	
% 2	590	0.2521	0.0145	0.0425	0.6909	
% 2	591	0.3437	0.0806	0.1772	0.3984	
% 2	592	0.2997	0.086	0.1055	0.5088	
% 2	593	0.2241	0.1585	0.4107	0.2067	
% 2	594	0.3734	0.0567	0.1301	0.4398	
% 2	595	0.1414	0.1134	0.5303	0.215	
% 2	596	0.3651	0.1302	0.177	0.3277	
% 2	597	0.2339	0.0944	0.2545	0.4173	
% 2	598	0.47	0.0955	0.0875	0.3471	
% 2	599	0.3324	0.0825	0.1011	0.484	
% 2	600	0.1394	0.0555	0.5407	0.2644	
% 2	601	0.3349	0.0514	0.2954	0.3184	
% 2	602	0.6412	0.1079	0.0856	0.1653	
% 2	603	0.2415	0.0449	0.4564	0.2572	
% 2	604	0.3047	0.0704	0.2439	0.381	
% 2	605	0.1226	0.0386	0.7575	0.0813	
% 2	606	0.162	0.0905	0.3943	0.3532	
% 2	607	0.5755	0.0761	0.0838	0.2646	
% 2	608	0.5031	0.0345	0.0487	0.4137	
% 2	609	0.148	0.071	0.6787	0.1023	
% 2	610	0.0412	0.8227	0.0944	0.0416	
% 2	611	0.1565	0.3183	0.3142	0.211	
% 2	612	0.3059	0.0645	0.2138	0.4159	
% 2	613	0.1823	0.1179	0.2654	0.4344	
% 2	614	0.2702	0.1658	0.0465	0.5175	
% 2	615	0.2186	0.0272	0.2991	0.4551	
% 2	616	0.3321	0.1689	0.3193	0.1797	
% 2	617	0.3025	0.0611	0.2745	0.3619	
% 2	618	0.305	0.1459	0.0532	0.4959	
% 2	619	0.155	0.0465	0.4784	0.3201	
% 2	620	0.1416	0.1934	0.5259	0.1391	
% 2	621	0.3496	0.119	0.316	0.2154	
% 2	622	0.165	0.0786	0.5889	0.1674	
% 2	623	0.3434	0.0949	0.1013	0.4604	
% 2	624	0.1835	0.072	0.1224	0.6221	
% 2	625	0.2176	0.1428	0.061	0.5786	
% 2	626	0.2254	0.0549	0.1821	0.5376	
% 2	627	0.1705	0.191	0.3522	0.2863	
% 2	628	0.0222	0.9356	0.0222	0.0199	
% 2	629	0.1134	0.167	0.5633	0.1564	
% 2	630	0.1591	0.0385	0.6576	0.1448	
% 2	631	0.279	0.0472	0.082	0.5917	
% 2	632	0.0605	0.0358	0.8457	0.058	
% 2	633	0.3054	0.0548	0.1693	0.4706	
% 2	634	0.0706	0.3933	0.4274	0.1087	
% 2	635	0.4294	0.0279	0.3612	0.1815	
% 2	636	0.1437	0.5483	0.1906	0.1174	
% 2	637	0.1592	0.1271	0.3112	0.4024	
% 2	638	0.5785	0.0582	0.2159	0.1474	
% 2	639	0.1935	0.1328	0.1468	0.5269	
% 2	640	0.1514	0.4104	0.0967	0.3415	
% 2	641	0.1399	0.3438	0.3992	0.1172	
% 2	642	0.2315	0.1435	0.1467	0.4783	
% 2	643	0.3917	0.0619	0.3595	0.1869	
% 2	644	0.3357	0.0246	0.0863	0.5534	
% 2	645	0.3913	0.1286	0.1326	0.3474	
% 2	646	0.4072	0.0382	0.2971	0.2575	
% 2	647	0.3628	0.0415	0.0634	0.5323	
% 2	648	0.1527	0.1048	0.4778	0.2647	
% 2	649	0.5799	0.0569	0.1393	0.224	
% 2	650	0.3604	0.0251	0.1638	0.4506	
% 2	651	0.0443	0.862	0.0579	0.0359	
% 2	652	0.2473	0.1689	0.2981	0.2857	
% 2	653	0.2841	0.0944	0.4165	0.205	
% 2	654	0.3684	0.1262	0.086	0.4194	
% 2	655	0.3387	0.3068	0.1373	0.2173	
% 2	656	0.2809	0.0373	0.1183	0.5635	
% 2	657	0.2899	0.0634	0.3789	0.2679	
% 2	658	0.4508	0.0698	0.1853	0.2941	
% 2	659	0.3391	0.0201	0.3678	0.273	
% 2	660	0.3871	0.1584	0.1654	0.2891	
% 2	661	0.2131	0.0302	0.4483	0.3084	
% 2	662	0.1168	0.0993	0.4781	0.3058	
% 2	663	0.2607	0.3145	0.2468	0.178	
% 2	664	0.2468	0.0569	0.4344	0.262	
% 2	665	0.152	0.1217	0.5131	0.2132	
% 2	666	0.076	0.8101	0.0466	0.0673	
% 2	667	0.2356	0.388	0.2475	0.1289	
% 2	668	0.3266	0.2798	0.0985	0.2951	
% 2	669	0.5284	0.145	0.0785	0.2481	
% 2	670	0.6541	0.0499	0.0365	0.2596	
% 2	671	0.0454	0.0371	0.8457	0.0719	
% 2	672	0.1557	0.0315	0.6361	0.1768	
% 2	673	0.3803	0.0346	0.4057	0.1794	
% 2	674	0.3262	0.1361	0.2919	0.2458	
% 2	675	0.2796	0.0559	0.3048	0.3598	
% 2	676	0.2193	0.0661	0.3209	0.3936	
% 2	677	0.4153	0.2873	0.1049	0.1925	
% 2	678	0.229	0.0442	0.5827	0.1441	
% 2	679	0.4573	0.2352	0.0432	0.2642	
% 2	680	0.122	0.0632	0.5542	0.2606	
% 2	681	0.2671	0.3496	0.2743	0.109	
% 2	682	0.1539	0.4134	0.19	0.2427	
% 2	683	0.3412	0.0926	0.0515	0.5147	
% 2	684	0.2608	0.0445	0.1236	0.5711	
% 2	685	0.7084	0.0547	0.0679	0.169	
% 2	686	0.7243	0.0314	0.0826	0.1616	
% 2	687	0.4476	0.0523	0.1664	0.3337	
% 2	688	0.141	0.3153	0.3041	0.2396	
% 2	689	0.1464	0.5679	0.1597	0.126	
% 2	690	0.0809	0.1323	0.6602	0.1267	
% 2	691	0.414	0.2614	0.2257	0.0989	
% 2	692	0.4645	0.2907	0.083	0.1618	
% 2	693	0.3066	0.0401	0.3845	0.2688	
% 2	694	0.1579	0.0284	0.7186	0.095	
% 2	695	0.4045	0.361	0.0933	0.1412	
% 2	696	0.8233	0.0256	0.0276	0.1234	
% 2	697	0.1753	0.0941	0.5424	0.1882	
% 2	698	0.2642	0.023	0.4212	0.2917	
% 2	699	0.0856	0.1231	0.663	0.1283	
% 2	700	0.2459	0.1207	0.0557	0.5776	
% 2	701	0.3327	0.0914	0.3955	0.1805	
% 2	702	0.294	0.3658	0.2508	0.0894	
% 2	703	0.5296	0.2282	0.038	0.2042	
% 2	704	0.2089	0.5722	0.1098	0.1091	
% 2	705	0.2012	0.043	0.2328	0.523	
% 2	706	0.2852	0.3849	0.1984	0.1314	
% 2	707	0.0608	0.0444	0.8306	0.0643	
% 2	708	0.1642	0.1946	0.2809	0.3603	
% 2	709	0.2479	0.4255	0.1799	0.1467	
% 2	710	0.2762	0.093	0.2292	0.4016	
% 2	711	0.2803	0.2569	0.0615	0.4013	
% 2	712	0.3755	0.0702	0.1624	0.3919	
% 2	713	0.6427	0.1082	0.1119	0.1372	
% 2	714	0.1853	0.0828	0.0625	0.6695	
% 2	715	0.3877	0.1452	0.0701	0.397	
% 2	716	0.1824	0.5561	0.1187	0.1428	
% 2	717	0.2072	0.1029	0.5739	0.116	
% 2	718	0.1556	0.0576	0.6193	0.1675	
% 2	719	0.1391	0.0232	0.7322	0.1055	
% 2	720	0.2762	0.0815	0.0783	0.564	
% 2	721	0.2293	0.0649	0.4581	0.2477	
% 2	722	0.5092	0.0641	0.2359	0.1908	
% 2	723	0.1554	0.0577	0.6067	0.1802	
% 2	724	0.2826	0.4866	0.0616	0.1692	
% 2	725	0.1668	0.0675	0.2324	0.5333	
% 2	726	0.2866	0.0585	0.2772	0.3776	
% 2	727	0.0685	0.0761	0.7977	0.0577	
% 2	728	0.1607	0.27	0.3554	0.2139	
% 2	729	0.1811	0.069	0.3109	0.439	
% 2	730	0.4475	0.1625	0.1283	0.2617	
% 2	731	0.1005	0.705	0.0992	0.0952	
% 2	732	0.0664	0.2679	0.5784	0.0873	
% 2	733	0.5087	0.0436	0.0978	0.3499	
% 2	734	0.2268	0.0468	0.0856	0.6408	
% 2	735	0.2116	0.039	0.3551	0.3943	
% 2	736	0.4924	0.1617	0.0645	0.2814	
% 2	737	0.604	0.1103	0.0867	0.199	
% 2	738	0.2348	0.2884	0.1603	0.3165	
% 2	739	0.1519	0.1344	0.3727	0.341	
% 2	740	0.1865	0.018	0.3397	0.4558	
% 2	741	0.5121	0.2616	0.076	0.1504	
% 2	742	0.34	0.1142	0.2765	0.2694	
% 2	743	0.7066	0.0576	0.0409	0.1949	
% 2	744	0.1865	0.0304	0.1199	0.6633	
% 2	745	0.4162	0.0479	0.1046	0.4313	
% 2	746	0.2128	0.5206	0.0673	0.1993	
% 2	747	0.037	0.8998	0.0209	0.0424	
% 2	748	0.7324	0.1131	0.0346	0.1199	
% 2	749	0.1363	0.295	0.4777	0.091	
% 2	750	0.2884	0.0996	0.1389	0.4731	
% 2	751	0.3534	0.354	0.0394	0.2532	
% 2	752	0.6047	0.0251	0.166	0.2042	
% 2	753	0.774	0.0246	0.0286	0.1727	
% 2	754	0.4563	0.0571	0.1493	0.3373	
% 2	755	0.0481	0.0364	0.8746	0.0409	
% 2	756	0.5011	0.1909	0.0568	0.2512	
% 2	757	0.2779	0.0778	0.4527	0.1917	
% 2	758	0.1845	0.1695	0.146	0.5001	
% 2	759	0.4291	0.1187	0.2137	0.2385	
% 2	760	0.231	0.3877	0.1479	0.2335	
% 2	761	0.6429	0.0185	0.0435	0.2951	
% 2	762	0.5189	0.0375	0.0588	0.3849	
% 2	763	0.3961	0.2468	0.1255	0.2316	
% 4	764	0.3198	0.0703	0.1638	0.4461	
% 2	765	0.6254	0.0934	0.106	0.1752	
% 4	766	0.4199	0.03	0.1183	0.4318	
% 4	767	0.7491	0.0235	0.0419	0.1855	
% 4	768	0.683	0.0782	0.0487	0.1901	
% 2	769	0.4283	0.052	0.2735	0.2462	
% 4	770	0.5899	0.0562	0.1007	0.2531	
% 3	771	0.2258	0.0514	0.5654	0.1574	
% 2	772	0.6563	0.0494	0.0837	0.2106	
% 3	773	0.0933	0.1864	0.5514	0.1689	
% 3	774	0.059	0.0469	0.8155	0.0786	
% 3	775	0.031	0.0243	0.9027	0.042	
% 3	776	0.039	0.0817	0.8342	0.0451	
% 3	777	0.0396	0.03	0.88	0.0504	
% 4	778	0.3009	0.1602	0.0382	0.5006	
% 2	779	0.3988	0.1187	0.1924	0.2901	
% 4	780	0.4282	0.0774	0.1462	0.3482	
% 4	781	0.6935	0.0423	0.063	0.2013	
% 4	782	0.1771	0.0932	0.1326	0.5971	
% 4	783	0.5303	0.1628	0.0503	0.2566	
% 2	784	0.1397	0.5529	0.1708	0.1367	
% 4	785	0.7271	0.0622	0.0436	0.1671	
% 3	786	0.1605	0.3498	0.274	0.2157	
% 3	787	0.0371	0.0394	0.8904	0.033	
% 3	788	0.0542	0.0215	0.8119	0.1124	
% 3	789	0.2212	0.0804	0.5812	0.1173	
% 3	790	0.0909	0.0523	0.7677	0.0891	
% 3	791	0.1556	0.0525	0.4769	0.315	
% 4	792	0.4318	0.0385	0.1766	0.3531	
% 4	793	0.3328	0.0728	0.1098	0.4847	
% 4	794	0.5398	0.0233	0.2528	0.1841	
% 4	795	0.3722	0.1871	0.0779	0.3629	
% 4	796	0.4121	0.0789	0.1852	0.3238	
% 2	797	0.2151	0.3647	0.1436	0.2766	
% 4	798	0.2879	0.1949	0.2269	0.2904	
% 3	799	0.1254	0.1223	0.638	0.1143	
% 2	800	0.1285	0.1093	0.5829	0.1793	
% 3	801	0.2372	0.0411	0.4988	0.2228	
% 3	802	0.034	0.1391	0.7959	0.031	
% 3	803	0.0596	0.0334	0.8453	0.0616	
% 3	804	0.0396	0.0276	0.8951	0.0376	
% 4	805	0.1748	0.074	0.1109	0.6403	
% 4	806	0.6399	0.0299	0.076	0.2543	
% 4	807	0.1379	0.0793	0.1525	0.6304	
% 4	808	0.2934	0.08	0.0661	0.5605	
% 2	809	0.1722	0.0951	0.548	0.1847	
% 4	810	0.5371	0.0671	0.1048	0.291	
% 2	811	0.1694	0.0835	0.1665	0.5806	
% 3	812	0.2668	0.0554	0.4075	0.2704	
% 3	813	0.0818	0.0179	0.7972	0.1031	
% 3	814	0.0568	0.1654	0.6192	0.1585	
% 3	815	0.0393	0.0574	0.8269	0.0765	
% 3	816	0.0612	0.0537	0.8121	0.0729	
% 4	817	0.3828	0.0804	0.117	0.4199	
% 2	818	0.262	0.4205	0.11	0.2075	
% 4	819	0.4203	0.0509	0.2049	0.3239	
% 4	820	0.452	0.0505	0.13	0.3675	
% 4	821	0.4407	0.149	0.0704	0.34	
% 4	822	0.5631	0.0606	0.0634	0.3129	
% 2	823	0.5872	0.1107	0.0604	0.2417	
% 4	824	0.5826	0.0671	0.081	0.2693	
% 2	825	0.0878	0.8017	0.0318	0.0788	
% 3	826	0.0491	0.0207	0.8953	0.0349	
% 2	827	0.0505	0.8226	0.0759	0.051	
% 3	828	0.1668	0.0603	0.5786	0.1943	
% 3	829	0.0734	0.0749	0.7526	0.0991	
% 3	830	0.0635	0.0926	0.7724	0.0715	
% 3	831	0.0445	0.0211	0.8934	0.041	
% 4	832	0.2596	0.0941	0.3514	0.2949	
% 2	833	0.6115	0.0339	0.2059	0.1488	
% 4	834	0.2601	0.039	0.0591	0.6418	
% 4	835	0.4821	0.0956	0.2005	0.2218	
% 4	836	0.4038	0.0395	0.0624	0.4944	
% 4	837	0.2441	0.1231	0.212	0.4207	
% 2	838	0.3097	0.2072	0.1508	0.3323	
% 2	839	0.213	0.1545	0.2502	0.3823	
% 3	840	0.1081	0.1033	0.6788	0.1098	
% 3	841	0.0452	0.0621	0.8555	0.0371	
% 3	842	0.055	0.0125	0.8874	0.0451	
% 3	843	0.0499	0.0225	0.8903	0.0374	
% 3	844	0.0436	0.0241	0.8884	0.0439	
% 2	845	0.6863	0.0362	0.0786	0.1988	
% 4	846	0.2529	0.047	0.0532	0.6469	
% 4	847	0.4529	0.1329	0.1329	0.2813	
% 4	848	0.1651	0.0951	0.3678	0.372	
% 4	849	0.6738	0.0703	0.0721	0.1838	
% 3	850	0.1119	0.1561	0.6023	0.1297	
% 3	851	0.116	0.0355	0.8005	0.048	
% 3	852	0.0537	0.0236	0.8698	0.0529	
% 3	853	0.1026	0.0439	0.804	0.0495	
% 3	854	0.0406	0.0154	0.8987	0.0453	
% 2	855	0.0843	0.4847	0.2978	0.1332	
% 4	856	0.334	0.0324	0.0783	0.5553	
% 4	857	0.2404	0.052	0.206	0.5016	
% 4	858	0.2889	0.0645	0.1553	0.4913	
% 2	859	0.2713	0.1946	0.3804	0.1537	
% 2	860	0.2825	0.0505	0.1506	0.5164	
% 3	861	0.1172	0.0467	0.6078	0.2282	
% 3	862	0.0346	0.0515	0.8684	0.0455	
% 3	863	0.0366	0.0139	0.9068	0.0427	
% 3	864	0.279	0.0245	0.5858	0.1106	
% 3	865	0.1135	0.0314	0.788	0.0671	
% 2	866	0.1464	0.6273	0.103	0.1233	
% 2	867	0.3286	0.3852	0.1022	0.1839	
% 2	868	0.1051	0.0693	0.7437	0.0818	
% 2	869	0.0304	0.867	0.0545	0.0481	
% 2	870	0.0985	0.0454	0.6692	0.1869	
% 2	871	0.5444	0.1439	0.0677	0.244	
% 2	872	0.1035	0.0776	0.5954	0.2235	
% 2	873	0.3923	0.1451	0.0569	0.4057	
% 2	874	0.0389	0.8792	0.0497	0.0322	
% 2	875	0.0587	0.6587	0.2155	0.0671	
% 2	876	0.083	0.8023	0.0317	0.083	
% 2	877	0.5731	0.0648	0.0695	0.2926	
% 2	878	0.4115	0.0757	0.2209	0.2919	
% 2	879	0.3463	0.0453	0.154	0.4544	
% 2	880	0.4814	0.1114	0.0737	0.3335	
% 2	881	0.1266	0.4738	0.2091	0.1905	
% 2	882	0.1422	0.4626	0.194	0.2012	
% 2	883	0.231	0.1673	0.2442	0.3575	
% 2	884	0.0984	0.4847	0.3557	0.0613	
% 2	885	0.5533	0.0468	0.2084	0.1915	
% 2	886	0.0416	0.8834	0.0404	0.0346	
% 2	887	0.5781	0.0407	0.0569	0.3242	
% 2	888	0.7295	0.0492	0.0227	0.1985	
% 2	889	0.2527	0.2465	0.1136	0.3872	
% 2	890	0.4292	0.0899	0.1763	0.3047	
% 2	891	0.2229	0.1106	0.5635	0.103	
% 2	892	0.4582	0.1552	0.1839	0.2027	
% 2	893	0.2212	0.2114	0.0784	0.489	
% 2	894	0.4144	0.0238	0.1059	0.456	
% 2	895	0.1589	0.0354	0.6674	0.1384	
% 2	896	0.3461	0.0531	0.3158	0.285	
% 2	897	0.05	0.8692	0.031	0.0498	
% 2	898	0.1441	0.0456	0.1776	0.6326	
% 2	899	0.3134	0.1167	0.2597	0.3102	
% 2	900	0.1328	0.0306	0.7338	0.1027	
% 2	901	0.5758	0.1885	0.067	0.1687	
% 2	902	0.205	0.4378	0.1381	0.2192	
% 2	903	0.0988	0.5096	0.28	0.1116	
% 2	904	0.6584	0.0434	0.0616	0.2366	
% 2	905	0.3817	0.1191	0.0401	0.459	
% 2	906	0.3629	0.0382	0.1549	0.444	
% 2	907	0.1896	0.049	0.5585	0.2029	
% 2	908	0.3197	0.3854	0.0489	0.246	
% 2	909	0.0275	0.9245	0.022	0.026	
% 2	910	0.5686	0.0284	0.1266	0.2764	
% 2	911	0.0535	0.037	0.8463	0.0631	
% 2	912	0.057	0.0504	0.8258	0.0669	
% 2	913	0.0421	0.8584	0.0551	0.0444	
% 2	914	0.3966	0.1006	0.2343	0.2685	
% 2	915	0.2485	0.1368	0.1571	0.4576	
% 2	916	0.1283	0.1035	0.6825	0.0858	
% 2	917	0.0754	0.5728	0.202	0.1499	
% 2	918	0.1988	0.468	0.0395	0.2937	
% 2	919	0.0515	0.8546	0.0387	0.0552	
% 2	920	0.1225	0.0805	0.5442	0.2528	
% 2	921	0.0606	0.0349	0.8281	0.0764	
% 2	922	0.3825	0.037	0.0956	0.4848	
% 2	923	0.6415	0.0783	0.044	0.2362	
% 2	924	0.5839	0.0546	0.052	0.3094	
% 2	925	0.2738	0.3659	0.1106	0.2497	
% 2	926	0.0614	0.8478	0.0407	0.0501	
% 2	927	0.382	0.3239	0.0372	0.2569	
% 2	928	0.0464	0.8502	0.0593	0.0441	
% 2	929	0.0359	0.8859	0.0345	0.0437	
% 2	930	0.4438	0.1158	0.194	0.2464	
% 2	931	0.052	0.8024	0.0787	0.0669	
% 2	932	0.0312	0.8584	0.0754	0.035	
% 2	933	0.3779	0.0605	0.1952	0.3664	
% 2	934	0.0544	0.1334	0.7217	0.0905	
% 2	935	0.1596	0.0942	0.069	0.6772	
% 2	936	0.0407	0.8168	0.094	0.0485	
% 2	937	0.0379	0.1905	0.7251	0.0465	
% 2	938	0.2128	0.1719	0.0924	0.5228	
% 2	939	0.0446	0.8629	0.0347	0.0577	
% 2	940	0.2633	0.2388	0.0906	0.4073	
% 2	941	0.2112	0.5469	0.0618	0.1801	
% 2	942	0.0626	0.7808	0.066	0.0906	
% 2	943	0.5194	0.0178	0.0847	0.3782	
% 2	944	0.052	0.8451	0.0404	0.0625	
% 2	945	0.1584	0.1917	0.4526	0.1974	
% 2	946	0.3427	0.0426	0.19	0.4247	
% 2	947	0.1416	0.4878	0.1414	0.2292	
% 2	948	0.6934	0.0385	0.0634	0.2047	
% 2	949	0.0398	0.809	0.1092	0.0421	
% 2	950	0.2358	0.0571	0.2529	0.4542	
% 2	951	0.5057	0.0337	0.1491	0.3114	
% 2	952	0.5921	0.0574	0.1172	0.2332	
% 2	953	0.1441	0.2608	0.3098	0.2853	
% 2	954	0.0735	0.6257	0.1785	0.1223	
% 2	955	0.3214	0.3484	0.1193	0.2108	
% 2	956	0.0644	0.0615	0.7998	0.0743	
% 2	957	0.4539	0.0381	0.2057	0.3023	
% 2	958	0.3543	0.1147	0.0807	0.4502	
% 2	959	0.1081	0.5091	0.1722	0.2106	
% 2	960	0.0471	0.8585	0.0393	0.0551	
% 2	961	0.0299	0.9154	0.0276	0.0271	
% 2	962	0.2106	0.4369	0.1432	0.2093	
% 2	963	0.3295	0.125	0.2724	0.273	
% 2	964	0.3815	0.1189	0.253	0.2467	
% 2	965	0.168	0.0561	0.101	0.675	
% 2	966	0.0371	0.8934	0.0235	0.046	
% 2	967	0.1833	0.0489	0.613	0.1549	
% 2	968	0.5606	0.0578	0.1264	0.2552	
% 2	969	0.3143	0.0938	0.1876	0.4044	
% 2	970	0.1146	0.4253	0.303	0.157	
% 2	971	0.1245	0.5604	0.2081	0.1071	
% 2	972	0.1114	0.4978	0.2163	0.1745	
% 2	973	0.5288	0.0686	0.1004	0.3022	
% 2	974	0.1824	0.1451	0.1509	0.5217	
% 2	975	0.1822	0.0343	0.0509	0.7326	
% 2	976	0.1832	0.0666	0.6156	0.1345	
% 2	977	0.1093	0.7502	0.0638	0.0768	
% 2	978	0.0241	0.9315	0.0192	0.0251	
% 2	979	0.0379	0.8732	0.0492	0.0397	
% 2	980	0.1077	0.2094	0.3905	0.2924	
% 2	981	0.0376	0.8632	0.0594	0.0398	
% 2	982	0.0846	0.7644	0.0784	0.0726	
% 2	983	0.039	0.0567	0.8497	0.0546	
% 2	984	0.5795	0.2561	0.0305	0.1339	
% 2	985	0.2209	0.0481	0.5675	0.1635	
% 2	986	0.3522	0.0538	0.1779	0.4162	
% 2	987	0.1411	0.0576	0.6246	0.1766	
% 2	988	0.051	0.825	0.0726	0.0514	
% 2	989	0.0402	0.1144	0.7909	0.0545	
% 2	990	0.1	0.0883	0.4984	0.3133	
% 2	991	0.0436	0.8756	0.0315	0.0492	
% 2	992	0.5726	0.066	0.075	0.2864	
% 2	993	0.1359	0.1599	0.5371	0.1672	
% 2	994	0.0841	0.12	0.6374	0.1585	
% 2	995	0.1654	0.4423	0.0709	0.3215	
% 2	996	0.1806	0.2856	0.1443	0.3895	
% 2	997	0.0229	0.9285	0.0234	0.0253	
% 2	998	0.174	0.3075	0.3082	0.2103	
% 2	999	0.0645	0.7666	0.0755	0.0934	
% 2	1000	0.2453	0.0891	0.194	0.4716	


% PARAMETERS
72 500 translate 
1 1 scale
0 rotate
/setrim {3 setlinewidth} def 
/setsep {0.3 setlinewidth} def 
/setind {0.3 setlinewidth} def 
/fh {6} def    	% Font height 
/da {5} def    	% Distance above box at which to print names 
/db {-7} def    	% Distance below box at which to print names 
/bh {50} def    	% Height of the box 
/wi {0.468} def    	% Width of an individual 
/aato {60} def  	% Angle at which to print text atop box 
/abel {60} def  	% Angle at which to print text below box 
/tot {1000} def   	% Total number of individuals 
/Helvetica-Bold findfont fh scalefont setfont 

% ABBREVIATED COMMANDS
/M {moveto} def
/R {rmoveto} def
/L {lineto} def
/V {rlineto} def
/Cfs {closepath fill stroke} def
/rotshow {
  dup dup stringwidth pop abel cos mul neg exch 
  stringwidth pop abel sin mul neg R
  gsave abel rotate show grestore
} def
/bhm {bh mul} def 	% Multiply by height of the box 
/nwi {wi neg} def   	% Negative width of an individual 
/wm {wi mul} def 	% Multiply by width of an individual 
/ru {bhm M wi 0 V 0} def   	% Right-upwards box motion 
/ld {bhm V nwi 0 V Cfs} def	% Left-downwards box closure motion
/bbm {-.3 add 2 div add wm fh 2 div add db M} def       	% Below-box motion
/abm {-.3 add 2 div add wm fh 2 div add bh da add M} def	% Above-box motion
/sc {setrgbcolor} def

% COLORS
/c0 {0.0 0.0 0.0 sc} def    % black 
/c1 {2.1 0.6 0.3 sc} def    % orange 
/c2 {0 0.6 0.9 sc} def      % blue   
/c3 {.9 2.1 0 sc} def       % yellow 
/c4 {1.5 0.6 0.9 sc} def    % pink   
/c5 {.2 .6 .2 sc} def       % green  
/c6 {.5 0 .5 sc} def        % purple 
/c7 {1.2 0.0 0.3 sc} def    % red     
/c8 {0 1 0 sc} def          % light_green 
/c9 {0 0 1 sc} def          % dark_blue 
/c10 {1.2 0 1.8 sc} def     % light_purple 
/c11 {1.5 0.9 0.6 sc} def   % light_yellow 
/c12 {0.7 0.3 0.0 sc} def   % brown 
/c13 {0 1.2 1.8 sc} def     % light_blue 
/c14 {0.5 0.5 0.0 sc} def   % olive_green 
/c15 {1.8 0.6 0.6 sc} def   % peach 
/c16 {0 0.5 0.5 sc} def     % sea_green 
/c17 {.6 .75 .15 sc} def    % yellow_green 
/c18 {0.45 .15 .9 sc} def   % blue_purple  
/c19 {0.15 0.75 0.6 sc} def % blue_green 
/c20 {0.5 setgray} def      % gray 
/c21 {0.05 0.4 0.05 sc} def % dark_green 
/c22 {0.75 setgray} def     % light_gray 
/c23 {1 0 0 sc} def         % red2 
/c24 {0.6 0.9 1.5 sc} def   % light_blue2 
/c25 {1 0.6 0.4 sc} def     % light_orange 
/c26 {0.25 setgray} def     % dark_gray 
/c27 {1.2 0.9 0.9 sc} def   % light_pink 
/c28 {.6 .2 .2 sc} def      % dark_brown 
/c29 {1.6 0.4 0 sc} def     % dark_orange 
/c30 {0.2 0 0.3 sc} def     % dark_purple 
/c31 {1 setgray} def        % white 
/c32 {2.7 .3 0 sc} def      % color32 
/c33 {2.4 .6 0 sc} def      % color33 
/c34 {2.1 .3 .6 sc} def     % color34 
/c35 {1.5 .6 .9 sc} def     % color35 
/c36 {1.2 1.2 .6 sc} def    % color36 
