%!PS-Adobe-3.0 EPSF-3.0 
% Graphical display of results from structure
% distruct by Noah Rosenberg, version 1.0 Nov 2002 
%                             version 1.1 Jun 2007 
% Command line arguments: distruct/distruct1.1 -K 6 -M 4 -N 1000 -p 1620340426/pop -i 1620340426/ind -o 1620340426/out.ps -b 1620340426/labels -c 1620340426/perm -d 1620340426/drawparams 
gsave

% Population Q values from the file: 1620340426/pop
% 6 clusters, 4 populations, 0 individuals
% Pop. code, number of individuals, membership coefficients
% 1	275	0.17	0.181	0.135	0.165	0.166	0.182	
% 2	643	0.17	0.164	0.153	0.169	0.17	0.174	
% 3	42	0.059	0.084	0.662	0.102	0.057	0.037	
% 4	40	0.238	0.179	0.06	0.22	0.264	0.04	


% Individual Q values from the file: 1620340426/ind
% Population code, individual label, membership coefficients
% 1	1	0.0873	0.0123	0.194	0.2238	0.1797	0.3028	
% 1	2	0.0404	0.0519	0.1042	0.1484	0.4521	0.2029	
% 1	3	0.0655	0.0482	0.1153	0.2779	0.327	0.1662	
% 1	4	0.3549	0.0186	0.0918	0.1799	0.146	0.2087	
% 1	5	0.0105	0.9444	0.0095	0.0115	0.0112	0.0129	
% 1	6	0.0792	0.1279	0.0379	0.35	0.1344	0.2705	
% 1	7	0.2846	0.1481	0.1068	0.1456	0.0978	0.217	
% 1	8	0.2282	0.0129	0.1223	0.0902	0.4052	0.1412	
% 1	9	0.0643	0.2002	0.1158	0.1971	0.171	0.2517	
% 1	10	0.0582	0.4239	0.1085	0.0897	0.1698	0.1498	
% 1	11	0.3951	0.0428	0.1212	0.2234	0.0488	0.1686	
% 1	12	0.0911	0.0751	0.0392	0.5288	0.0913	0.1745	
% 1	13	0.4396	0.0206	0.1048	0.0629	0.2674	0.1046	
% 1	14	0.2529	0.4274	0.0251	0.1137	0.0783	0.1027	
% 1	15	0.3731	0.3885	0.0283	0.0655	0.0517	0.0929	
% 1	16	0.3088	0.0682	0.1151	0.1736	0.1207	0.2135	
% 1	17	0.1598	0.0557	0.0144	0.1801	0.408	0.182	
% 1	18	0.1619	0.0173	0.1691	0.0919	0.3666	0.1932	
% 1	19	0.3185	0.0359	0.0983	0.0667	0.2993	0.1814	
% 1	20	0.1392	0.2121	0.0229	0.2856	0.0994	0.2408	
% 1	21	0.1538	0.1857	0.0848	0.1328	0.2781	0.1649	
% 1	22	0.1352	0.0565	0.2147	0.2186	0.2065	0.1685	
% 1	23	0.0715	0.2061	0.0782	0.1136	0.3393	0.1912	
% 1	24	0.0357	0.0133	0.7948	0.0755	0.0369	0.0439	
% 1	25	0.303	0.1926	0.0575	0.0952	0.2071	0.1446	
% 1	26	0.0592	0.069	0.1849	0.0964	0.4211	0.1694	
% 1	27	0.564	0.0382	0.0404	0.1667	0.068	0.1226	
% 1	28	0.023	0.021	0.847	0.0371	0.0346	0.0372	
% 1	29	0.143	0.0407	0.0635	0.1687	0.259	0.3251	
% 1	30	0.0355	0.6814	0.0358	0.0538	0.1133	0.0801	
% 1	31	0.1441	0.03	0.081	0.2744	0.222	0.2485	
% 1	32	0.1664	0.0997	0.1607	0.1118	0.2531	0.2083	
% 1	33	0.078	0.0815	0.2594	0.275	0.1387	0.1674	
% 1	34	0.2051	0.4884	0.0553	0.0648	0.0882	0.0981	
% 1	35	0.0844	0.0466	0.2239	0.1764	0.3285	0.1403	
% 1	36	0.1863	0.1128	0.0826	0.119	0.3425	0.1569	
% 1	37	0.0803	0.0815	0.6289	0.0592	0.0763	0.0737	
% 1	38	0.055	0.402	0.3439	0.057	0.0852	0.0568	
% 1	39	0.0764	0.0438	0.0299	0.0946	0.6225	0.1329	
% 1	40	0.1601	0.2947	0.0313	0.2772	0.1027	0.134	
% 1	41	0.3807	0.0303	0.0715	0.2133	0.0974	0.2069	
% 1	42	0.0417	0.8231	0.0162	0.0446	0.0382	0.0362	
% 1	43	0.0471	0.0297	0.1018	0.434	0.2323	0.1551	
% 1	44	0.0591	0.0238	0.0632	0.371	0.2438	0.2391	
% 1	45	0.0636	0.3297	0.2253	0.1764	0.081	0.1241	
% 1	46	0.0778	0.0575	0.322	0.1093	0.2251	0.2084	
% 1	47	0.0578	0.0457	0.6703	0.0806	0.055	0.0906	
% 1	48	0.0822	0.0281	0.0936	0.2295	0.2269	0.3398	
% 1	49	0.1767	0.0251	0.2558	0.2032	0.1645	0.1746	
% 1	50	0.2656	0.0167	0.019	0.3055	0.2113	0.1818	
% 1	51	0.0745	0.739	0.0403	0.0561	0.0394	0.0506	
% 1	52	0.0295	0.8527	0.0277	0.0298	0.031	0.0294	
% 1	53	0.038	0.0276	0.6679	0.1179	0.0795	0.0691	
% 1	54	0.0805	0.0529	0.4561	0.1304	0.1434	0.1366	
% 1	55	0.1897	0.0598	0.0407	0.2492	0.3188	0.1418	
% 1	56	0.1206	0.0569	0.5981	0.0509	0.0833	0.0901	
% 1	57	0.0751	0.0155	0.6082	0.0729	0.1484	0.0799	
% 1	58	0.0593	0.67	0.0443	0.0551	0.0844	0.087	
% 1	59	0.0911	0.0141	0.4504	0.2179	0.1033	0.1232	
% 1	60	0.4028	0.0799	0.0709	0.1067	0.1222	0.2176	
% 1	61	0.0743	0.0336	0.2944	0.1551	0.1481	0.2945	
% 1	62	0.0722	0.0248	0.0487	0.2537	0.315	0.2857	
% 1	63	0.0724	0.2131	0.4264	0.1173	0.072	0.0987	
% 1	64	0.1959	0.064	0.0896	0.3318	0.1188	0.1999	
% 1	65	0.271	0.0355	0.0886	0.1507	0.2803	0.1739	
% 1	66	0.3545	0.2404	0.0294	0.0938	0.1283	0.1536	
% 1	67	0.1538	0.023	0.4677	0.0699	0.0992	0.1863	
% 1	68	0.0546	0.0393	0.2397	0.1246	0.2701	0.2716	
% 1	69	0.068	0.1687	0.489	0.0459	0.1119	0.1164	
% 1	70	0.1074	0.0241	0.1731	0.2704	0.2824	0.1426	
% 1	71	0.208	0.0288	0.0975	0.1586	0.2957	0.2115	
% 1	72	0.1627	0.0193	0.092	0.2899	0.1489	0.2872	
% 1	73	0.044	0.1362	0.1481	0.1797	0.332	0.1601	
% 1	74	0.1856	0.0226	0.0271	0.5365	0.0645	0.1637	
% 1	75	0.226	0.0983	0.2194	0.0971	0.1927	0.1665	
% 1	76	0.039	0.0385	0.6454	0.0737	0.1116	0.0918	
% 1	77	0.017	0.9183	0.0139	0.0218	0.0127	0.0163	
% 1	78	0.0986	0.0296	0.0611	0.1953	0.4295	0.1859	
% 1	79	0.0717	0.0352	0.0913	0.182	0.3433	0.2765	
% 1	80	0.0778	0.6984	0.0744	0.0546	0.0395	0.0553	
% 1	81	0.0755	0.3784	0.07	0.1585	0.1167	0.2008	
% 1	82	0.0659	0.0139	0.641	0.1128	0.0991	0.0673	
% 1	83	0.1767	0.0361	0.2837	0.1526	0.1967	0.1542	
% 1	84	0.0844	0.0986	0.0437	0.1508	0.2943	0.3282	
% 1	85	0.2068	0.0244	0.1311	0.0946	0.4064	0.1368	
% 1	86	0.4231	0.0879	0.0206	0.1856	0.1096	0.1733	
% 1	87	0.0826	0.0295	0.2257	0.1335	0.2455	0.2831	
% 2	88	0.0322	0.8259	0.0202	0.0349	0.0509	0.0358	
% 2	89	0.1197	0.0429	0.0487	0.1235	0.4138	0.2514	
% 2	90	0.0221	0.8996	0.0131	0.021	0.022	0.0222	
% 2	91	0.2105	0.0117	0.3524	0.1253	0.1446	0.1554	
% 2	92	0.076	0.0436	0.6215	0.0623	0.1067	0.0898	
% 2	93	0.0445	0.0133	0.7713	0.038	0.0756	0.0574	
% 2	94	0.1174	0.1113	0.0277	0.3342	0.2478	0.1616	
% 2	95	0.0612	0.0763	0.0216	0.2614	0.378	0.2015	
% 2	96	0.5443	0.0506	0.0399	0.1331	0.1211	0.111	
% 2	97	0.0219	0.1231	0.7246	0.0344	0.0556	0.0405	
% 2	98	0.2048	0.0251	0.1013	0.2202	0.1929	0.2558	
% 2	99	0.1428	0.0634	0.4493	0.123	0.0782	0.1434	
% 2	100	0.1445	0.0311	0.0505	0.1128	0.5207	0.1405	
% 2	101	0.0712	0.4723	0.1367	0.0709	0.1619	0.087	
% 2	102	0.3366	0.061	0.0379	0.1201	0.1956	0.2489	
% 2	103	0.1118	0.1002	0.0833	0.1371	0.3246	0.2431	
% 2	104	0.0685	0.0232	0.3429	0.1147	0.2623	0.1885	
% 2	105	0.0621	0.1091	0.5161	0.1952	0.0277	0.0898	
% 2	106	0.0112	0.9188	0.0276	0.0137	0.0133	0.0154	
% 2	107	0.4767	0.0731	0.1178	0.0832	0.0583	0.1909	
% 2	108	0.2264	0.0497	0.1935	0.1926	0.1521	0.1856	
% 2	109	0.5104	0.1306	0.0223	0.1049	0.1196	0.1123	
% 2	110	0.0497	0.2413	0.4566	0.0661	0.0873	0.0989	
% 2	111	0.1252	0.0696	0.4277	0.0796	0.14	0.1578	
% 2	112	0.2256	0.0895	0.0457	0.2486	0.1691	0.2215	
% 2	113	0.1084	0.5884	0.045	0.0869	0.0887	0.0826	
% 2	114	0.1018	0.0296	0.0472	0.1557	0.431	0.2347	
% 2	115	0.0285	0.0438	0.2473	0.4925	0.0762	0.1116	
% 2	116	0.0868	0.0583	0.0435	0.1225	0.4921	0.1967	
% 2	117	0.1267	0.1137	0.035	0.1604	0.3323	0.2318	
% 2	118	0.0879	0.0184	0.0816	0.1861	0.3641	0.2619	
% 2	119	0.331	0.0336	0.042	0.1685	0.1342	0.2906	
% 2	120	0.0316	0.0116	0.8474	0.0311	0.0403	0.038	
% 2	121	0.1714	0.0326	0.0286	0.3224	0.2544	0.1907	
% 2	122	0.1618	0.0462	0.1131	0.1659	0.3025	0.2105	
% 2	123	0.4222	0.016	0.1232	0.1277	0.1487	0.1621	
% 2	124	0.0759	0.0948	0.0369	0.5336	0.0979	0.161	
% 2	125	0.0422	0.0866	0.2797	0.2308	0.1728	0.1879	
% 2	126	0.0579	0.6825	0.037	0.0993	0.0559	0.0676	
% 2	127	0.7235	0.0277	0.0364	0.0511	0.0381	0.1232	
% 2	128	0.1279	0.0307	0.4848	0.065	0.1358	0.1559	
% 2	129	0.0632	0.2131	0.0868	0.0631	0.3911	0.1827	
% 2	130	0.0591	0.038	0.0197	0.4985	0.1726	0.212	
% 2	131	0.0844	0.0528	0.1103	0.2396	0.3525	0.1605	
% 2	132	0.1262	0.0333	0.4262	0.1069	0.1202	0.1871	
% 2	133	0.0908	0.0187	0.06	0.2072	0.4324	0.1909	
% 2	134	0.2567	0.0481	0.0717	0.1309	0.1587	0.3339	
% 2	135	0.0222	0.0184	0.8671	0.0259	0.0276	0.0388	
% 2	136	0.1371	0.0279	0.0944	0.1433	0.3262	0.2711	
% 2	137	0.4072	0.1485	0.0355	0.2246	0.0567	0.1275	
% 2	138	0.0594	0.6904	0.0223	0.074	0.0974	0.0565	
% 2	139	0.0882	0.0163	0.0426	0.2605	0.4269	0.1656	
% 2	140	0.2857	0.072	0.0538	0.1197	0.322	0.1469	
% 2	141	0.1738	0.2307	0.1062	0.1026	0.2277	0.1591	
% 2	142	0.1849	0.2574	0.1629	0.108	0.1407	0.1462	
% 2	143	0.037	0.0399	0.6454	0.1103	0.0859	0.0814	
% 2	144	0.1072	0.0123	0.0386	0.1353	0.5391	0.1675	
% 2	145	0.2603	0.0242	0.0322	0.3038	0.1335	0.246	
% 2	146	0.0551	0.0534	0.5171	0.0906	0.1814	0.1024	
% 2	147	0.5033	0.0443	0.1082	0.088	0.0747	0.1814	
% 2	148	0.3304	0.0166	0.1255	0.2326	0.0838	0.2112	
% 2	149	0.1014	0.0518	0.3533	0.0923	0.1968	0.2044	
% 2	150	0.1604	0.0419	0.3599	0.1005	0.1371	0.2001	
% 2	151	0.1394	0.0774	0.091	0.104	0.406	0.1823	
% 2	152	0.3254	0.0311	0.0921	0.2273	0.0562	0.2678	
% 2	153	0.03	0.0226	0.8587	0.0281	0.0249	0.0357	
% 2	154	0.1634	0.0402	0.033	0.2664	0.1548	0.3423	
% 2	155	0.1137	0.0628	0.1786	0.1566	0.2151	0.2732	
% 2	156	0.2368	0.0844	0.1535	0.2433	0.0971	0.1849	
% 2	157	0.1072	0.0511	0.1584	0.239	0.2136	0.2308	
% 2	158	0.1829	0.0134	0.1233	0.1233	0.2936	0.2634	
% 2	159	0.3489	0.0289	0.027	0.2636	0.1523	0.1792	
% 2	160	0.2502	0.0433	0.2045	0.2408	0.0641	0.1971	
% 2	161	0.1472	0.0191	0.2065	0.3416	0.1321	0.1536	
% 2	162	0.4111	0.0391	0.1131	0.1057	0.0873	0.2438	
% 2	163	0.1025	0.0312	0.4916	0.1203	0.0718	0.1827	
% 2	164	0.3167	0.0212	0.0577	0.2124	0.2239	0.1681	
% 2	165	0.1622	0.0169	0.1432	0.2341	0.2185	0.2251	
% 2	166	0.1092	0.0357	0.0509	0.418	0.1563	0.23	
% 2	167	0.1164	0.0637	0.2797	0.1692	0.1656	0.2054	
% 2	168	0.1063	0.0436	0.0547	0.0757	0.5165	0.2032	
% 2	169	0.0248	0.9137	0.0111	0.0176	0.0151	0.0177	
% 2	170	0.0706	0.0448	0.6215	0.0912	0.079	0.0929	
% 2	171	0.2348	0.0212	0.0854	0.249	0.2149	0.1947	
% 2	172	0.0971	0.2719	0.3029	0.0632	0.1432	0.1218	
% 2	173	0.0278	0.8704	0.0234	0.0263	0.0221	0.03	
% 2	174	0.0745	0.0236	0.1118	0.3942	0.1804	0.2156	
% 2	175	0.1199	0.0226	0.0401	0.2091	0.4169	0.1914	
% 2	176	0.0957	0.0602	0.445	0.0492	0.1629	0.1869	
% 2	177	0.0325	0.0115	0.7941	0.0766	0.0292	0.0561	
% 2	178	0.5771	0.0317	0.0158	0.2087	0.0545	0.1122	
% 2	179	0.1305	0.0145	0.3422	0.1791	0.1483	0.1854	
% 2	180	0.0225	0.8399	0.036	0.0269	0.0414	0.0333	
% 2	181	0.1201	0.0326	0.0506	0.3111	0.1145	0.3712	
% 2	182	0.1484	0.1002	0.0613	0.0989	0.418	0.1732	
% 2	183	0.216	0.0232	0.0565	0.3055	0.132	0.2668	
% 2	184	0.0741	0.5753	0.0899	0.0402	0.1245	0.096	
% 2	185	0.046	0.0079	0.0295	0.0501	0.7994	0.0671	
% 2	186	0.0448	0.0741	0.4685	0.0899	0.2111	0.1117	
% 2	187	0.0571	0.0186	0.0389	0.6439	0.0387	0.2028	
% 2	188	0.1258	0.0287	0.107	0.2551	0.2884	0.195	
% 2	189	0.0767	0.1197	0.2007	0.1338	0.2026	0.2664	
% 2	190	0.0605	0.0257	0.66	0.0617	0.0772	0.1149	
% 2	191	0.0645	0.026	0.3111	0.3782	0.0799	0.1403	
% 2	192	0.6482	0.0272	0.0225	0.0485	0.0806	0.173	
% 2	193	0.2656	0.0901	0.0972	0.2515	0.129	0.1665	
% 2	194	0.7159	0.0124	0.0391	0.0391	0.0538	0.1397	
% 2	195	0.0454	0.788	0.0171	0.0564	0.0474	0.0456	
% 2	196	0.0355	0.0234	0.0192	0.6092	0.0873	0.2255	
% 2	197	0.1116	0.0404	0.3169	0.1959	0.1466	0.1886	
% 2	198	0.0891	0.7073	0.0509	0.0432	0.0538	0.0558	
% 2	199	0.1186	0.0175	0.0616	0.1493	0.5242	0.1287	
% 2	200	0.0552	0.058	0.5802	0.0764	0.136	0.0942	
% 2	201	0.244	0.0189	0.0575	0.3423	0.099	0.2383	
% 2	202	0.0523	0.0103	0.8324	0.038	0.0331	0.034	
% 2	203	0.1604	0.0319	0.0825	0.4157	0.0954	0.2142	
% 2	204	0.238	0.033	0.1302	0.2713	0.1085	0.2189	
% 2	205	0.1008	0.0896	0.0609	0.4813	0.1038	0.1636	
% 2	206	0.0332	0.8214	0.0277	0.0311	0.0447	0.0418	
% 2	207	0.1586	0.2151	0.0768	0.2406	0.1401	0.1688	
% 2	208	0.4483	0.0267	0.0418	0.1781	0.1515	0.1535	
% 2	209	0.0518	0.4369	0.1701	0.0623	0.2085	0.0705	
% 2	210	0.0218	0.88	0.0133	0.0354	0.0222	0.0273	
% 2	211	0.1186	0.0999	0.0579	0.0837	0.4407	0.1993	
% 2	212	0.1073	0.1335	0.361	0.1385	0.0669	0.1928	
% 2	213	0.0781	0.0251	0.0505	0.384	0.2448	0.2175	
% 2	214	0.2771	0.0274	0.0345	0.4229	0.0441	0.194	
% 2	215	0.5091	0.019	0.0529	0.0715	0.1109	0.2366	
% 2	216	0.0434	0.7688	0.0242	0.0754	0.045	0.0432	
% 2	217	0.1818	0.3275	0.0595	0.1102	0.1052	0.2158	
% 2	218	0.1085	0.0245	0.3971	0.2245	0.0931	0.1523	
% 2	219	0.4016	0.0684	0.0262	0.1558	0.1113	0.2367	
% 2	220	0.354	0.0104	0.1132	0.1268	0.2016	0.194	
% 2	221	0.0965	0.1667	0.0443	0.2316	0.1736	0.2872	
% 2	222	0.1069	0.0265	0.2273	0.3137	0.126	0.1996	
% 2	223	0.2455	0.0387	0.0654	0.304	0.0921	0.2543	
% 2	224	0.598	0.0228	0.0505	0.0912	0.1128	0.1246	
% 2	225	0.0189	0.9167	0.0145	0.0177	0.0158	0.0164	
% 2	226	0.0853	0.1362	0.0253	0.1164	0.4367	0.2002	
% 2	227	0.0176	0.8783	0.0306	0.0302	0.0224	0.0209	
% 2	228	0.2988	0.03	0.0328	0.3831	0.1037	0.1516	
% 2	229	0.0926	0.0193	0.1063	0.2198	0.263	0.299	
% 2	230	0.1143	0.1378	0.1052	0.2376	0.115	0.2901	
% 2	231	0.1995	0.0618	0.0392	0.2801	0.1734	0.2461	
% 2	232	0.1202	0.0327	0.0912	0.1232	0.4534	0.1794	
% 2	233	0.2223	0.1092	0.0783	0.1809	0.115	0.2943	
% 2	234	0.022	0.8897	0.0218	0.017	0.0269	0.0226	
% 2	235	0.1141	0.6129	0.0945	0.0415	0.0705	0.0666	
% 2	236	0.5431	0.0195	0.1247	0.0798	0.0592	0.1736	
% 2	237	0.3422	0.0424	0.1249	0.151	0.1144	0.2252	
% 2	238	0.3919	0.0656	0.0377	0.1786	0.0601	0.266	
% 2	239	0.1827	0.0475	0.0492	0.0628	0.2944	0.3633	
% 2	240	0.1167	0.0361	0.0727	0.2329	0.364	0.1775	
% 2	241	0.0858	0.0627	0.3147	0.1908	0.1522	0.1937	
% 2	242	0.4906	0.0144	0.1141	0.0568	0.0825	0.2416	
% 2	243	0.1384	0.0385	0.2545	0.2777	0.1693	0.1217	
% 2	244	0.1089	0.0512	0.2894	0.253	0.101	0.1964	
% 2	245	0.0165	0.9012	0.0145	0.0184	0.0288	0.0206	
% 2	246	0.0772	0.1456	0.4683	0.1217	0.0684	0.1189	
% 2	247	0.07	0.569	0.118	0.0884	0.0627	0.0919	
% 2	248	0.0565	0.4785	0.0403	0.0814	0.2556	0.0876	
% 2	249	0.1922	0.0455	0.0364	0.3404	0.1535	0.232	
% 2	250	0.2246	0.0654	0.0779	0.1259	0.2758	0.2304	
% 2	251	0.0873	0.0301	0.0489	0.4024	0.1352	0.2962	
% 2	252	0.0316	0.0254	0.7215	0.0546	0.0708	0.0962	
% 2	253	0.1665	0.063	0.0459	0.1038	0.4479	0.1728	
% 2	254	0.0823	0.0454	0.3495	0.1859	0.1243	0.2126	
% 2	255	0.0556	0.0247	0.377	0.238	0.1504	0.1544	
% 2	256	0.08	0.2686	0.2606	0.2095	0.0624	0.119	
% 2	257	0.0695	0.0524	0.0408	0.4351	0.1461	0.2562	
% 1	258	0.2347	0.1306	0.108	0.1873	0.2178	0.1216	
% 1	259	0.1843	0.3403	0.0575	0.12	0.1619	0.1358	
% 1	260	0.5057	0.0194	0.0501	0.0882	0.1436	0.193	
% 1	261	0.0864	0.0341	0.0278	0.1271	0.4401	0.2846	
% 1	262	0.0893	0.0658	0.0884	0.1311	0.3137	0.3118	
% 1	263	0.1246	0.0417	0.4027	0.1896	0.0702	0.1711	
% 1	264	0.1025	0.0359	0.0526	0.3995	0.1523	0.2572	
% 1	265	0.1308	0.032	0.1529	0.2668	0.1207	0.2969	
% 1	266	0.0692	0.0162	0.0384	0.5347	0.1326	0.2088	
% 1	267	0.123	0.0997	0.0597	0.1633	0.2806	0.2736	
% 1	268	0.1204	0.1298	0.3272	0.1149	0.198	0.1096	
% 1	269	0.186	0.1119	0.0391	0.157	0.3525	0.1536	
% 1	270	0.0588	0.0236	0.2802	0.2835	0.1717	0.1823	
% 1	271	0.2365	0.1978	0.0529	0.0771	0.2854	0.1502	
% 1	272	0.0879	0.1238	0.0266	0.5222	0.081	0.1584	
% 1	273	0.2301	0.0302	0.0826	0.1846	0.2872	0.1852	
% 1	274	0.0325	0.7374	0.03	0.0582	0.0781	0.0637	
% 1	275	0.2379	0.0749	0.2445	0.0973	0.1691	0.1763	
% 1	276	0.2459	0.0431	0.0592	0.2337	0.2233	0.1947	
% 1	277	0.2256	0.0564	0.0278	0.1896	0.2845	0.2161	
% 1	278	0.2357	0.2793	0.0425	0.1858	0.0988	0.1579	
% 1	279	0.5848	0.1392	0.0342	0.0581	0.09	0.0937	
% 1	280	0.06	0.0819	0.2541	0.1233	0.2894	0.1913	
% 1	281	0.2224	0.0346	0.0575	0.092	0.4883	0.1052	
% 1	282	0.0812	0.1249	0.0711	0.1448	0.252	0.3261	
% 1	283	0.2185	0.0325	0.0574	0.2723	0.201	0.2181	
% 1	284	0.0965	0.0188	0.1055	0.4924	0.0883	0.1984	
% 1	285	0.1568	0.0366	0.2326	0.1941	0.13	0.2499	
% 1	286	0.2201	0.0183	0.1857	0.2472	0.1595	0.1692	
% 1	287	0.0088	0.9522	0.0074	0.009	0.0116	0.011	
% 1	288	0.072	0.753	0.0369	0.0385	0.0483	0.0513	
% 1	289	0.4323	0.1016	0.0561	0.106	0.1792	0.1248	
% 1	290	0.0144	0.9251	0.0158	0.015	0.0146	0.0151	
% 1	291	0.1009	0.3808	0.1018	0.1406	0.0986	0.1774	
% 1	292	0.1672	0.1585	0.0538	0.2292	0.278	0.1132	
% 1	293	0.0987	0.0207	0.6017	0.0781	0.0948	0.1059	
% 1	294	0.2881	0.3062	0.038	0.111	0.0984	0.1584	
% 1	295	0.209	0.0202	0.1013	0.2642	0.1837	0.2216	
% 1	296	0.3297	0.0289	0.1102	0.1733	0.1735	0.1845	
% 1	297	0.0569	0.723	0.0227	0.0676	0.0633	0.0664	
% 1	298	0.5707	0.019	0.0415	0.1614	0.0669	0.1405	
% 1	299	0.1961	0.1943	0.2083	0.0777	0.0951	0.2284	
% 1	300	0.2612	0.023	0.073	0.1287	0.3646	0.1494	
% 1	301	0.0246	0.8811	0.0138	0.0296	0.026	0.0249	
% 1	302	0.2348	0.44	0.0474	0.1164	0.0679	0.0936	
% 1	303	0.3054	0.083	0.0398	0.1582	0.3028	0.1108	
% 1	304	0.6034	0.0887	0.0597	0.0649	0.0918	0.0916	
% 1	305	0.4914	0.024	0.0566	0.1047	0.1639	0.1594	
% 1	306	0.05	0.6355	0.0159	0.1388	0.0842	0.0757	
% 1	307	0.1838	0.0184	0.169	0.1598	0.2896	0.1794	
% 1	308	0.139	0.0667	0.0341	0.2372	0.2026	0.3204	
% 1	309	0.0275	0.8574	0.0234	0.0329	0.0325	0.0263	
% 1	310	0.0752	0.3146	0.0453	0.1483	0.2484	0.1681	
% 1	311	0.1842	0.4188	0.0357	0.0943	0.075	0.192	
% 1	312	0.1591	0.0266	0.4361	0.0919	0.1405	0.146	
% 1	313	0.2224	0.0134	0.0786	0.2456	0.106	0.334	
% 1	314	0.0841	0.0337	0.5186	0.0952	0.106	0.1625	
% 1	315	0.1913	0.0477	0.0763	0.2684	0.1876	0.2286	
% 1	316	0.0971	0.0241	0.05	0.225	0.1881	0.4157	
% 1	317	0.1182	0.0296	0.3334	0.047	0.3899	0.0818	
% 1	318	0.0733	0.0198	0.3483	0.2138	0.182	0.1629	
% 1	319	0.3373	0.0148	0.0841	0.2135	0.1803	0.17	
% 1	320	0.3386	0.0087	0.0404	0.3775	0.0389	0.1958	
% 1	321	0.3157	0.0212	0.0532	0.2483	0.2219	0.1397	
% 1	322	0.0771	0.4225	0.0473	0.1294	0.2128	0.1108	
% 1	323	0.2565	0.0218	0.0229	0.3544	0.116	0.2284	
% 1	324	0.0503	0.0188	0.0647	0.6689	0.0591	0.1383	
% 1	325	0.0511	0.2359	0.026	0.1461	0.3489	0.192	
% 1	326	0.1327	0.0376	0.0387	0.3751	0.156	0.2599	
% 1	327	0.1507	0.0247	0.0921	0.5346	0.0406	0.1573	
% 1	328	0.3698	0.0243	0.1494	0.1032	0.1079	0.2453	
% 1	329	0.2458	0.0567	0.2165	0.0973	0.1278	0.256	
% 1	330	0.1175	0.0552	0.1431	0.2736	0.2196	0.1912	
% 1	331	0.1189	0.2316	0.0956	0.2193	0.0843	0.2502	
% 1	332	0.0743	0.18	0.1503	0.2294	0.2018	0.1643	
% 1	333	0.0626	0.2577	0.2573	0.1464	0.0697	0.2062	
% 1	334	0.0841	0.0166	0.3434	0.1089	0.3193	0.1277	
% 1	335	0.1644	0.0298	0.1372	0.2228	0.1505	0.2954	
% 1	336	0.129	0.074	0.0511	0.1095	0.31	0.3265	
% 1	337	0.1733	0.4005	0.0512	0.1121	0.1136	0.1492	
% 1	338	0.0724	0.1115	0.1862	0.1587	0.2356	0.2357	
% 1	339	0.2302	0.0773	0.0747	0.2278	0.2015	0.1886	
% 1	340	0.0337	0.034	0.7145	0.0627	0.0785	0.0766	
% 1	341	0.0468	0.0609	0.6168	0.0772	0.0852	0.1131	
% 1	342	0.1445	0.135	0.2481	0.1662	0.0999	0.2064	
% 1	343	0.068	0.0389	0.1772	0.2336	0.2251	0.2572	
% 1	344	0.0527	0.1229	0.2186	0.3716	0.085	0.1493	
% 1	345	0.0719	0.0945	0.0262	0.1564	0.3534	0.2975	
% 1	346	0.0721	0.1529	0.0875	0.2946	0.1469	0.2459	
% 1	347	0.1021	0.2004	0.0605	0.2109	0.208	0.2181	
% 1	348	0.0518	0.1558	0.5731	0.0887	0.048	0.0827	
% 1	349	0.0448	0.0374	0.2104	0.2592	0.1698	0.2784	
% 1	350	0.4679	0.0536	0.038	0.1074	0.1249	0.2083	
% 1	351	0.0667	0.0719	0.1717	0.2197	0.1603	0.3096	
% 1	352	0.3631	0.0388	0.0778	0.162	0.1285	0.2299	
% 1	353	0.0805	0.0205	0.0611	0.2263	0.1596	0.452	
% 1	354	0.0701	0.1951	0.2345	0.065	0.2945	0.1409	
% 1	355	0.1088	0.0404	0.2178	0.0597	0.4174	0.1559	
% 1	356	0.2489	0.0325	0.1297	0.1819	0.1754	0.2316	
% 1	357	0.3888	0.0706	0.0389	0.2288	0.1214	0.1515	
% 1	358	0.342	0.0296	0.0709	0.2449	0.0912	0.2213	
% 1	359	0.5919	0.1618	0.0159	0.0478	0.0715	0.1112	
% 1	360	0.1503	0.1632	0.0739	0.2042	0.2115	0.1969	
% 1	361	0.357	0.032	0.0345	0.3858	0.0632	0.1275	
% 1	362	0.2326	0.0264	0.0288	0.131	0.2848	0.2963	
% 1	363	0.0783	0.1015	0.2449	0.1458	0.1304	0.299	
% 1	364	0.2389	0.026	0.3734	0.0732	0.1261	0.1624	
% 1	365	0.0991	0.0147	0.0463	0.3298	0.1134	0.3968	
% 1	366	0.0545	0.0224	0.1768	0.388	0.1825	0.1758	
% 1	367	0.082	0.0722	0.0513	0.4361	0.178	0.1804	
% 1	368	0.3262	0.0654	0.035	0.0859	0.1576	0.3299	
% 1	369	0.1025	0.2637	0.1828	0.0651	0.2216	0.1644	
% 1	370	0.0373	0.6825	0.0485	0.0793	0.0712	0.0811	
% 1	371	0.0436	0.8137	0.0251	0.0284	0.0502	0.039	
% 1	372	0.0176	0.8999	0.0134	0.0251	0.0203	0.0237	
% 1	373	0.0904	0.4109	0.0369	0.2163	0.1025	0.1431	
% 1	374	0.2117	0.0183	0.1151	0.3757	0.1409	0.1384	
% 1	375	0.1488	0.0543	0.0435	0.2223	0.122	0.409	
% 1	376	0.0934	0.45	0.042	0.0614	0.2271	0.126	
% 1	377	0.0842	0.0167	0.2639	0.3499	0.1222	0.1631	
% 1	378	0.1751	0.0165	0.1196	0.086	0.2993	0.3035	
% 1	379	0.1142	0.4038	0.095	0.1087	0.1203	0.158	
% 1	380	0.0778	0.016	0.0345	0.436	0.2258	0.2099	
% 1	381	0.1713	0.0721	0.0286	0.4058	0.16	0.1623	
% 1	382	0.0299	0.8492	0.0143	0.036	0.036	0.0346	
% 1	383	0.0884	0.0913	0.018	0.1893	0.3869	0.226	
% 1	384	0.0979	0.2812	0.1164	0.1128	0.2249	0.1669	
% 1	385	0.3163	0.1977	0.0207	0.1863	0.1605	0.1186	
% 1	386	0.0632	0.0912	0.0508	0.2526	0.1734	0.3688	
% 1	387	0.2012	0.3262	0.0264	0.2455	0.0506	0.1501	
% 1	388	0.0892	0.2234	0.1976	0.1485	0.1191	0.2222	
% 1	389	0.5935	0.0211	0.0353	0.1228	0.0502	0.1771	
% 1	390	0.2681	0.0178	0.0915	0.2422	0.2312	0.1492	
% 1	391	0.1277	0.4104	0.1981	0.0778	0.0801	0.106	
% 1	392	0.1084	0.2359	0.1176	0.1502	0.1598	0.2282	
% 1	393	0.1055	0.0427	0.111	0.2013	0.1477	0.3919	
% 1	394	0.4171	0.0577	0.0326	0.0912	0.1477	0.2537	
% 1	395	0.0825	0.0432	0.1498	0.14	0.3944	0.1902	
% 1	396	0.4922	0.0296	0.0502	0.2123	0.0915	0.1242	
% 1	397	0.1693	0.2232	0.033	0.2243	0.1638	0.1865	
% 1	398	0.0485	0.6963	0.0785	0.0668	0.0591	0.0509	
% 1	399	0.0975	0.161	0.0804	0.1707	0.1987	0.2917	
% 1	400	0.1308	0.0942	0.071	0.2721	0.2014	0.2305	
% 1	401	0.0258	0.8468	0.0476	0.0225	0.0337	0.0236	
% 1	402	0.11	0.0198	0.4654	0.1136	0.1678	0.1233	
% 1	403	0.1304	0.0993	0.1726	0.0669	0.2501	0.2807	
% 1	404	0.1194	0.0187	0.1604	0.1912	0.3159	0.1945	
% 1	405	0.1261	0.2894	0.0239	0.1603	0.1206	0.2796	
% 1	406	0.1731	0.0579	0.1488	0.1062	0.328	0.1859	
% 1	407	0.1786	0.0397	0.0236	0.4203	0.1313	0.2065	
% 1	408	0.1083	0.0606	0.1891	0.1385	0.2886	0.2149	
% 1	409	0.2851	0.0463	0.022	0.3692	0.0966	0.1809	
% 1	410	0.031	0.887	0.0111	0.0261	0.0231	0.0217	
% 1	411	0.1577	0.5469	0.0374	0.065	0.0999	0.0931	
% 1	412	0.128	0.1012	0.3631	0.1715	0.0898	0.1463	
% 1	413	0.3477	0.0329	0.0212	0.3898	0.068	0.1404	
% 1	414	0.1048	0.3015	0.1622	0.0976	0.1713	0.1627	
% 1	415	0.1605	0.0194	0.1059	0.1513	0.3605	0.2024	
% 1	416	0.1436	0.057	0.1427	0.2196	0.2417	0.1953	
% 1	417	0.4142	0.0185	0.1	0.1963	0.0605	0.2106	
% 1	418	0.1448	0.1069	0.0557	0.294	0.125	0.2735	
% 1	419	0.2074	0.3779	0.0309	0.1652	0.0758	0.1429	
% 1	420	0.2147	0.0212	0.1458	0.1822	0.1659	0.2702	
% 1	421	0.1495	0.0826	0.1557	0.18	0.2298	0.2024	
% 1	422	0.0215	0.877	0.0207	0.0267	0.0278	0.0263	
% 1	423	0.1523	0.0246	0.0186	0.5865	0.0565	0.1615	
% 1	424	0.2102	0.0194	0.0334	0.112	0.4832	0.1419	
% 1	425	0.0192	0.8412	0.0719	0.0186	0.0288	0.0203	
% 1	426	0.1186	0.0605	0.0339	0.2115	0.3547	0.2208	
% 1	427	0.1395	0.1421	0.0492	0.3488	0.1497	0.1706	
% 1	428	0.0167	0.9058	0.0178	0.0201	0.0182	0.0214	
% 1	429	0.5933	0.0197	0.0528	0.1386	0.0674	0.1283	
% 1	430	0.2287	0.0695	0.0225	0.1889	0.2705	0.2199	
% 1	431	0.0566	0.4193	0.0671	0.0774	0.195	0.1847	
% 1	432	0.0259	0.8423	0.0285	0.0358	0.0354	0.0321	
% 1	433	0.0266	0.8822	0.0262	0.0177	0.0238	0.0235	
% 1	434	0.2783	0.1544	0.0201	0.075	0.2914	0.1809	
% 1	435	0.0278	0.0121	0.0571	0.2464	0.333	0.3237	
% 1	436	0.1314	0.0299	0.0189	0.4026	0.1273	0.2899	
% 1	437	0.1583	0.6033	0.0356	0.0659	0.0519	0.085	
% 1	438	0.1398	0.2308	0.042	0.0645	0.4002	0.1228	
% 1	439	0.209	0.039	0.0459	0.2208	0.2852	0.2001	
% 1	440	0.0368	0.7425	0.0444	0.0721	0.0514	0.0528	
% 1	441	0.2684	0.0171	0.0806	0.2612	0.141	0.2318	
% 1	442	0.1801	0.0363	0.0403	0.1311	0.2468	0.3653	
% 1	443	0.0937	0.0129	0.3891	0.0447	0.323	0.1366	
% 1	444	0.2714	0.0756	0.0284	0.2386	0.1026	0.2835	
% 1	445	0.3864	0.0752	0.032	0.1529	0.177	0.1766	
% 2	446	0.1014	0.0389	0.4969	0.178	0.0681	0.1166	
% 2	447	0.1526	0.0359	0.0588	0.2527	0.27	0.23	
% 2	448	0.1206	0.0473	0.0224	0.4623	0.1811	0.1662	
% 2	449	0.106	0.6589	0.0597	0.0566	0.0532	0.0656	
% 2	450	0.0699	0.6396	0.0598	0.0646	0.0683	0.0978	
% 2	451	0.034	0.8485	0.0168	0.0224	0.0509	0.0274	
% 2	452	0.0537	0.2124	0.1333	0.318	0.1499	0.1327	
% 2	453	0.1338	0.0221	0.4829	0.0738	0.1479	0.1396	
% 2	454	0.0299	0.838	0.0202	0.0262	0.0454	0.0404	
% 2	455	0.4513	0.0231	0.036	0.1822	0.1711	0.1364	
% 2	456	0.0324	0.842	0.014	0.0329	0.0334	0.0453	
% 2	457	0.0952	0.0341	0.027	0.2678	0.3711	0.2048	
% 2	458	0.1265	0.1247	0.3571	0.1401	0.0936	0.1581	
% 2	459	0.2021	0.0136	0.1634	0.1758	0.126	0.3192	
% 2	460	0.1101	0.3428	0.0567	0.1202	0.1762	0.1941	
% 2	461	0.0899	0.2583	0.1238	0.1412	0.1793	0.2076	
% 2	462	0.1303	0.3021	0.08	0.0745	0.2364	0.1766	
% 2	463	0.0704	0.6529	0.0616	0.061	0.0617	0.0924	
% 2	464	0.07	0.0175	0.0194	0.6528	0.1036	0.1368	
% 2	465	0.4777	0.0399	0.0423	0.1527	0.147	0.1404	
% 2	466	0.0735	0.0996	0.0418	0.127	0.4604	0.1976	
% 2	467	0.3496	0.0291	0.0485	0.1344	0.1998	0.2386	
% 2	468	0.5752	0.0321	0.026	0.0628	0.0793	0.2246	
% 2	469	0.0895	0.739	0.025	0.0378	0.059	0.0498	
% 2	470	0.2279	0.4412	0.0474	0.0851	0.0814	0.1171	
% 2	471	0.0877	0.2139	0.0925	0.196	0.1779	0.232	
% 2	472	0.0676	0.0567	0.0336	0.353	0.3102	0.1789	
% 2	473	0.0587	0.0222	0.0465	0.4804	0.2214	0.1709	
% 2	474	0.0872	0.0313	0.4912	0.1278	0.0992	0.1634	
% 2	475	0.0389	0.6437	0.1932	0.0386	0.0444	0.0412	
% 2	476	0.1196	0.0137	0.2654	0.2371	0.163	0.2012	
% 2	477	0.2584	0.071	0.0599	0.1117	0.257	0.242	
% 2	478	0.0777	0.0365	0.2623	0.1522	0.2936	0.1775	
% 2	479	0.1166	0.0145	0.0378	0.6177	0.0704	0.1429	
% 2	480	0.0857	0.1114	0.0477	0.361	0.1667	0.2275	
% 2	481	0.07	0.1674	0.1456	0.1722	0.25	0.1949	
% 2	482	0.4342	0.0144	0.0538	0.0999	0.1594	0.2384	
% 2	483	0.3407	0.0313	0.0234	0.1879	0.2595	0.1572	
% 2	484	0.1873	0.0297	0.0941	0.1271	0.2576	0.3042	
% 2	485	0.0643	0.6065	0.035	0.1315	0.08	0.0827	
% 2	486	0.2133	0.3857	0.0441	0.0999	0.1321	0.125	
% 2	487	0.0472	0.0661	0.1501	0.1048	0.4324	0.1993	
% 2	488	0.0932	0.0374	0.0463	0.1403	0.4212	0.2616	
% 2	489	0.1298	0.021	0.061	0.1332	0.3884	0.2666	
% 2	490	0.1818	0.0523	0.0672	0.193	0.2288	0.2769	
% 2	491	0.0776	0.0963	0.5054	0.1095	0.0899	0.1214	
% 2	492	0.0806	0.0165	0.7327	0.0414	0.0657	0.063	
% 2	493	0.1781	0.0829	0.0357	0.1399	0.3897	0.1737	
% 2	494	0.0288	0.8643	0.0191	0.0283	0.0266	0.033	
% 2	495	0.091	0.1396	0.3233	0.2052	0.1408	0.1002	
% 2	496	0.2146	0.06	0.1943	0.0941	0.203	0.2339	
% 2	497	0.1798	0.0629	0.1376	0.2381	0.1106	0.2709	
% 2	498	0.0593	0.1245	0.0741	0.1459	0.312	0.2841	
% 2	499	0.2043	0.0358	0.0954	0.1643	0.2951	0.2051	
% 2	500	0.2712	0.0181	0.0768	0.1772	0.1661	0.2906	
% 2	501	0.0678	0.39	0.0581	0.1578	0.2008	0.1256	
% 2	502	0.5588	0.1463	0.0233	0.1203	0.0326	0.1187	
% 2	503	0.2586	0.04	0.0237	0.3743	0.1334	0.1699	
% 2	504	0.4962	0.2423	0.0283	0.0708	0.0811	0.0812	
% 2	505	0.1679	0.2132	0.2235	0.1154	0.1528	0.1273	
% 2	506	0.1232	0.0423	0.2081	0.0952	0.3771	0.1542	
% 2	507	0.1557	0.0996	0.053	0.1372	0.2604	0.2941	
% 2	508	0.5036	0.0629	0.0511	0.1192	0.1179	0.1453	
% 2	509	0.025	0.8767	0.0255	0.0217	0.0261	0.025	
% 2	510	0.1635	0.0199	0.1184	0.1574	0.2701	0.2707	
% 2	511	0.0454	0.1081	0.6467	0.0682	0.0609	0.0708	
% 2	512	0.0738	0.7462	0.0182	0.0517	0.051	0.0592	
% 2	513	0.1053	0.1307	0.3408	0.0747	0.2284	0.12	
% 2	514	0.0939	0.5622	0.1764	0.0781	0.039	0.0505	
% 2	515	0.1442	0.0511	0.0786	0.2065	0.2309	0.2887	
% 2	516	0.0945	0.1604	0.0805	0.3316	0.131	0.202	
% 2	517	0.0663	0.1971	0.2188	0.0967	0.2957	0.1253	
% 2	518	0.2778	0.0326	0.0678	0.1976	0.1202	0.304	
% 2	519	0.0348	0.0437	0.6393	0.1287	0.0665	0.087	
% 2	520	0.045	0.1551	0.2428	0.1487	0.2358	0.1726	
% 2	521	0.0884	0.1343	0.1844	0.1877	0.2946	0.1106	
% 2	522	0.2906	0.0738	0.0263	0.1325	0.3687	0.1081	
% 2	523	0.4168	0.0319	0.0694	0.1246	0.1408	0.2164	
% 2	524	0.3874	0.0287	0.0329	0.1586	0.2273	0.1651	
% 2	525	0.3212	0.1158	0.2848	0.0779	0.0652	0.1352	
% 2	526	0.2629	0.0538	0.2604	0.16	0.0774	0.1854	
% 2	527	0.1091	0.0239	0.1917	0.2069	0.2336	0.2347	
% 2	528	0.2232	0.0237	0.0458	0.3101	0.1019	0.2953	
% 2	529	0.0542	0.0229	0.0475	0.4421	0.2567	0.1766	
% 2	530	0.641	0.0198	0.0231	0.1416	0.0668	0.1078	
% 2	531	0.1421	0.028	0.0223	0.5856	0.0641	0.1579	
% 2	532	0.2755	0.0171	0.0506	0.1451	0.3005	0.2112	
% 2	533	0.0614	0.0126	0.1095	0.2809	0.308	0.2275	
% 2	534	0.1855	0.0443	0.0415	0.2161	0.3593	0.1533	
% 2	535	0.093	0.033	0.2515	0.3389	0.1011	0.1824	
% 2	536	0.0307	0.0254	0.6787	0.111	0.0651	0.089	
% 2	537	0.1259	0.0209	0.2374	0.2398	0.2143	0.1618	
% 2	538	0.0877	0.0305	0.027	0.4975	0.1578	0.1996	
% 2	539	0.4983	0.0432	0.0679	0.1438	0.0918	0.1551	
% 2	540	0.0474	0.025	0.0427	0.0648	0.6548	0.1653	
% 2	541	0.0768	0.037	0.103	0.4357	0.1119	0.2356	
% 2	542	0.0799	0.1205	0.0869	0.3373	0.076	0.2994	
% 2	543	0.1323	0.1604	0.0413	0.1332	0.2696	0.2633	
% 2	544	0.0768	0.03	0.1194	0.3597	0.149	0.2651	
% 2	545	0.2457	0.56	0.0142	0.0385	0.0783	0.0633	
% 2	546	0.0736	0.012	0.0336	0.6288	0.0517	0.2002	
% 2	547	0.2673	0.0843	0.0178	0.1712	0.3024	0.157	
% 2	548	0.0815	0.103	0.0829	0.0987	0.4866	0.1472	
% 2	549	0.0809	0.0265	0.0341	0.5426	0.131	0.1849	
% 2	550	0.0376	0.7606	0.0375	0.0457	0.0647	0.0539	
% 2	551	0.0541	0.0431	0.455	0.1018	0.2107	0.1353	
% 2	552	0.0858	0.0675	0.0395	0.2622	0.3405	0.2046	
% 2	553	0.1411	0.0511	0.1023	0.4253	0.0695	0.2106	
% 2	554	0.119	0.0253	0.0977	0.2597	0.1711	0.3273	
% 2	555	0.1325	0.0258	0.1811	0.1935	0.2375	0.2295	
% 2	556	0.0245	0.0539	0.6706	0.0949	0.0741	0.0819	
% 2	557	0.0894	0.4824	0.0476	0.0717	0.2065	0.1025	
% 2	558	0.0299	0.1024	0.6818	0.0614	0.0666	0.0578	
% 2	559	0.357	0.0164	0.0347	0.1096	0.1196	0.3627	
% 2	560	0.1949	0.0581	0.1175	0.057	0.4109	0.1616	
% 2	561	0.6515	0.0199	0.0271	0.118	0.0821	0.1014	
% 2	562	0.1132	0.0342	0.236	0.219	0.1331	0.2644	
% 2	563	0.124	0.0488	0.1331	0.1946	0.2488	0.2507	
% 2	564	0.0521	0.2244	0.2621	0.177	0.083	0.2015	
% 2	565	0.2099	0.0618	0.0972	0.1287	0.2712	0.2312	
% 2	566	0.3264	0.045	0.037	0.081	0.3583	0.1522	
% 2	567	0.4974	0.0216	0.0721	0.1076	0.1439	0.1574	
% 2	568	0.0444	0.0757	0.2105	0.3526	0.0879	0.229	
% 2	569	0.2597	0.0336	0.086	0.1276	0.2863	0.2067	
% 2	570	0.3491	0.0561	0.0301	0.2373	0.1875	0.1399	
% 2	571	0.1795	0.0157	0.0178	0.3856	0.0843	0.3171	
% 2	572	0.2516	0.0367	0.3725	0.1039	0.0852	0.1501	
% 2	573	0.1221	0.4005	0.1072	0.1175	0.1028	0.15	
% 2	574	0.0821	0.1611	0.0998	0.3118	0.15	0.1953	
% 2	575	0.0658	0.0212	0.2516	0.2138	0.2866	0.161	
% 2	576	0.1317	0.0428	0.1222	0.305	0.0978	0.3004	
% 2	577	0.0295	0.8505	0.0155	0.0392	0.0279	0.0374	
% 2	578	0.1342	0.0222	0.022	0.3702	0.1081	0.3434	
% 2	579	0.0496	0.7289	0.0639	0.0388	0.0734	0.0454	
% 2	580	0.2848	0.0128	0.1841	0.2455	0.1382	0.1347	
% 2	581	0.3357	0.0431	0.0521	0.14	0.183	0.2461	
% 2	582	0.1662	0.0213	0.1564	0.2775	0.1812	0.1974	
% 2	583	0.0799	0.0235	0.2893	0.4584	0.0405	0.1084	
% 2	584	0.2014	0.0557	0.2116	0.2664	0.1098	0.1552	
% 2	585	0.0596	0.0386	0.028	0.1247	0.6077	0.1413	
% 2	586	0.1414	0.013	0.0691	0.4282	0.0793	0.269	
% 2	587	0.0206	0.9062	0.0135	0.0226	0.017	0.0201	
% 2	588	0.0789	0.1746	0.4902	0.0908	0.0763	0.0891	
% 2	589	0.0829	0.0417	0.082	0.1919	0.3119	0.2896	
% 2	590	0.0841	0.0074	0.0201	0.5676	0.0797	0.2412	
% 2	591	0.1724	0.0387	0.079	0.282	0.2484	0.1795	
% 2	592	0.1485	0.0378	0.0456	0.5206	0.0858	0.1618	
% 2	593	0.0888	0.0821	0.2218	0.1473	0.2663	0.1938	
% 2	594	0.1612	0.0282	0.0618	0.2118	0.2416	0.2955	
% 2	595	0.0657	0.0507	0.2834	0.0924	0.3597	0.1481	
% 2	596	0.1861	0.0613	0.0905	0.2398	0.1018	0.3206	
% 2	597	0.1018	0.0467	0.1235	0.1542	0.3999	0.1739	
% 2	598	0.2362	0.0477	0.0407	0.3155	0.167	0.193	
% 2	599	0.2714	0.0454	0.0553	0.2378	0.1632	0.2268	
% 2	600	0.0624	0.0259	0.2394	0.1398	0.2264	0.306	
% 2	601	0.2767	0.0254	0.1611	0.1671	0.1843	0.1855	
% 2	602	0.6591	0.0586	0.0369	0.0438	0.099	0.1026	
% 2	603	0.1387	0.0223	0.2813	0.1133	0.2973	0.1472	
% 2	604	0.1765	0.0365	0.1199	0.2853	0.1069	0.2749	
% 2	605	0.0716	0.0187	0.5297	0.0473	0.2588	0.0739	
% 2	606	0.0773	0.0427	0.178	0.1922	0.2072	0.3025	
% 2	607	0.3557	0.0376	0.0396	0.1755	0.1573	0.2344	
% 2	608	0.4349	0.0179	0.0247	0.2013	0.1074	0.2139	
% 2	609	0.1267	0.0403	0.6387	0.0672	0.0543	0.0727	
% 2	610	0.024	0.8082	0.0657	0.0309	0.0404	0.0307	
% 2	611	0.0633	0.1707	0.1346	0.0688	0.4382	0.1244	
% 2	612	0.0784	0.0322	0.0839	0.5604	0.1019	0.1431	
% 2	613	0.06	0.0566	0.1059	0.2326	0.2584	0.2866	
% 2	614	0.1047	0.0911	0.022	0.3473	0.1502	0.2847	
% 2	615	0.0891	0.0139	0.1486	0.3406	0.2116	0.1962	
% 2	616	0.2898	0.0841	0.2058	0.0709	0.1792	0.1703	
% 2	617	0.1862	0.0309	0.1561	0.2203	0.1674	0.2392	
% 2	618	0.1549	0.0848	0.0246	0.4188	0.1352	0.1818	
% 2	619	0.0827	0.0209	0.2052	0.2444	0.2067	0.24	
% 2	620	0.0795	0.1032	0.3133	0.0862	0.1582	0.2597	
% 2	621	0.3252	0.0581	0.1446	0.146	0.1035	0.2227	
% 2	622	0.065	0.0388	0.3866	0.0693	0.3225	0.1177	
% 2	623	0.1383	0.0448	0.0413	0.5429	0.0415	0.1912	
% 2	624	0.08	0.037	0.0692	0.5014	0.0888	0.2237	
% 2	625	0.1307	0.089	0.0301	0.3355	0.2694	0.1453	
% 2	626	0.098	0.0249	0.0793	0.3666	0.259	0.1721	
% 2	627	0.0734	0.1097	0.169	0.1839	0.2914	0.1726	
% 2	628	0.0147	0.9275	0.0132	0.013	0.0161	0.0155	
% 2	629	0.0931	0.1019	0.5248	0.1	0.0568	0.1236	
% 2	630	0.0982	0.0192	0.4991	0.178	0.094	0.1116	
% 2	631	0.0649	0.0215	0.0265	0.1902	0.5285	0.1684	
% 2	632	0.0458	0.0201	0.8348	0.0391	0.0258	0.0345	
% 2	633	0.1372	0.0266	0.0619	0.1367	0.4225	0.2151	
% 2	634	0.0472	0.3268	0.3166	0.1208	0.0695	0.1192	
% 2	635	0.3885	0.0131	0.2898	0.0929	0.0794	0.1363	
% 2	636	0.0796	0.4686	0.1303	0.0801	0.1216	0.1197	
% 2	637	0.0763	0.0665	0.1657	0.3435	0.1605	0.1875	
% 2	638	0.4518	0.0316	0.1331	0.078	0.1269	0.1788	
% 2	639	0.0429	0.0454	0.0405	0.1306	0.3863	0.3543	
% 2	640	0.0638	0.2818	0.049	0.3206	0.1028	0.182	
% 2	641	0.0699	0.206	0.2337	0.1141	0.202	0.1744	
% 2	642	0.0966	0.0651	0.0623	0.2851	0.1253	0.3655	
% 2	643	0.174	0.0279	0.1166	0.0602	0.5261	0.0952	
% 2	644	0.1668	0.0124	0.037	0.2043	0.2179	0.3615	
% 2	645	0.2013	0.071	0.0581	0.3984	0.0889	0.1822	
% 2	646	0.2193	0.0185	0.171	0.3044	0.1067	0.1802	
% 2	647	0.2125	0.0209	0.0342	0.3343	0.0905	0.3076	
% 2	648	0.0911	0.0493	0.2923	0.1604	0.2499	0.1569	
% 2	649	0.4961	0.028	0.0751	0.1467	0.0774	0.1768	
% 2	650	0.246	0.0128	0.1165	0.2224	0.2039	0.1984	
% 2	651	0.0278	0.8402	0.038	0.0223	0.0412	0.0306	
% 2	652	0.1592	0.0849	0.1078	0.4091	0.0897	0.1493	
% 2	653	0.1547	0.0463	0.224	0.1394	0.1517	0.2839	
% 2	654	0.286	0.0704	0.0374	0.2226	0.176	0.2077	
% 2	655	0.2219	0.1953	0.0641	0.1815	0.1532	0.184	
% 2	656	0.099	0.0188	0.0592	0.3382	0.2742	0.2106	
% 2	657	0.1632	0.0326	0.2562	0.2618	0.1318	0.1545	
% 2	658	0.2864	0.0357	0.099	0.2309	0.1671	0.1809	
% 2	659	0.1236	0.0097	0.1509	0.4513	0.0964	0.168	
% 2	660	0.203	0.0793	0.0627	0.2078	0.2267	0.2206	
% 2	661	0.1512	0.0149	0.2736	0.2332	0.1426	0.1845	
% 2	662	0.043	0.0396	0.1814	0.1144	0.5306	0.091	
% 2	663	0.1616	0.1842	0.1421	0.0835	0.1938	0.2347	
% 2	664	0.1487	0.0276	0.2453	0.1879	0.1845	0.2062	
% 2	665	0.0788	0.063	0.2191	0.2173	0.1974	0.2244	
% 2	666	0.0526	0.7681	0.0306	0.0531	0.0498	0.0458	
% 2	667	0.187	0.2648	0.1311	0.0744	0.152	0.1908	
% 2	668	0.194	0.179	0.0478	0.2727	0.1178	0.1886	
% 2	669	0.3377	0.0851	0.0403	0.1776	0.1294	0.2299	
% 2	670	0.4428	0.0248	0.0163	0.2308	0.1656	0.1197	
% 2	671	0.0241	0.0206	0.7894	0.0514	0.0652	0.0492	
% 2	672	0.0795	0.0151	0.4501	0.081	0.2253	0.149	
% 2	673	0.3777	0.0169	0.2717	0.0979	0.0912	0.1446	
% 2	674	0.2223	0.0635	0.1403	0.1016	0.2618	0.2106	
% 2	675	0.0811	0.0227	0.1042	0.1533	0.4105	0.2283	
% 2	676	0.0983	0.0305	0.1264	0.1488	0.3648	0.2311	
% 2	677	0.239	0.1586	0.043	0.0942	0.2366	0.2285	
% 2	678	0.1921	0.0259	0.3697	0.1437	0.1257	0.143	
% 2	679	0.2982	0.1373	0.0185	0.1102	0.3051	0.1307	
% 2	680	0.0687	0.0322	0.4746	0.1446	0.1394	0.1404	
% 2	681	0.1198	0.2213	0.1189	0.0593	0.3024	0.1782	
% 2	682	0.1087	0.2898	0.0881	0.1773	0.0951	0.2409	
% 2	683	0.1064	0.0412	0.0203	0.2457	0.4333	0.153	
% 2	684	0.1246	0.0234	0.0633	0.3343	0.2029	0.2514	
% 2	685	0.6478	0.0285	0.0439	0.1055	0.0517	0.1227	
% 2	686	0.6156	0.0151	0.0408	0.0518	0.0931	0.1835	
% 2	687	0.3266	0.025	0.0815	0.2885	0.0816	0.1967	
% 2	688	0.057	0.1955	0.1271	0.2374	0.1433	0.2398	
% 2	689	0.089	0.5045	0.1302	0.0631	0.1441	0.0691	
% 2	690	0.0431	0.0692	0.415	0.0875	0.2927	0.0926	
% 2	691	0.4453	0.1418	0.1098	0.0386	0.078	0.1865	
% 2	692	0.3184	0.1729	0.0411	0.1035	0.1098	0.2543	
% 2	693	0.1817	0.0199	0.2474	0.1078	0.1868	0.2563	
% 2	694	0.1856	0.0147	0.5267	0.0574	0.0891	0.1265	
% 2	695	0.3396	0.2485	0.0454	0.0864	0.1371	0.143	
% 2	696	0.7882	0.0128	0.0144	0.0246	0.054	0.106	
% 2	697	0.0701	0.0384	0.1827	0.0659	0.5037	0.1392	
% 2	698	0.1556	0.0118	0.2668	0.0983	0.3148	0.1527	
% 2	699	0.0416	0.0701	0.4968	0.1208	0.1646	0.1061	
% 2	700	0.1502	0.0714	0.031	0.3759	0.1524	0.2191	
% 2	701	0.1956	0.0385	0.2032	0.0857	0.2443	0.2326	
% 2	702	0.3442	0.2688	0.1769	0.0397	0.0656	0.1047	
% 2	703	0.4972	0.1291	0.0215	0.1294	0.0457	0.1772	
% 2	704	0.2335	0.488	0.0653	0.0506	0.0746	0.088	
% 2	705	0.0807	0.0194	0.1132	0.3903	0.1376	0.2587	
% 2	706	0.2169	0.2318	0.0852	0.0649	0.2153	0.1858	
% 2	707	0.0369	0.0237	0.7822	0.0529	0.05	0.0543	
% 2	708	0.0912	0.0987	0.1199	0.1129	0.3796	0.1977	
% 2	709	0.2452	0.3438	0.1151	0.0586	0.0916	0.1458	
% 2	710	0.1189	0.0362	0.0672	0.138	0.3713	0.2684	
% 2	711	0.1763	0.1894	0.0379	0.3007	0.1266	0.1692	
% 2	712	0.1913	0.0329	0.066	0.2661	0.2376	0.2062	
% 2	713	0.6878	0.0582	0.0493	0.0671	0.0319	0.1057	
% 2	714	0.0571	0.0452	0.0265	0.3755	0.1402	0.3556	
% 2	715	0.2122	0.0643	0.0349	0.3092	0.0723	0.307	
% 2	716	0.1318	0.4873	0.0674	0.0996	0.1263	0.0875	
% 2	717	0.1474	0.0592	0.3954	0.1138	0.1219	0.1623	
% 2	718	0.0742	0.0278	0.3411	0.0936	0.2807	0.1827	
% 2	719	0.0639	0.012	0.6744	0.0479	0.1343	0.0676	
% 2	720	0.0757	0.0397	0.0343	0.5914	0.0843	0.1747	
% 2	721	0.1955	0.0342	0.3085	0.1932	0.1142	0.1543	
% 2	722	0.4654	0.0309	0.1661	0.1013	0.0768	0.1595	
% 2	723	0.0855	0.0319	0.5581	0.1566	0.0605	0.1075	
% 2	724	0.302	0.3806	0.033	0.0892	0.0714	0.1239	
% 2	725	0.0433	0.0284	0.0763	0.6058	0.0633	0.1828	
% 2	726	0.1279	0.028	0.1344	0.3542	0.0994	0.256	
% 2	727	0.0513	0.0409	0.7222	0.0326	0.0871	0.0658	
% 2	728	0.0611	0.1786	0.2147	0.3221	0.0951	0.1284	
% 2	729	0.0887	0.0311	0.1117	0.2323	0.236	0.3001	
% 2	730	0.4205	0.0877	0.0738	0.1305	0.0865	0.201	
% 2	731	0.0654	0.6571	0.063	0.07	0.0714	0.0732	
% 2	732	0.0415	0.1837	0.4502	0.0524	0.1474	0.1247	
% 2	733	0.3756	0.0211	0.046	0.1096	0.224	0.2237	
% 2	734	0.0831	0.026	0.0358	0.4077	0.166	0.2815	
% 2	735	0.092	0.0178	0.23	0.321	0.1668	0.1725	
% 2	736	0.3839	0.086	0.0313	0.1966	0.1385	0.1636	
% 2	737	0.481	0.055	0.0419	0.0981	0.125	0.199	
% 2	738	0.2349	0.1861	0.0939	0.1712	0.0751	0.2389	
% 2	739	0.0687	0.0688	0.1875	0.2869	0.1516	0.2366	
% 2	740	0.0586	0.0092	0.1559	0.2473	0.3729	0.1561	
% 2	741	0.4865	0.147	0.0263	0.065	0.1541	0.121	
% 2	742	0.0802	0.0487	0.0872	0.1031	0.3991	0.2817	
% 2	743	0.7016	0.0254	0.0186	0.0555	0.0486	0.1503	
% 2	744	0.0498	0.0128	0.0448	0.6811	0.0633	0.1482	
% 2	745	0.1645	0.0276	0.0541	0.3139	0.2584	0.1815	
% 2	746	0.1003	0.4225	0.0349	0.0987	0.1763	0.1672	
% 2	747	0.028	0.8886	0.0113	0.0279	0.0203	0.0239	
% 2	748	0.762	0.0574	0.0164	0.0305	0.0397	0.094	
% 2	749	0.1006	0.1731	0.311	0.0749	0.1305	0.2098	
% 2	750	0.2131	0.0438	0.0686	0.1459	0.1348	0.3938	
% 2	751	0.2282	0.2825	0.0167	0.1481	0.1685	0.156	
% 2	752	0.5879	0.0136	0.0983	0.0792	0.0671	0.1538	
% 2	753	0.5759	0.0124	0.0146	0.0993	0.1123	0.1855	
% 2	754	0.2112	0.0272	0.0648	0.1671	0.1754	0.3543	
% 2	755	0.028	0.0215	0.8557	0.026	0.0399	0.0289	
% 2	756	0.288	0.109	0.0271	0.1281	0.166	0.2819	
% 2	757	0.1237	0.0343	0.1397	0.0617	0.5058	0.1348	
% 2	758	0.0721	0.0901	0.0563	0.4679	0.0683	0.2454	
% 2	759	0.4364	0.0631	0.0996	0.1472	0.0771	0.1765	
% 2	760	0.1379	0.2555	0.077	0.1374	0.1493	0.2429	
% 2	761	0.618	0.0094	0.023	0.1003	0.117	0.1324	
% 2	762	0.4971	0.017	0.0302	0.169	0.0717	0.215	
% 2	763	0.3435	0.1454	0.0524	0.0997	0.1047	0.2542	
% 4	764	0.1882	0.0356	0.0673	0.355	0.1752	0.1788	
% 2	765	0.6015	0.0461	0.0614	0.0685	0.0925	0.1301	
% 4	766	0.2014	0.0145	0.0622	0.2902	0.1904	0.2412	
% 4	767	0.5388	0.0122	0.0211	0.164	0.0847	0.1793	
% 4	768	0.6003	0.045	0.0243	0.1092	0.0872	0.1341	
% 2	769	0.2961	0.0241	0.1718	0.1005	0.1972	0.2104	
% 4	770	0.4202	0.0274	0.0428	0.1209	0.186	0.2027	
% 3	771	0.1578	0.0269	0.3717	0.0895	0.1211	0.2329	
% 2	772	0.6448	0.0241	0.0424	0.0871	0.0621	0.1395	
% 3	773	0.0824	0.1098	0.3313	0.1972	0.1052	0.174	
% 3	774	0.0385	0.0261	0.7302	0.0739	0.0598	0.0714	
% 3	775	0.0153	0.0131	0.896	0.0228	0.0271	0.0257	
% 3	776	0.0241	0.0478	0.8439	0.0251	0.029	0.0301	
% 3	777	0.0204	0.0166	0.8584	0.0343	0.033	0.0374	
% 4	778	0.2136	0.0875	0.0177	0.1798	0.2718	0.2295	
% 2	779	0.2954	0.0585	0.1214	0.1942	0.1504	0.1801	
% 4	780	0.1599	0.0349	0.0477	0.1069	0.494	0.1566	
% 4	781	0.5024	0.022	0.0285	0.1002	0.221	0.1259	
