1.0000	0.9938	0.9950	0.9932	0.9950	0.9950	0.9953	0.9951	0.9933	0.9941
0.9938	1.0000	0.9929	0.9951	0.9927	0.9950	0.9939	0.9936	0.9952	0.9952
0.9950	0.9929	1.0000	0.9920	0.9953	0.9940	0.9952	0.9955	0.9921	0.9929
0.9932	0.9951	0.9920	1.0000	0.9918	0.9945	0.9930	0.9926	0.9953	0.9952
0.9950	0.9927	0.9953	0.9918	1.0000	0.9940	0.9951	0.9953	0.9919	0.9928
0.9950	0.9950	0.9940	0.9945	0.9940	1.0000	0.9949	0.9945	0.9947	0.9950
0.9953	0.9939	0.9952	0.9930	0.9951	0.9949	1.0000	0.9954	0.9932	0.9937
0.9951	0.9936	0.9955	0.9926	0.9953	0.9945	0.9954	1.0000	0.9928	0.9934
0.9933	0.9952	0.9921	0.9953	0.9919	0.9947	0.9932	0.9928	1.0000	0.9953
0.9941	0.9952	0.9929	0.9952	0.9928	0.9950	0.9937	0.9934	0.9953	1.0000
