1.0000	0.9074	0.9171	0.9106	0.9047	0.9072	0.9168	0.9075	0.9285	0.9178
0.9074	1.0000	0.9158	0.9255	0.9041	0.9216	0.9250	0.9030	0.9176	0.9233
0.9171	0.9158	1.0000	0.9426	0.9500	0.9517	0.9523	0.9262	0.9423	0.9249
0.9106	0.9255	0.9426	1.0000	0.9308	0.9386	0.9496	0.9167	0.9434	0.9348
0.9047	0.9041	0.9500	0.9308	1.0000	0.9381	0.9341	0.9268	0.9263	0.9125
0.9072	0.9216	0.9517	0.9386	0.9381	1.0000	0.9443	0.9215	0.9329	0.9162
0.9168	0.9250	0.9523	0.9496	0.9341	0.9443	1.0000	0.9136	0.9431	0.9381
0.9075	0.9030	0.9262	0.9167	0.9268	0.9215	0.9136	1.0000	0.9181	0.8974
0.9285	0.9176	0.9423	0.9434	0.9263	0.9329	0.9431	0.9181	1.0000	0.9401
0.9178	0.9233	0.9249	0.9348	0.9125	0.9162	0.9381	0.8974	0.9401	1.0000
